2298
0
114.85
3.245033503
3.239943981
3.234874249
3.229810476
3.224762678
3.219715118
3.214676142
3.209647894
3.204632998
3.199626684
3.194631577
3.189643383
3.184659004
3.179690361
3.174733162
3.169783592
3.164842367
3.159914255
3.154989243
3.150081873
3.145184517
3.140289545
3.135408163
3.13054347
3.125683308
3.120829344
3.115991116
3.111158848
3.106339216
3.101531029
3.096736193
3.091943026
3.087167025
3.082393646
3.077640772
3.072895527
3.068156004
3.06342864
3.058717966
3.05401063
3.049320459
3.044636726
3.039967775
3.035304785
3.030655146
3.026013851
3.021385908
3.016769886
3.012166977
3.007570505
3.002990246
2.998420238
2.993858337
2.989311457
2.984777451
2.980256796
2.97573781
2.971242189
2.96675539
2.962280035
2.957815409
2.953366041
2.948931456
2.944503546
2.940092564
2.935697794
2.931311607
2.926934719
2.922580004
2.918237209
2.913903713
2.909586906
2.905281782
2.900989294
2.896716356
2.892449379
2.888207436
2.883978844
2.879752636
2.875559092
2.871367455
2.86719346
2.863034248
2.858892202
2.854765415
2.850657225
2.846564293
2.842479706
2.838421106
2.834375381
2.830342293
2.826329708
2.822333813
2.818350554
2.814390659
2.81044817
2.806517839
2.80260849
2.798709393
2.794835567
2.790978909
2.787141562
2.783317327
2.779512882
2.775729656
2.771962166
2.768213749
2.764490366
2.760778904
2.757086992
2.753416538
2.749764681
2.746131659
2.742517233
2.738928795
2.735356092
2.731798172
 2.7282691
2.72475934
2.721266508
2.71779418
2.714344025
2.710911512
2.707506895
2.704119444
2.700755358
2.697407961
2.694088936
2.690786839
2.687510967
2.684248924
2.681012869
2.677799463
2.674611807
2.67144227
2.668298721
2.665174484
2.662075043
2.658997059
2.655941725
2.652912617
2.649908304
2.646924734
2.643959522
2.641026974
2.638117075
2.635224342
2.632361174
2.629520655
2.626705408
2.623915911
2.621146679
2.618404388
2.615685463
2.61299324
2.610323668
2.607681751
2.605062008
2.602472782
2.599901438
2.597360134
2.594843864
2.59236002
2.589891911
2.587457895
2.585043907
2.582659245
2.580291986
2.577958584
2.575653791
2.573370695
2.571122169
2.568893909
2.566693544
2.564516783
2.562372446
2.560254097
2.558163166
2.556095839
2.554062843
2.552047014
2.550067902
2.548114538
2.546185732
2.544286251
2.542419434
2.540573359
2.53875947
2.536973476
2.535219669
2.533488512
2.531785488
2.530113459
2.528469324
2.52685523
2.525272131
2.523716211
2.522181511
2.520687103
2.519211531
2.517772436
2.516365767
2.514979601
2.513627768
2.512304544
2.511013746
2.509749413
2.508514881
2.507314682
2.506135941
 2.5049932
2.503876686
2.502792358
2.501744747
2.50071311
2.499723673
2.498759031
2.49782896
 2.4969244
2.496052265
2.495209455
2.494403124
2.493624926
2.492875099
2.492158175
2.491471767
2.490815401
2.490194321
2.489600182
2.48903513
2.488505602
2.488007069
2.487535715
2.487098694
2.48669076
2.486317396
2.48597312
2.485663176
2.485382318
2.485137701
2.484920263
2.484735966
2.484579086
2.484463453
2.48436904
2.484312773
2.484284878
2.484294891
2.484335661
2.484398603
2.484507084
2.48464179
2.484812498
2.485011101
2.485242367
2.485506773
2.485800266
2.486129284
2.48649025
2.486880541
2.487310171
2.487766266
2.488260746
2.488782644
2.489340067
2.489929676
2.490547657
2.491206408
2.491891861
2.492613554
2.49336338
2.494152546
2.494964361
2.495821238
2.496701241
2.497617722
2.498564482
2.499547482
2.500565529
2.501614332
2.502694368
2.503805637
2.504953623
2.506133318
2.507347345
2.508594275
2.509872913
2.511182785
2.512529373
2.513905764
2.515321255
2.516765833
2.518240929
2.519752741
2.521298647
2.522876024
2.52448082
2.526128769
2.527804136
2.529515028
2.531258821
2.533033371
2.534842491
2.536686897
2.538559914
2.540470839
2.542408943
2.544388294
2.546392441
2.548433065
2.550510645
2.552618265
2.554759264
2.55693078
2.559138298
2.561381102
2.563656092
2.565964699
2.568303823
2.570675135
2.573079348
2.575519323
2.577992439
2.580498219
2.583036661
2.585608482
2.588215113
2.590851784
2.593520164
2.596225977
2.598958969
2.601730585
2.604531765
2.607367992
2.610238075
2.613139153
2.616073608
2.61904192
2.622041941
2.625075579
2.628142834
2.631241322
2.634371281
2.637536049
2.640733242
2.643963814
2.647227287
2.650521994
2.653849363
2.65721035
2.660602093
2.66403079
2.667489767
2.670977354
2.674499989
2.678056479
2.681645155
2.68526721
2.688920021
2.692605495
2.696319342
2.700073481
2.703854799
2.707664967
2.711515903
2.715392828
2.719303846
2.723251343
2.72722435
2.731231451
2.735270739
2.739344358
2.743444681
2.747583151
2.751748562
2.75594759
2.76017642
2.764437675
2.768731117
2.773061514
2.777415752
2.781804323
2.786224365
2.790676355
2.795159101
2.799674749
2.804218769
2.808798313
2.813408136
2.818047762
2.822718143
2.827417612
2.832150936
2.836915493
2.841709852
2.846537113
2.851396084
2.856282949
2.861200571
2.866149664
2.871128559
2.876138926
2.881178856
2.886251211
2.891352654
2.896491289
2.901649475
2.906842709
2.912068367
2.917322397
2.922607899
2.927918673
2.933264732
2.938637018
2.944042206
2.949475288
2.954936504
2.960437536
2.965954065
2.971512318
2.97709012
2.982701063
2.988346815
2.994017124
2.999715328
3.005445719
3.011204958
3.016993523
3.022808313
3.028655767
3.034531355
3.040432453
3.046365738
3.052332401
3.058321238
3.064339638
3.070388079
3.076460123
3.082567215
3.088699818
3.094860792
3.101050615
3.107270002
3.11351347
3.119789124
3.126090765
3.132421255
3.138773203
3.145162106
3.151574612
3.158015966
3.164483786
3.170983076
3.177504778
3.184056759
3.190633059
3.197238445
3.20386982
3.210527658
3.217215061
3.223927975
3.230666399
3.237432718
3.244226694
3.251048088
3.257893324
3.264765501
3.271666765
3.278589964
3.285544634
3.292519093
3.299526215
3.306552887
3.313609123
3.320688486
3.327798367
3.334930658
3.342088223
3.349272013
3.35648036
3.36371851
3.370978832
3.378262281
3.385574579
3.392910242
3.400267124
3.407651424
3.415063143
3.422498941
3.429958105
3.437439203
3.444948196
3.452482462
3.460038424
3.467618227
3.475221872
3.482854605
3.490507603
3.49817729
3.505884171
3.513607502
3.521352768
3.529126883
3.536917448
3.544738531
3.552578926
3.560441494
3.568325043
3.576240778
3.584171295
3.592130423
3.600107431
3.608108282
3.616129398
3.624178648
3.63224268
3.640340328
3.648448944
3.656582355
3.664741993
3.672915697
3.681118727
 3.6893363
3.697584391
3.705848694
3.714140415
3.722442865
3.730772972
3.739121437
3.747491121
3.755875587
3.764297009
3.772731304
3.781184673
3.789658785
3.798156261
3.806667805
3.815201044
3.82375598
3.832331657
3.840931654
3.849548578
3.858182669
3.866835117
3.875514984
3.884204149
3.892920971
3.901654005
3.910401821
3.919173002
3.927965641
3.936778784
3.945600271
3.954448223
3.963317394
3.972196102
3.981099367
3.990022421
3.998959303
4.007917404
4.016889572
4.025880337
4.034887791
4.043919086
4.052971363
4.062026978
4.071107388
4.080208778
4.089319229
4.098454952
4.107597828
4.116767406
4.12594986
4.13515234
4.144363403
4.153595448
4.162840843
4.172109127
4.181394577
4.190677643
4.200004101
4.209326267
4.21867609
4.228036404
4.237401009
4.246800423
4.256208897
4.265630722
4.275065422
4.284524441
4.293989658
4.303464413
4.312957764
4.322471619
4.332005024
4.341536522
4.351094246
4.360658646
4.370240211
4.379841805
4.389449596
4.39907217
4.408713341
4.418365002
4.428028584
4.437703133
4.447396755
4.457099915
4.466813087
4.476547241
4.486287594
4.496045113
4.50580883
4.515594006
4.52538538
4.535186768
4.545014858
4.554836273
4.564678192
4.574528694
4.584394932
4.594275475
4.604156971
4.614058971
4.623967648
4.633890629
4.643830299
 4.6537714
4.663721085
4.67369318
4.683661461
4.693650246
4.703649998
4.713654518
4.723670006
4.733698368
4.743741512
4.753789425
4.76384306
4.773905754
4.783986092
4.794074059
4.804169178
4.814274788
4.824388027
4.834504604
 4.8446455
4.854783535
4.864931107
4.875088692
4.885254383
4.895427704
4.905607224
4.91580534
4.925998211
4.93621254
4.946424007
4.956644058
4.966867447
4.97711134
4.987355709
4.997609138
5.007867813
5.018134594
5.028406143
5.038687229
5.048974991
5.059266567
5.069560528
5.079879761
5.090184212
5.100500584
5.110828876
5.121160984
5.131494045
5.14183712
5.152187347
5.162534714
 5.1729002
5.183264732
5.193634987
5.20400238
5.214385033
5.224767208
5.235161304
5.245555401
5.255958557
5.266360283
5.276763439
5.287176132
5.29759264
5.308010578
5.318427563
5.32886076
5.339292526
5.34972477
5.360162735
5.370601654
5.381049633
5.391490459
5.401943207
5.412398338
5.422852516
5.433310509
5.443776608
5.454243183
5.464707851
5.47517252
5.485650539
5.496118546
5.506589413
5.517075539
5.527550697
5.538031101
5.548509598
5.558989525
5.569478989
5.579959869
5.590445042
5.600942135
5.611427307
5.621915817
5.632410049
5.642896175
5.653386116
5.663881779
5.674363136
5.684858799
5.695345879
5.705848694
5.716331959
5.726833344
5.737317085
5.747812748
5.758298397
5.768785477
5.779267788
5.789756775
5.800247192
5.810738087
5.821220398
5.831699848
5.842182636
5.852658272
5.863139629
5.873616695
5.884086132
5.894555569
5.905025005
5.915495872
5.925954819
5.93641901
5.946886063
5.95734024
5.967801571
5.978251457
5.988701344
5.999147892
6.009593487
6.020025253
6.030467033
6.040902615
6.051330566
6.061752319
6.072180271
6.082597256
6.093012333
6.103423595
6.113828659
6.124236107
6.134631634
6.145027637
6.155412674
6.165794849
6.176175117
6.186554432
6.196920872
6.207285404
6.217638016
6.228004456
6.238349438
6.248692036
6.259026051
6.269366741
6.279687881
6.290014744
6.300327778
6.310634613
6.320939541
6.331228256
6.341523647
6.351806164
6.362091064
6.372361183
6.382619858
6.392877579
6.403132915
6.41337204
6.423607826
6.433838844
6.444056034
6.454275131
6.464477539
6.47467947
6.484868526
6.495049953
6.505224705
6.51539278
6.52555275
6.535707474
6.545851707
6.555980682
6.566108704
6.576225281
6.586326122
6.596436977
6.606529236
6.616605282
6.626680851
6.636746407
6.646795273
6.656846523
6.66688633
6.676903725
6.686926365
6.696932793
6.706932068
6.716917992
6.726894855
6.736870289
6.746826172
6.756771564
6.766710281
6.776629448
6.786542892
6.796458721
6.806359291
6.816240788
6.826113224
6.835969925
6.845817566
6.855664253
6.865495682
6.875309944
6.885110378
6.894915104
6.904698849
6.914470196
6.924228668
6.933976173
6.94370985
6.953439713
6.96314764
6.972849846
6.982535362
6.992214203
7.00187254
7.011523247
7.021158695
7.030785084
7.040401936
7.049997807
7.05958128
7.069152832
7.078717709
7.088260651
7.097798824
7.107325077
7.116823196
7.126322269
7.135795116
7.145271301
7.154720306
7.164158344
7.17358017
7.182980061
7.192390442
7.201769352
7.211135387
7.220488071
7.229825974
7.239158154
7.248470783
7.257761478
7.267039299
7.276310444
7.285559177
7.294803619
7.304009914
7.313213825
7.322409153
7.331595421
7.340753078
7.349888325
7.359018803
7.368130207
7.377230167
7.386314392
7.395379543
7.404426098
7.413465023
7.422483444
7.431490421
7.440467834
7.449442387
7.458393574
7.467333794
7.476246357
7.48514843
7.494044781
7.502906799
7.511757851
7.520590305
7.529419422
7.538220406
7.547007561
7.555767536
7.564527035
7.573257446
7.581974506
7.590662003
7.599354267
7.608016968
7.616662979
7.62528801
7.633900166
7.642484665
7.651070595
7.659625053
7.668169498
7.676690578
7.685194016
7.693667889
7.702134609
7.710580349
7.719022751
7.727423668
7.735817432
7.744203568
7.752560139
7.760884762
7.769190311
7.777507782
7.785779953
7.794034481
7.802271366
7.810498238
7.818701267
7.826879025
7.835062027
7.843191624
7.851317883
7.859427929
7.867496967
7.875573635
7.883615017
7.891637325
7.899638653
7.907627106
7.915599823
7.923549175
7.931475639
7.939380646
7.947274208
7.955135822
7.962973118
7.970795631
7.978604794
7.986391068
7.994154453
8.001900673
8.00962925
8.017333984
8.02499485
8.032659531
8.040293694
8.047909737
8.05551815
8.063088417
8.070650101
8.07818222
8.085692406
8.093183517
8.10064888
8.10809803
8.115526199
8.122941017
8.130326271
8.137678146
8.145011902
8.152330399
8.159632683
8.16690731
8.174160004
8.181388855
8.188606262
8.195785522
8.202965736
8.210101128
8.217224121
8.224316597
8.23139286
8.238441467
8.245483398
8.252488136
8.259479523
8.26642704
8.273381233
8.280306816
8.287202835
8.29407692
8.300927162
 8.3077631
8.314563751
8.321343422
8.328098297
8.334832191
8.341551781
8.348255157
8.354903221
8.361563683
8.368196487
8.374780655
8.381362915
8.387903214
8.394440651
8.400946617
8.407418251
8.413889885
8.42031765
8.426728249
8.433121681
8.439472198
8.445816994
8.452142715
8.458426476
8.464707375
8.47095108
8.477174759
8.483366013
8.489542961
8.495699883
8.501819611
8.507911682
8.513993263
8.520035744
8.526077271
8.532085419
8.538063049
8.544029236
8.549966812
8.555869102
8.561742783
8.567603111
8.573441505
8.579257965
8.585042953
8.590802193
8.596536636
8.602253914
8.607936859
8.61359787
8.619238853
8.624850273
8.630443573
8.636006355
8.641564369
8.647088051
8.652553558
8.65803051
8.663459778
8.668886185
8.674263954
8.679638863
8.684977531
8.690286636
8.695579529
8.700845718
8.706089973
8.711297989
8.716491699
8.72165966
8.726808548
8.731903076
8.736995697
8.742066383
8.747117996
8.752119064
8.757127762
8.762079239
8.767004013
8.771921158
8.776802063
8.781658173
8.786506653
8.791311264
8.796096802
8.800851822
8.805588722
8.810293198
8.814964294
8.819629669
8.824248314
8.828860283
8.833443642
8.837992668
8.842534065
8.847027779
8.85149765
8.855955124
8.860386848
8.864778519
8.869143486
8.873496056
 8.8778162
8.882115364
8.886387825
8.890619278
8.894831657
8.899031639
8.903189659
8.90734005
8.911462784
8.915539742
8.919592857
8.923635483
8.927657127
8.931627274
8.935584068
8.939517021
8.943417549
8.947292328
8.951159477
8.954981804
8.958774567
8.962560654
8.966314316
8.970027924
8.973729134
8.97739315
8.981038094
8.98464489
8.988239288
8.991808891
8.995331764
8.998862267
9.00234127
9.005819321
9.009237289
9.012635231
9.016021729
9.019378662
9.022706032
9.026005745
9.029269218
9.032534599
9.035754204
9.038960457
9.042121887
9.045277596
9.048389435
9.051491737
9.054540634
9.057575226
9.060593605
9.063573837
9.066538811
9.069480896
9.072382927
9.075269699
9.078105927
9.080953598
9.083729744
9.086519241
9.08926487
9.091985703
9.09467411
9.097353935
9.099996567
9.102612495
9.105202675
9.107757568
9.110307693
9.112801552
9.115306854
9.117756844
9.120187759
9.122601509
9.124988556
9.127327919
9.129641533
9.131961823
9.134230614
9.136486053
9.138713837
9.140893936
9.143058777
9.145217896
9.147332191
9.149415016
9.151480675
9.153517723
9.155535698
9.157524109
9.159478188
9.161405563
9.163316727
9.165176392
9.167048454
9.168869019
9.170670509
9.17244339
9.174193382
9.175915718
9.177618027
9.17927742
9.180941582
9.182559013
9.184149742
9.185710907
9.187235832
9.188754082
9.190247536
9.191712379
9.193140984
9.194555283
9.195940971
9.197294235
9.198623657
9.199923515
9.20119381
9.202444077
9.203681946
9.204890251
9.20605278
9.207191467
9.208320618
9.209428787
 9.2105093
9.211544037
9.212566376
9.213544846
9.214513779
9.215461731
9.21638298
9.217273712
9.218143463
9.218972206
9.219796181
9.220570564
9.221341133
9.222094536
9.222793579
9.223477364
9.224123001
9.224762917
 9.2253685
9.225955963
9.226506233
9.227041245
9.22755146
9.228031158
9.228480339
9.228918076
9.229319572
9.229697227
9.230042458
9.230381966
9.230669975
 9.2309618
9.231198311
 9.2314291
9.231614113
9.231818199
9.231944084
9.232093811
9.232191086
9.232255936
9.232316971
9.232325554
9.232344627
9.232297897
9.232257843
9.232169151
9.232068062
9.23195076
9.231803894
9.231620789
9.231413841
9.231204033
9.230952263
9.230678558
9.23037529
9.230051994
9.229704857
9.229326248
9.228933334
9.228508949
9.228052139
9.227584839
9.227086067
9.226573944
9.226008415
9.225434303
9.224847794
9.224222183
9.223576546
9.222911835
9.222214699
9.221505165
9.220755577
9.219994545
9.21920681
9.218379021
9.217553139
9.216687202
9.215805054
9.214897156
9.213956833
9.212995529
9.211997986
9.210990906
9.209967613
9.208914757
9.207827568
9.206728935
9.205596924
9.204463005
9.203268051
9.202077866
9.200871468
9.199615479
9.198334694
9.197060585
9.195727348
9.194386482
9.193035126
9.191634178
9.190217018
9.188788414
9.187336922
9.185852051
9.184339523
9.182825089
9.181265831
9.179698944
9.178098679
9.176486015
9.174829483
9.17317009
9.171486855
9.169771194
9.168030739
9.166262627
9.164480209
9.162684441
9.160852432
9.159013748
9.157144547
9.155239105
9.153305054
9.151374817
9.149411201
9.147418022
9.145406723
9.143377304
9.141331673
9.139255524
9.137158394
9.135024071
9.132881165
9.130718231
9.128534317
 9.1263237
9.124085426
9.121835709
9.119547844
9.117265701
9.11493969
9.112588882
9.110219002
9.107847214
9.10542202
9.102998734
9.100534439
9.098085403
9.095568657
9.093071938
9.090526581
9.08796978
9.085368156
9.082769394
9.080142975
9.077495575
9.074831963
9.072132111
9.069432259
9.066689491
9.063929558
9.061166763
9.058362961
9.055548668
9.052700996
9.049861908
9.046969414
9.044061661
9.041146278
9.038197517
9.035227776
9.032243729
9.029251099
9.026201248
9.023153305
9.020093918
9.017007828
9.013892174
9.010761261
9.007611275
9.004443169
9.001250267
8.998036385
8.994808197
8.99156189
8.988293648
  8.984972
8.981659889
8.978342056
8.97497654
8.971609116
8.96821785
8.964809418
8.96135807
8.957914352
8.954451561
8.950947762
8.947439194
8.943902969
8.940355301
8.936778069
8.933190346
8.929576874
8.925937653
8.922293663
8.918633461
8.914941788
8.911232948
8.907501221
8.903754234
8.899989128
8.896208763
8.892391205
8.88858223
8.884737015
8.880871773
8.877010345
8.873110771
8.869181633
8.865244865
8.861286163
8.857309341
8.853322029
8.849308014
8.845280647
8.841230392
8.837175369
8.833089828
 8.8289814
8.824853897
8.820719719
8.816543579
8.812364578
8.808172226
8.803961754
8.799717903
8.795469284
8.791213036
8.786928177
8.782621384
8.778315544
8.773970604
8.76960659
8.765237808
8.760859489
8.756437302
8.752008438
8.747552872
8.743103981
8.738621712
8.734132767
8.72961235
8.725089073
8.720523834
8.71596241
8.711380005
8.706771851
8.702167511
8.697525024
8.692876816
8.688199043
8.683512688
8.678816795
8.674089432
8.669342995
8.664604187
8.659832001
8.655052185
8.650255203
8.645415306
8.640597343
8.635730743
8.630859375
8.625982285
8.621081352
8.616150856
8.611219406
8.606266022
8.601307869
8.596315384
8.591321945
8.58630085
8.581285477
8.576230049
8.571170807
8.566087723
8.560997009
8.555875778
8.55076313
8.545619965
8.540448189
8.535277367
8.530094147
8.524886131
8.519657135
8.514448166
8.509186745
8.503918648
8.498632431
 8.4933424
8.48803997
8.482700348
8.477369308
8.471996307
8.466629982
8.461261749
8.455862999
8.45044136
8.444998741
8.439549446
8.434085846
8.428608894
8.423119545
8.417620659
8.412096977
8.406558037
8.401003838
8.39544487
8.389867783
8.384281158
8.378677368
8.373054504
8.367411613
8.361762047
8.356100082
8.35044384
8.344752312
8.339035988
8.333311081
8.327559471
8.321820259
8.316065788
8.310292244
8.304513931
8.29871273
8.292884827
8.287060738
8.28121376
8.275355339
8.269495964
8.263596535
8.257702827
8.251799583
8.245875359
8.239933014
8.233999252
8.22803688
8.222055435
8.216058731
8.210058212
 8.2040205
8.198009491
8.191965103
8.185902596
8.179846764
8.173761368
8.167668343
8.161556244
8.155431747
8.14930439
8.143165588
8.137012482
8.130831718
8.124648094
8.118466377
8.11225605
8.106041908
8.099808693
8.093564987
8.087301254
8.081036568
8.074741364
8.06845665
8.062157631
8.055844307
8.049517632
8.043168068
8.036824226
8.030452728
8.024085999
8.017699242
8.011269569
8.004868507
7.998447895
7.992009163
7.985568523
7.979111195
7.972650528
7.966171265
7.959670067
7.953166485
7.94663763
7.940123081
7.933579922
7.927023888
 7.9204669
7.913889885
7.90731144
7.900736332
7.894117355
7.887491226
7.880875587
7.874220848
7.86758709
7.860920906
7.854245663
7.847572803
7.840883255
7.834180832
7.827462673
7.820746899
7.813989162
7.807247639
7.800484657
7.793716908
7.78693676
7.780150414
7.773351669
7.766541958
7.759728909
7.75290823
7.746042728
7.739203453
7.73234129
7.725477219
7.718581676
7.711692333
7.704796791
7.697880745
 7.6909585
7.684033871
7.677079201
7.670137882
7.663166523
7.65620327
7.649221897
7.642235756
7.635235786
7.628221035
7.621201515
7.61416769
7.607120037
7.600085258
7.593025208
7.585953712
7.578881264
7.571804047
7.564702988
7.557594299
7.550484657
7.543355465
7.53621769
7.529078484
7.521926403
7.514772415
7.507594109
7.500421524
7.493235588
7.486047745
7.47882843
7.471605778
7.464386463
7.457159519
7.449923515
7.442664146
7.435391426
7.428133011
7.420854092
7.413566113
7.406291008
7.398972988
7.391655922
7.384334087
7.376993179
 7.3696661
7.362308025
7.354971409
7.347606182
7.34023571
7.33285141
7.325463772
7.318060398
7.310666561
7.303251266
7.295831203
7.288400173
7.280973911
7.273519993
7.26606369
7.258609772
7.251122952
7.243650913
  7.236166
7.228669643
7.221172333
7.213668346
7.206139565
7.198618889
7.191089153
7.183531761
7.17599535
7.168426037
7.160876751
7.153297424
7.145720482
7.138144016
7.13054657
7.122937679
7.115324974
7.107707024
7.10008812
7.09245348
7.084808826
7.077157974
7.069513798
7.061853409
7.05418396
7.046512127
7.038825035
7.03112936
7.023443699
7.015719891
7.00801897
7.000290394
 6.9925704
6.984839916
6.977098942
6.969353676
6.961605072
6.953843117
6.946074009
6.938299179
6.93051815
 6.9227314
6.914940357
6.907137394
6.899322033
6.891512394
6.883697033
6.875864029
6.86803484
6.860185623
6.85235548
6.844490051
6.836635113
6.828773499
6.820901871
6.813018799
6.805130959
6.797245502
6.789349079
6.781450748
6.773534775
6.765616417
6.757697582
6.74977541
6.741834164
6.733897686
6.725956917
6.71800375
6.710042477
6.702079773
6.694114208
6.686139107
6.678164005
6.670166016
6.662179947
6.654187202
6.646185875
6.638174057
6.630166054
6.622143269
6.614122868
6.606097221
6.598063469
6.590023518
6.581974506
6.573925495
6.565874577
6.557816505
6.549748898
6.541673183
6.533596516
6.525516033
6.517429829
6.509349823
6.501255512
6.493150234
6.485044003
6.476937771
 6.4688344
6.460713387
6.452588081
6.444455624
6.436323643
6.428194523
6.420055866
6.411914825
6.403757572
6.395612717
6.387454987
6.379291534
6.371132851
 6.3629632
6.35478735
6.346615791
6.338432312
6.330246449
6.322068214
6.313865185
6.305682659
6.297483444
6.289284229
6.281084538
6.272867203
6.264646053
6.256439686
6.24822855
6.240000248
6.231777668
6.223568439
6.215337753
6.207096577
6.198861122
6.190620899
6.182393074
6.174146652
6.165900707
6.157655716
6.149408817
6.141160011
6.132898808
6.124640465
6.116391659
6.108127117
6.099858761
6.091598034
 6.0833354
6.075070858
6.066802502
6.058532715
6.050269127
6.041987896
6.033714771
6.025441647
6.017170429
6.00888586
6.000608921
5.992338181
5.984045029
5.975771904
5.967489243
5.959220886
5.950933456
5.942649841
5.934375286
5.926085949
5.91780138
5.909525871
5.901239395
5.892964363
5.884676933
5.876400471
5.868118286
5.859844208
5.851563931
5.843288898
5.835001945
5.826732159
5.818459034
5.810174465
5.801903725
5.793643475
5.785368919
5.777098179
5.768838882
5.760582924
5.752321243
5.744054317
5.735805511
5.727543831
5.719293594
5.711046219
5.702795029
5.694549561
5.686311722
5.678072929
5.669837475
5.66160059
5.653375149
5.645142555
5.636919975
5.628702641
5.620493889
5.612273216
5.604067802
5.595869064
5.587667465
5.579470634
5.571286201
5.563096046
5.554915905
5.546744347
5.538565636
5.530393124
5.522243023
5.514087677
5.505935669
5.497786045
5.489645958
5.481516361
5.473386288
5.465263367
5.457150459
5.449038506
5.440929413
5.432833195
5.424738407
5.416663647
5.408568382
5.400506973
5.39244175
5.384376526
5.376327038
5.368293762
5.360251904
5.352219582
5.344197273
5.336186886
5.328181744
5.320188522
5.312189102
5.304209709
5.296239376
5.288267612
5.280307293
5.272359848
5.264409542
5.256483555
5.248557091
5.240646839
5.232738018
5.224832535
5.216944218
5.209071159
5.201200008
5.193337917
5.185484409
5.177642345
5.169807911
5.161978722
5.154166222
5.146365166
5.138564587
5.130779266
5.122998714
5.115231514
5.107483387
5.099729061
5.091994286
5.084268093
5.076547623
5.068841934
5.061150551
5.053464413
5.045782089
5.038119793
5.030464649
5.022840023
5.015194893
5.007568359
4.999960423
4.992357254
4.984762669
4.97718668
4.969613075
4.962052345
4.954509735
4.946969986
4.939452171
4.931931973
4.924431801
4.916936874
4.90945816
4.901991844
4.894532204
4.887087345
4.879648685
4.872224808
4.864814281
4.857411385
4.850024223
4.842646122
4.835276127
4.827929497
4.820586205
4.813248158
4.805939674
4.79862833
4.791336536
4.784060478
4.776779175
4.769533157
4.762292385
4.755058765
4.747838497
4.740628719
4.733436584
4.726257324
4.719098091
4.711937904
4.704789162
4.697659492
4.690538406
4.683441162
4.676352978
4.669282436
4.662220955
4.655171871
4.648133278
4.641112804
4.634106159
4.627117634
4.62013483
4.61317873
4.606223583
4.599286079
4.592370033
4.585468292
4.578573704
4.571700096
4.564834595
4.557991982
4.551151276
4.544340134
4.537527084
4.530744553
4.523970127
4.517218113
4.510477543
4.503742695
4.497038841
4.490338802
4.48365593
4.476988792
4.470337868
4.463706017
4.457086086
4.450486183
4.443893433
4.43732357
4.430765629
4.424227238
4.41769743
4.411178112
4.404686451
4.398211002
4.391738892
4.385290623
4.37884903
4.372436523
4.366028309
4.359639168
4.353260994
4.346897602
4.340555668
4.334220409
 4.3279109
4.321608067
4.315319538
4.309037209
4.302782059
4.296541214
4.290299416
4.284085751
4.277879238
4.27168417
4.265500546
4.259340286
4.253185272
4.247047424
4.240914822
4.234802246
4.228699684
4.222607613
4.21653223
4.210458755
4.204404831
4.198361397
4.192331791
4.186306477
4.18029356
4.174294949
4.168303967
4.162322521
4.156356812
4.150396347
4.144436359
4.138501644
4.132574558
4.126642704
4.12072897
4.114830017
4.108923435
4.103038788
4.097162724
4.091285229
4.085409164
4.079563141
4.073713779
4.067863941
4.062029362
4.056201935
4.050376415
4.044554234
4.03874588
4.032942295
4.027143478
4.021357059
4.015566826
4.009784698
4.00400877
3.998235941
3.992460728
3.986711979
3.980946064
3.97519207
3.96944356
3.963698864
3.957967758
3.952223301
3.946497679
3.94076848
3.935041189
3.929328442
3.923614025
3.917902946
3.912186384
3.906488895
3.900780201
3.895086765
3.889392138
3.883701086
3.878011227
3.872324944
3.866645336
3.860963106
3.855291128
3.849620342
3.843941689
3.838270903
3.832613468
3.826942444
3.821288109
3.815624714
3.809978247
3.804320335
3.79868269
3.793029547
3.787391901
3.781753063
3.776108503
3.770478487
3.764844418
3.759221792
3.753586769
3.747966051
3.742352009
3.736735344
3.731116295
3.725508213
3.719898224
3.714293957
3.70868659
3.703092337
3.697492599
3.691904306
3.686308384
3.680726528
3.675140858
3.669561625
3.663989305
3.658412218
3.652848959
3.647274494
3.641714096
3.636159182
3.630603552
3.625055313
3.619506836
3.613965034
3.608429909
3.602891684
3.597362995
3.591836452
3.586308956
3.580790043
3.575278997
3.569770336
3.56426239
3.558758974
3.553264618
3.547767401
3.542285681
3.536801815
3.531316996
3.525837421
3.520367861
3.514906883
3.509446859
3.503988504
3.498539448
3.493092775
3.487659454
3.482223511
3.476789474
3.471369028
3.465957403
3.460547924
3.455140114
3.449747324
3.444356918
3.438968897
3.433592796
3.42821908
3.422859907
3.417500019
3.412151814
3.40680337
3.401471615
3.396137714
3.390819788
3.385507107
3.380198717
3.374898195
3.36960268
3.364320517
3.359047413
3.353775501
3.348517895
3.343264818
3.338016987
3.332778215
3.327548504
3.322322607
 3.3171103
3.311909914
3.306711435
3.301522017
3.296344042
3.291167498
3.286010742
3.280853987
3.27571106
3.270571232
3.265449524
3.260332346
3.255221128
3.250118494
3.245029211
