0 3.24503 
0.05 3.23994 
0.1 3.23487 
0.15 3.22981 
0.2 3.22476 
0.25 3.21972 
0.3 3.21468 
0.35 3.20965 
0.4 3.20463 
0.45 3.19963 
0.5 3.19463 
0.55 3.18964 
0.6 3.18466 
0.65 3.17969 
0.7 3.17473 
0.75 3.16978 
0.8 3.16484 
0.85 3.15991 
0.9 3.15499 
0.95 3.15008 
1 3.14518 
1.05 3.14029 
1.1 3.13541 
1.15 3.13054 
1.2 3.12568 
1.25 3.12083 
1.3 3.11599 
1.35 3.11116 
1.4 3.10634 
1.45 3.10153 
1.5 3.09674 
1.55 3.09194 
1.6 3.08717 
1.65 3.08239 
1.7 3.07764 
1.75 3.0729 
1.8 3.06816 
1.85 3.06343 
1.9 3.05872 
1.95 3.05401 
2 3.04932 
2.05 3.04464 
2.1 3.03997 
2.15 3.0353 
2.2 3.03066 
2.25 3.02601 
2.3 3.02139 
2.35 3.01677 
2.4 3.01217 
2.45 3.00757 
2.5 3.00299 
2.55 2.99842 
2.6 2.99386 
2.65 2.98931 
2.7 2.98478 
2.75 2.98026 
2.8 2.97574 
2.85 2.97124 
2.9 2.96676 
2.95 2.96228 
3 2.95782 
3.05 2.95337 
3.1 2.94893 
3.15 2.9445 
3.2 2.94009 
3.25 2.9357 
3.3 2.93131 
3.35 2.92693 
3.4 2.92258 
3.45 2.91824 
3.5 2.9139 
3.55 2.90959 
3.6 2.90528 
3.65 2.90099 
3.7 2.89672 
3.75 2.89245 
3.8 2.88821 
3.85 2.88398 
3.9 2.87975 
3.95 2.87556 
4 2.87137 
4.05 2.86719 
4.1 2.86303 
4.15 2.85889 
4.2 2.85477 
4.25 2.85066 
4.3 2.84656 
4.35 2.84248 
4.4 2.83842 
4.45 2.83438 
4.5 2.83034 
4.55 2.82633 
4.6 2.82233 
4.65 2.81835 
4.7 2.81439 
4.75 2.81045 
4.8 2.80652 
4.85 2.80261 
4.9 2.79871 
4.95 2.79484 
5 2.79098 
5.05 2.78714 
5.1 2.78332 
5.15 2.77951 
5.2 2.77573 
5.25 2.77196 
5.3 2.76821 
5.35 2.76449 
5.4 2.76078 
5.45 2.75709 
5.5 2.75342 
5.55 2.74976 
5.6 2.74613 
5.65 2.74252 
5.7 2.73893 
5.75 2.73536 
5.8 2.7318 
5.85 2.72827 
5.9 2.72476 
5.95 2.72127 
6 2.71779 
6.05 2.71434 
6.1 2.71091 
6.15 2.70751 
6.2 2.70412 
6.25 2.70076 
6.3 2.69741 
6.35 2.69409 
6.4 2.69079 
6.45 2.68751 
6.5 2.68425 
6.55 2.68101 
6.6 2.6778 
6.65 2.67461 
6.7 2.67144 
6.75 2.6683 
6.8 2.66517 
6.85 2.66208 
6.9 2.659 
6.95 2.65594 
7 2.65291 
7.05 2.64991 
7.1 2.64692 
7.15 2.64396 
7.2 2.64103 
7.25 2.63812 
7.3 2.63522 
7.35 2.63236 
7.4 2.62952 
7.45 2.62671 
7.5 2.62392 
7.55 2.62115 
7.6 2.6184 
7.65 2.61569 
7.7 2.61299 
7.75 2.61032 
7.8 2.60768 
7.85 2.60506 
7.9 2.60247 
7.95 2.5999 
8 2.59736 
8.05 2.59484 
8.1 2.59236 
8.15 2.58989 
8.2 2.58746 
8.25 2.58504 
8.3 2.58266 
8.35 2.58029 
8.4 2.57796 
8.45 2.57565 
8.5 2.57337 
8.55 2.57112 
8.6 2.56889 
8.65 2.56669 
8.7 2.56452 
8.75 2.56237 
8.8 2.56025 
8.85 2.55816 
8.9 2.5561 
8.95 2.55406 
9 2.55205 
9.05 2.55007 
9.1 2.54811 
9.15 2.54619 
9.2 2.54429 
9.25 2.54242 
9.3 2.54057 
9.35 2.53876 
9.4 2.53697 
9.45 2.53522 
9.5 2.53349 
9.55 2.53179 
9.6 2.53011 
9.65 2.52847 
9.7 2.52686 
9.75 2.52527 
9.8 2.52372 
9.85 2.52218 
9.9 2.52069 
9.95 2.51921 
10 2.51777 
10.05 2.51637 
10.1 2.51498 
10.15 2.51363 
10.2 2.5123 
10.25 2.51101 
10.3 2.50975 
10.35 2.50851 
10.4 2.50731 
10.45 2.50614 
10.5 2.50499 
10.55 2.50388 
10.6 2.50279 
10.65 2.50174 
10.7 2.50071 
10.75 2.49972 
10.8 2.49876 
10.85 2.49783 
10.9 2.49692 
10.95 2.49605 
11 2.49521 
11.05 2.4944 
11.1 2.49362 
11.15 2.49288 
11.2 2.49216 
11.25 2.49147 
11.3 2.49082 
11.35 2.49019 
11.4 2.4896 
11.45 2.48904 
11.5 2.48851 
11.55 2.48801 
11.6 2.48754 
11.65 2.4871 
11.7 2.48669 
11.75 2.48632 
11.8 2.48597 
11.85 2.48566 
11.9 2.48538 
11.95 2.48514 
12 2.48492 
12.05 2.48474 
12.1 2.48458 
12.15 2.48446 
12.2 2.48437 
12.25 2.48431 
12.3 2.48428 
12.35 2.48429 
12.4 2.48434 
12.45 2.4844 
12.5 2.48451 
12.55 2.48464 
12.6 2.48481 
12.65 2.48501 
12.7 2.48524 
12.75 2.48551 
12.8 2.4858 
12.85 2.48613 
12.9 2.48649 
12.95 2.48688 
13 2.48731 
13.05 2.48777 
13.1 2.48826 
13.15 2.48878 
13.2 2.48934 
13.25 2.48993 
13.3 2.49055 
13.35 2.49121 
13.4 2.49189 
13.45 2.49261 
13.5 2.49336 
13.55 2.49415 
13.6 2.49496 
13.65 2.49582 
13.7 2.4967 
13.75 2.49762 
13.8 2.49856 
13.85 2.49955 
13.9 2.50057 
13.95 2.50161 
14 2.50269 
14.05 2.50381 
14.1 2.50495 
14.15 2.50613 
14.2 2.50735 
14.25 2.50859 
14.3 2.50987 
14.35 2.51118 
14.4 2.51253 
14.45 2.51391 
14.5 2.51532 
14.55 2.51677 
14.6 2.51824 
14.65 2.51975 
14.7 2.5213 
14.75 2.52288 
14.8 2.52448 
14.85 2.52613 
14.9 2.5278 
14.95 2.52952 
15 2.53126 
15.05 2.53303 
15.1 2.53484 
15.15 2.53669 
15.2 2.53856 
15.25 2.54047 
15.3 2.54241 
15.35 2.54439 
15.4 2.54639 
15.45 2.54843 
15.5 2.55051 
15.55 2.55262 
15.6 2.55476 
15.65 2.55693 
15.7 2.55914 
15.75 2.56138 
15.8 2.56366 
15.85 2.56596 
15.9 2.5683 
15.95 2.57068 
16 2.57308 
16.05 2.57552 
16.1 2.57799 
16.15 2.5805 
16.2 2.58304 
16.25 2.58561 
16.3 2.58822 
16.35 2.59085 
16.4 2.59352 
16.45 2.59623 
16.5 2.59896 
16.55 2.60173 
16.6 2.60453 
16.65 2.60737 
16.7 2.61024 
16.75 2.61314 
16.8 2.61607 
16.85 2.61904 
16.9 2.62204 
16.95 2.62508 
17 2.62814 
17.05 2.63124 
17.1 2.63437 
17.15 2.63754 
17.2 2.64073 
17.25 2.64396 
17.3 2.64723 
17.35 2.65052 
17.4 2.65385 
17.45 2.65721 
17.5 2.6606 
17.55 2.66403 
17.6 2.66749 
17.65 2.67098 
17.7 2.6745 
17.75 2.67806 
17.8 2.68165 
17.85 2.68527 
17.9 2.68892 
17.95 2.69261 
18 2.69632 
18.05 2.70007 
18.1 2.70385 
18.15 2.70766 
18.2 2.71152 
18.25 2.71539 
18.3 2.7193 
18.35 2.72325 
18.4 2.72722 
18.45 2.73123 
18.5 2.73527 
18.55 2.73934 
18.6 2.74344 
18.65 2.74758 
18.7 2.75175 
18.75 2.75595 
18.8 2.76018 
18.85 2.76444 
18.9 2.76873 
18.95 2.77306 
19 2.77742 
19.05 2.7818 
19.1 2.78622 
19.15 2.79068 
19.2 2.79516 
19.25 2.79967 
19.3 2.80422 
19.35 2.8088 
19.4 2.81341 
19.45 2.81805 
19.5 2.82272 
19.55 2.82742 
19.6 2.83215 
19.65 2.83692 
19.7 2.84171 
19.75 2.84654 
19.8 2.8514 
19.85 2.85628 
19.9 2.8612 
19.95 2.86615 
20 2.87113 
20.05 2.87614 
20.1 2.88118 
20.15 2.88625 
20.2 2.89135 
20.25 2.89649 
20.3 2.90165 
20.35 2.90684 
20.4 2.91207 
20.45 2.91732 
20.5 2.92261 
20.55 2.92792 
20.6 2.93326 
20.65 2.93864 
20.7 2.94404 
20.75 2.94948 
20.8 2.95494 
20.85 2.96044 
20.9 2.96595 
20.95 2.97151 
21 2.97709 
21.05 2.9827 
21.1 2.98835 
21.15 2.99402 
21.2 2.99972 
21.25 3.00545 
21.3 3.0112 
21.35 3.01699 
21.4 3.02281 
21.45 3.02866 
21.5 3.03453 
21.55 3.04043 
21.6 3.04637 
21.65 3.05233 
21.7 3.05832 
21.75 3.06434 
21.8 3.07039 
21.85 3.07646 
21.9 3.08257 
21.95 3.0887 
22 3.09486 
22.05 3.10105 
22.1 3.10727 
22.15 3.11351 
22.2 3.11979 
22.25 3.12609 
22.3 3.13242 
22.35 3.13877 
22.4 3.14516 
22.45 3.15157 
22.5 3.15802 
22.55 3.16448 
22.6 3.17098 
22.65 3.1775 
22.7 3.18406 
22.75 3.19063 
22.8 3.19724 
22.85 3.20387 
22.9 3.21053 
22.95 3.21722 
23 3.22393 
23.05 3.23067 
23.1 3.23743 
23.15 3.24423 
23.2 3.25105 
23.25 3.25789 
23.3 3.26477 
23.35 3.27167 
23.4 3.27859 
23.45 3.28554 
23.5 3.29252 
23.55 3.29953 
23.6 3.30655 
23.65 3.31361 
23.7 3.32069 
23.75 3.3278 
23.8 3.33493 
23.85 3.34209 
23.9 3.34927 
23.95 3.35648 
24 3.36372 
24.05 3.37098 
24.1 3.37826 
24.15 3.38557 
24.2 3.39291 
24.25 3.40027 
24.3 3.40765 
24.35 3.41506 
24.4 3.4225 
24.45 3.42996 
24.5 3.43744 
24.55 3.44495 
24.6 3.45248 
24.65 3.46004 
24.7 3.46762 
24.75 3.47522 
24.8 3.48285 
24.85 3.49051 
24.9 3.49818 
24.95 3.50588 
25 3.51361 
25.05 3.52135 
25.1 3.52913 
25.15 3.53692 
25.2 3.54474 
25.25 3.55258 
25.3 3.56044 
25.35 3.56833 
25.4 3.57624 
25.45 3.58417 
25.5 3.59213 
25.55 3.60011 
25.6 3.60811 
25.65 3.61613 
25.7 3.62418 
25.75 3.63224 
25.8 3.64034 
25.85 3.64845 
25.9 3.65658 
25.95 3.66474 
26 3.67292 
26.05 3.68112 
26.1 3.68934 
26.15 3.69758 
26.2 3.70585 
26.25 3.71414 
26.3 3.72244 
26.35 3.73077 
26.4 3.73912 
26.45 3.74749 
26.5 3.75588 
26.55 3.7643 
26.6 3.77273 
26.65 3.78118 
26.7 3.78966 
26.75 3.79816 
26.8 3.80667 
26.85 3.8152 
26.9 3.82376 
26.95 3.83233 
27 3.84093 
27.05 3.84955 
27.1 3.85818 
27.15 3.86684 
27.2 3.87551 
27.25 3.8842 
27.3 3.89292 
27.35 3.90165 
27.4 3.9104 
27.45 3.91917 
27.5 3.92797 
27.55 3.93678 
27.6 3.9456 
27.65 3.95445 
27.7 3.96332 
27.75 3.9722 
27.8 3.9811 
27.85 3.99002 
27.9 3.99896 
27.95 4.00792 
28 4.01689 
28.05 4.02588 
28.1 4.03489 
28.15 4.04392 
28.2 4.05297 
28.25 4.06203 
28.3 4.07111 
28.35 4.08021 
28.4 4.08932 
28.45 4.09845 
28.5 4.1076 
28.55 4.11677 
28.6 4.12595 
28.65 4.13515 
28.7 4.14436 
28.75 4.1536 
28.8 4.16284 
28.85 4.17211 
28.9 4.18139 
28.95 4.19068 
29 4.2 
29.05 4.20933 
29.1 4.21868 
29.15 4.22804 
29.2 4.2374 
29.25 4.2468 
29.3 4.25621 
29.35 4.26563 
29.4 4.27507 
29.45 4.28452 
29.5 4.29399 
29.55 4.30346 
29.6 4.31296 
29.65 4.32247 
29.7 4.33201 
29.75 4.34154 
29.8 4.35109 
29.85 4.36066 
29.9 4.37024 
29.95 4.37984 
30 4.38945 
30.05 4.39907 
30.1 4.40871 
30.15 4.41837 
30.2 4.42803 
30.25 4.4377 
30.3 4.4474 
30.35 4.4571 
30.4 4.46681 
30.45 4.47655 
30.5 4.48629 
30.55 4.49605 
30.6 4.50581 
30.65 4.51559 
30.7 4.52539 
30.75 4.53519 
30.8 4.54501 
30.85 4.55484 
30.9 4.56468 
30.95 4.57453 
31 4.58439 
31.05 4.59428 
31.1 4.60416 
31.15 4.61406 
31.2 4.62397 
31.25 4.63389 
31.3 4.64383 
31.35 4.65377 
31.4 4.66372 
31.45 4.67369 
31.5 4.68366 
31.55 4.69365 
31.6 4.70365 
31.65 4.71365 
31.7 4.72367 
31.75 4.7337 
31.8 4.74374 
31.85 4.75379 
31.9 4.76384 
31.95 4.77391 
32 4.78399 
32.05 4.79407 
32.1 4.80417 
32.15 4.81427 
32.2 4.82439 
32.25 4.8345 
32.3 4.84465 
32.35 4.85478 
32.4 4.86493 
32.45 4.87509 
32.5 4.88525 
32.55 4.89543 
32.6 4.90561 
32.65 4.91581 
32.7 4.926 
32.75 4.93621 
32.8 4.94642 
32.85 4.95664 
32.9 4.96687 
32.95 4.97711 
33 4.98736 
33.05 4.99761 
33.1 5.00787 
33.15 5.01813 
33.2 5.02841 
33.25 5.03869 
33.3 5.04897 
33.35 5.05927 
33.4 5.06956 
33.45 5.07988 
33.5 5.09018 
33.55 5.1005 
33.6 5.11083 
33.65 5.12116 
33.7 5.13149 
33.75 5.14184 
33.8 5.15219 
33.85 5.16253 
33.9 5.1729 
33.95 5.18326 
34 5.19363 
34.05 5.204 
34.1 5.21439 
34.15 5.22477 
34.2 5.23516 
34.25 5.24556 
34.3 5.25596 
34.35 5.26636 
34.4 5.27676 
34.45 5.28718 
34.5 5.29759 
34.55 5.30801 
34.6 5.31843 
34.65 5.32886 
34.7 5.33929 
34.75 5.34972 
34.8 5.36016 
34.85 5.3706 
34.9 5.38105 
34.95 5.39149 
35 5.40194 
35.05 5.4124 
35.1 5.42285 
35.15 5.43331 
35.2 5.44378 
35.25 5.45424 
35.3 5.46471 
35.35 5.47517 
35.4 5.48565 
35.45 5.49612 
35.5 5.50659 
35.55 5.51708 
35.6 5.52755 
35.65 5.53803 
35.7 5.54851 
35.75 5.55899 
35.8 5.56948 
35.85 5.57996 
35.9 5.59045 
35.95 5.60094 
36 5.61143 
36.05 5.62192 
36.1 5.63241 
36.15 5.6429 
36.2 5.65339 
36.25 5.66388 
36.3 5.67436 
36.35 5.68486 
36.4 5.69535 
36.45 5.70585 
36.5 5.71633 
36.55 5.72683 
36.6 5.73732 
36.65 5.74781 
36.7 5.7583 
36.75 5.76879 
36.8 5.77927 
36.85 5.78976 
36.9 5.80025 
36.95 5.81074 
37 5.82122 
37.05 5.8317 
37.1 5.84218 
37.15 5.85266 
37.2 5.86314 
37.25 5.87362 
37.3 5.88409 
37.35 5.89456 
37.4 5.90503 
37.45 5.9155 
37.5 5.92595 
37.55 5.93642 
37.6 5.94689 
37.65 5.95734 
37.7 5.9678 
37.75 5.97825 
37.8 5.9887 
37.85 5.99915 
37.9 6.00959 
37.95 6.02003 
38 6.03047 
38.05 6.0409 
38.1 6.05133 
38.15 6.06175 
38.2 6.07218 
38.25 6.0826 
38.3 6.09301 
38.35 6.10342 
38.4 6.11383 
38.45 6.12424 
38.5 6.13463 
38.55 6.14503 
38.6 6.15541 
38.65 6.16579 
38.7 6.17618 
38.75 6.18655 
38.8 6.19692 
38.85 6.20729 
38.9 6.21764 
38.95 6.228 
39 6.23835 
39.05 6.24869 
39.1 6.25903 
39.15 6.26937 
39.2 6.27969 
39.25 6.29001 
39.3 6.30033 
39.35 6.31063 
39.4 6.32094 
39.45 6.33123 
39.5 6.34152 
39.55 6.35181 
39.6 6.36209 
39.65 6.37236 
39.7 6.38262 
39.75 6.39288 
39.8 6.40313 
39.85 6.41337 
39.9 6.42361 
39.95 6.43384 
40 6.44406 
40.05 6.45428 
40.1 6.46448 
40.15 6.47468 
40.2 6.48487 
40.25 6.49505 
40.3 6.50522 
40.35 6.51539 
40.4 6.52555 
40.45 6.53571 
40.5 6.54585 
40.55 6.55598 
40.6 6.56611 
40.65 6.57623 
40.7 6.58633 
40.75 6.59644 
40.8 6.60653 
40.85 6.61661 
40.9 6.62668 
40.95 6.63675 
41 6.6468 
41.05 6.65685 
41.1 6.66689 
41.15 6.6769 
41.2 6.68693 
41.25 6.69693 
41.3 6.70693 
41.35 6.71692 
41.4 6.72689 
41.45 6.73687 
41.5 6.74683 
41.55 6.75677 
41.6 6.76671 
41.65 6.77663 
41.7 6.78654 
41.75 6.79646 
41.8 6.80636 
41.85 6.81624 
41.9 6.82611 
41.95 6.83597 
42 6.84582 
42.05 6.85566 
42.1 6.8655 
42.15 6.87531 
42.2 6.88511 
42.25 6.89492 
42.3 6.9047 
42.35 6.91447 
42.4 6.92423 
42.45 6.93398 
42.5 6.94371 
42.55 6.95344 
42.6 6.96315 
42.65 6.97285 
42.7 6.98254 
42.75 6.99221 
42.8 7.00187 
42.85 7.01152 
42.9 7.02116 
42.95 7.03079 
43 7.0404 
43.05 7.05 
43.1 7.05958 
43.15 7.06915 
43.2 7.07872 
43.25 7.08826 
43.3 7.0978 
43.35 7.10733 
43.4 7.11682 
43.45 7.12632 
43.5 7.1358 
43.55 7.14527 
43.6 7.15472 
43.65 7.16416 
43.7 7.17358 
43.75 7.18298 
43.8 7.19239 
43.85 7.20177 
43.9 7.21114 
43.95 7.22049 
44 7.22983 
44.05 7.23916 
44.1 7.24847 
44.15 7.25776 
44.2 7.26704 
44.25 7.27631 
44.3 7.28556 
44.35 7.2948 
44.4 7.30401 
44.45 7.31321 
44.5 7.32241 
44.55 7.3316 
44.6 7.34075 
44.65 7.34989 
44.7 7.35902 
44.75 7.36813 
44.8 7.37723 
44.85 7.38631 
44.9 7.39538 
44.95 7.40443 
45 7.41347 
45.05 7.42248 
45.1 7.43149 
45.15 7.44047 
45.2 7.44944 
45.25 7.45839 
45.3 7.46733 
45.35 7.47625 
45.4 7.48515 
45.45 7.49404 
45.5 7.50291 
45.55 7.51176 
45.6 7.52059 
45.65 7.52942 
45.7 7.53822 
45.75 7.54701 
45.8 7.55577 
45.85 7.56453 
45.9 7.57326 
45.95 7.58197 
46 7.59066 
46.05 7.59935 
46.1 7.60802 
46.15 7.61666 
46.2 7.62529 
46.25 7.6339 
46.3 7.64248 
46.35 7.65107 
46.4 7.65963 
46.45 7.66817 
46.5 7.67669 
46.55 7.68519 
46.6 7.69367 
46.65 7.70213 
46.7 7.71058 
46.75 7.71902 
46.8 7.72742 
46.85 7.73582 
46.9 7.7442 
46.95 7.75256 
47 7.76088 
47.05 7.76919 
47.1 7.77751 
47.15 7.78578 
47.2 7.79403 
47.25 7.80227 
47.3 7.8105 
47.35 7.8187 
47.4 7.82688 
47.45 7.83506 
47.5 7.84319 
47.55 7.85132 
47.6 7.85943 
47.65 7.8675 
47.7 7.87557 
47.75 7.88362 
47.8 7.89164 
47.85 7.89964 
47.9 7.90763 
47.95 7.9156 
48 7.92355 
48.05 7.93148 
48.1 7.93938 
48.15 7.94727 
48.2 7.95514 
48.25 7.96297 
48.3 7.9708 
48.35 7.9786 
48.4 7.98639 
48.45 7.99415 
48.5 8.0019 
48.55 8.00963 
48.6 8.01733 
48.65 8.02499 
48.7 8.03266 
48.75 8.04029 
48.8 8.04791 
48.85 8.05552 
48.9 8.06309 
48.95 8.07065 
49 8.07818 
49.05 8.08569 
49.1 8.09318 
49.15 8.10065 
49.2 8.1081 
49.25 8.11553 
49.3 8.12294 
49.35 8.13033 
49.4 8.13768 
49.45 8.14501 
49.5 8.15233 
49.55 8.15963 
49.6 8.16691 
49.65 8.17416 
49.7 8.18139 
49.75 8.18861 
49.8 8.19579 
49.85 8.20297 
49.9 8.2101 
49.95 8.21722 
50 8.22432 
50.05 8.23139 
50.1 8.23844 
50.15 8.24548 
50.2 8.25249 
50.25 8.25948 
50.3 8.26643 
50.35 8.27338 
50.4 8.28031 
50.45 8.2872 
50.5 8.29408 
50.55 8.30093 
50.6 8.30776 
50.65 8.31456 
50.7 8.32134 
50.75 8.3281 
50.8 8.33483 
50.85 8.34155 
50.9 8.34826 
50.95 8.3549 
51 8.36156 
51.05 8.3682 
51.1 8.37478 
51.15 8.38136 
51.2 8.3879 
51.25 8.39444 
51.3 8.40095 
51.35 8.40742 
51.4 8.41389 
51.45 8.42032 
51.5 8.42673 
51.55 8.43312 
51.6 8.43947 
51.65 8.44582 
51.7 8.45214 
51.75 8.45843 
51.8 8.46471 
51.85 8.47095 
51.9 8.47717 
51.95 8.48337 
52 8.48954 
52.05 8.4957 
52.1 8.50182 
52.15 8.50791 
52.2 8.51399 
52.25 8.52004 
52.3 8.52608 
52.35 8.53209 
52.4 8.53806 
52.45 8.54403 
52.5 8.54997 
52.55 8.55587 
52.6 8.56174 
52.65 8.5676 
52.7 8.57344 
52.75 8.57926 
52.8 8.58504 
52.85 8.5908 
52.9 8.59654 
52.95 8.60225 
53 8.60794 
53.05 8.6136 
53.1 8.61924 
53.15 8.62485 
53.2 8.63044 
53.25 8.63601 
53.3 8.64156 
53.35 8.64709 
53.4 8.65255 
53.45 8.65803 
53.5 8.66346 
53.55 8.66889 
53.6 8.67426 
53.65 8.67964 
53.7 8.68498 
53.75 8.69029 
53.8 8.69558 
53.85 8.70085 
53.9 8.70609 
53.95 8.7113 
54 8.71649 
54.05 8.72166 
54.1 8.72681 
54.15 8.7319 
54.2 8.737 
54.25 8.74207 
54.3 8.74712 
54.35 8.75212 
54.4 8.75713 
54.45 8.76208 
54.5 8.767 
54.55 8.77192 
54.6 8.7768 
54.65 8.78166 
54.7 8.78651 
54.75 8.79131 
54.8 8.7961 
54.85 8.80085 
54.9 8.80559 
54.95 8.81029 
55 8.81496 
55.05 8.81963 
55.1 8.82425 
55.15 8.82886 
55.2 8.83344 
55.25 8.83799 
55.3 8.84253 
55.35 8.84703 
55.4 8.8515 
55.45 8.85596 
55.5 8.86039 
55.55 8.86478 
55.6 8.86914 
55.65 8.8735 
55.7 8.87782 
55.75 8.88212 
55.8 8.88639 
55.85 8.89062 
55.9 8.89483 
55.95 8.89903 
56 8.90319 
56.05 8.90734 
56.1 8.91146 
56.15 8.91554 
56.2 8.91959 
56.25 8.92364 
56.3 8.92766 
56.35 8.93163 
56.4 8.93558 
56.45 8.93952 
56.5 8.94342 
56.55 8.94729 
56.6 8.95116 
56.65 8.95498 
56.7 8.95877 
56.75 8.96256 
56.8 8.96631 
56.85 8.97003 
56.9 8.97373 
56.95 8.97739 
57 8.98104 
57.05 8.98464 
57.1 8.98824 
57.15 8.99181 
57.2 8.99533 
57.25 8.99886 
57.3 9.00234 
57.35 9.00582 
57.4 9.00924 
57.45 9.01264 
57.5 9.01602 
57.55 9.01938 
57.6 9.02271 
57.65 9.02601 
57.7 9.02927 
57.75 9.03253 
57.8 9.03575 
57.85 9.03896 
57.9 9.04212 
57.95 9.04528 
58 9.04839 
58.05 9.05149 
58.1 9.05454 
58.15 9.05758 
58.2 9.06059 
58.25 9.06357 
58.3 9.06654 
58.35 9.06948 
58.4 9.07238 
58.45 9.07527 
58.5 9.07811 
58.55 9.08095 
58.6 9.08373 
58.65 9.08652 
58.7 9.08926 
58.75 9.09199 
58.8 9.09467 
58.85 9.09735 
58.9 9.1 
58.95 9.10261 
59 9.1052 
59.05 9.10776 
59.1 9.11031 
59.15 9.1128 
59.2 9.11531 
59.25 9.11776 
59.3 9.12019 
59.35 9.1226 
59.4 9.12499 
59.45 9.12733 
59.5 9.12964 
59.55 9.13196 
59.6 9.13423 
59.65 9.13649 
59.7 9.13871 
59.75 9.14089 
59.8 9.14306 
59.85 9.14522 
59.9 9.14733 
59.95 9.14942 
60 9.15148 
60.05 9.15352 
60.1 9.15554 
60.15 9.15752 
60.2 9.15948 
60.25 9.16141 
60.3 9.16332 
60.35 9.16518 
60.4 9.16705 
60.45 9.16887 
60.5 9.17067 
60.55 9.17244 
60.6 9.17419 
60.65 9.17592 
60.7 9.17762 
60.75 9.17928 
60.8 9.18094 
60.85 9.18256 
60.9 9.18415 
60.95 9.18571 
61 9.18724 
61.05 9.18875 
61.1 9.19025 
61.15 9.19171 
61.2 9.19314 
61.25 9.19456 
61.3 9.19594 
61.35 9.19729 
61.4 9.19862 
61.45 9.19992 
61.5 9.20119 
61.55 9.20244 
61.6 9.20368 
61.65 9.20489 
61.7 9.20605 
61.75 9.20719 
61.8 9.20832 
61.85 9.20943 
61.9 9.21051 
61.95 9.21154 
62 9.21257 
62.05 9.21354 
62.1 9.21451 
62.15 9.21546 
62.2 9.21638 
62.25 9.21727 
62.3 9.21814 
62.35 9.21897 
62.4 9.2198 
62.45 9.22057 
62.5 9.22134 
62.55 9.22209 
62.6 9.22279 
62.65 9.22348 
62.7 9.22412 
62.75 9.22476 
62.8 9.22537 
62.85 9.22596 
62.9 9.22651 
62.95 9.22704 
63 9.22755 
63.05 9.22803 
63.1 9.22848 
63.15 9.22892 
63.2 9.22932 
63.25 9.2297 
63.3 9.23004 
63.35 9.23038 
63.4 9.23067 
63.45 9.23096 
63.5 9.2312 
63.55 9.23143 
63.6 9.23161 
63.65 9.23182 
63.7 9.23194 
63.75 9.23209 
63.8 9.23219 
63.85 9.23226 
63.9 9.23232 
63.95 9.23233 
64 9.23234 
64.05 9.2323 
64.1 9.23226 
64.15 9.23217 
64.2 9.23207 
64.25 9.23195 
64.3 9.2318 
64.35 9.23162 
64.4 9.23141 
64.45 9.2312 
64.5 9.23095 
64.55 9.23068 
64.6 9.23038 
64.65 9.23005 
64.7 9.2297 
64.75 9.22933 
64.8 9.22893 
64.85 9.22851 
64.9 9.22805 
64.95 9.22758 
65 9.22709 
65.05 9.22657 
65.1 9.22601 
65.15 9.22543 
65.2 9.22485 
65.25 9.22422 
65.3 9.22358 
65.35 9.22291 
65.4 9.22221 
65.45 9.22151 
65.5 9.22076 
65.55 9.21999 
65.6 9.21921 
65.65 9.21838 
65.7 9.21755 
65.75 9.21669 
65.8 9.21581 
65.85 9.2149 
65.9 9.21396 
65.95 9.213 
66 9.212 
66.05 9.21099 
66.1 9.20997 
66.15 9.20891 
66.2 9.20783 
66.25 9.20673 
66.3 9.2056 
66.35 9.20446 
66.4 9.20327 
66.45 9.20208 
66.5 9.20087 
66.55 9.19962 
66.6 9.19833 
66.65 9.19706 
66.7 9.19573 
66.75 9.19439 
66.8 9.19304 
66.85 9.19163 
66.9 9.19022 
66.95 9.18879 
67 9.18734 
67.05 9.18585 
67.1 9.18434 
67.15 9.18283 
67.2 9.18127 
67.25 9.1797 
67.3 9.1781 
67.35 9.17649 
67.4 9.17483 
67.45 9.17317 
67.5 9.17149 
67.55 9.16977 
67.6 9.16803 
67.65 9.16626 
67.7 9.16448 
67.75 9.16268 
67.8 9.16085 
67.85 9.15901 
67.9 9.15714 
67.95 9.15524 
68 9.15331 
68.05 9.15137 
68.1 9.14941 
68.15 9.14742 
68.2 9.14541 
68.25 9.14338 
68.3 9.14133 
68.35 9.13926 
68.4 9.13716 
68.45 9.13502 
68.5 9.13288 
68.55 9.13072 
68.6 9.12853 
68.65 9.12632 
68.7 9.12409 
68.75 9.12184 
68.8 9.11955 
68.85 9.11727 
68.9 9.11494 
68.95 9.11259 
69 9.11022 
69.05 9.10785 
69.1 9.10542 
69.15 9.103 
69.2 9.10053 
69.25 9.09809 
69.3 9.09557 
69.35 9.09307 
69.4 9.09053 
69.45 9.08797 
69.5 9.08537 
69.55 9.08277 
69.6 9.08014 
69.65 9.0775 
69.7 9.07483 
69.75 9.07213 
69.8 9.06943 
69.85 9.06669 
69.9 9.06393 
69.95 9.06117 
70 9.05836 
70.05 9.05555 
70.1 9.0527 
70.15 9.04986 
70.2 9.04697 
70.25 9.04406 
70.3 9.04115 
70.35 9.0382 
70.4 9.03523 
70.45 9.03224 
70.5 9.02925 
70.55 9.0262 
70.6 9.02315 
70.65 9.02009 
70.7 9.01701 
70.75 9.01389 
70.8 9.01076 
70.85 9.00761 
70.9 9.00444 
70.95 9.00125 
71 8.99804 
71.05 8.99481 
71.1 8.99156 
71.15 8.98829 
71.2 8.98497 
71.25 8.98166 
71.3 8.97834 
71.35 8.97498 
71.4 8.97161 
71.45 8.96822 
71.5 8.96481 
71.55 8.96136 
71.6 8.95791 
71.65 8.95445 
71.7 8.95095 
71.75 8.94744 
71.8 8.9439 
71.85 8.94036 
71.9 8.93678 
71.95 8.93319 
72 8.92958 
72.05 8.92594 
72.1 8.92229 
72.15 8.91863 
72.2 8.91494 
72.25 8.91123 
72.3 8.9075 
72.35 8.90375 
72.4 8.89999 
72.45 8.89621 
72.5 8.89239 
72.55 8.88858 
72.6 8.88474 
72.65 8.88087 
72.7 8.87701 
72.75 8.87311 
72.8 8.86918 
72.85 8.86524 
72.9 8.86129 
72.95 8.85731 
73 8.85332 
73.05 8.84931 
73.1 8.84528 
73.15 8.84123 
73.2 8.83718 
73.25 8.83309 
73.3 8.82898 
73.35 8.82485 
73.4 8.82072 
73.45 8.81654 
73.5 8.81236 
73.55 8.80817 
73.6 8.80396 
73.65 8.79972 
73.7 8.79547 
73.75 8.79121 
73.8 8.78693 
73.85 8.78262 
73.9 8.77832 
73.95 8.77397 
74 8.76961 
74.05 8.76524 
74.1 8.76086 
74.15 8.75644 
74.2 8.75201 
74.25 8.74755 
74.3 8.7431 
74.35 8.73862 
74.4 8.73413 
74.45 8.72961 
74.5 8.72509 
74.55 8.72052 
74.6 8.71596 
74.65 8.71138 
74.7 8.70677 
74.75 8.70217 
74.8 8.69753 
74.85 8.69288 
74.9 8.6882 
74.95 8.68351 
75 8.67882 
75.05 8.67409 
75.1 8.66934 
75.15 8.6646 
75.2 8.65983 
75.25 8.65505 
75.3 8.65026 
75.35 8.64542 
75.4 8.6406 
75.45 8.63573 
75.5 8.63086 
75.55 8.62598 
75.6 8.62108 
75.65 8.61615 
75.7 8.61122 
75.75 8.60627 
75.8 8.60131 
75.85 8.59632 
75.9 8.59132 
75.95 8.5863 
76 8.58129 
76.05 8.57623 
76.1 8.57117 
76.15 8.56609 
76.2 8.561 
76.25 8.55588 
76.3 8.55076 
76.35 8.54562 
76.4 8.54045 
76.45 8.53528 
76.5 8.53009 
76.55 8.52489 
76.6 8.51966 
76.65 8.51445 
76.7 8.50919 
76.75 8.50392 
76.8 8.49863 
76.85 8.49334 
76.9 8.48804 
76.95 8.4827 
77 8.47737 
77.05 8.472 
77.1 8.46663 
77.15 8.46126 
77.2 8.45586 
77.25 8.45044 
77.3 8.445 
77.35 8.43955 
77.4 8.43409 
77.45 8.42861 
77.5 8.42312 
77.55 8.41762 
77.6 8.4121 
77.65 8.40656 
77.7 8.401 
77.75 8.39544 
77.8 8.38987 
77.85 8.38428 
77.9 8.37868 
77.95 8.37305 
78 8.36741 
78.05 8.36176 
78.1 8.3561 
78.15 8.35044 
78.2 8.34475 
78.25 8.33904 
78.3 8.33331 
78.35 8.32756 
78.4 8.32182 
78.45 8.31607 
78.5 8.31029 
78.55 8.30451 
78.6 8.29871 
78.65 8.29288 
78.7 8.28706 
78.75 8.28121 
78.8 8.27536 
78.85 8.2695 
78.9 8.2636 
78.95 8.2577 
79 8.2518 
79.05 8.24588 
79.1 8.23993 
79.15 8.234 
79.2 8.22804 
79.25 8.22206 
79.3 8.21606 
79.35 8.21006 
79.4 8.20402 
79.45 8.19801 
79.5 8.19197 
79.55 8.1859 
79.6 8.17985 
79.65 8.17376 
79.7 8.16767 
79.75 8.16156 
79.8 8.15543 
79.85 8.1493 
79.9 8.14317 
79.95 8.13701 
80 8.13083 
80.05 8.12465 
80.1 8.11847 
80.15 8.11226 
80.2 8.10604 
80.25 8.09981 
80.3 8.09356 
80.35 8.0873 
80.4 8.08104 
80.45 8.07474 
80.5 8.06846 
80.55 8.06216 
80.6 8.05584 
80.65 8.04952 
80.7 8.04317 
80.75 8.03682 
80.8 8.03045 
80.85 8.02409 
80.9 8.0177 
80.95 8.01127 
81 8.00487 
81.05 7.99845 
81.1 7.99201 
81.15 7.98557 
81.2 7.97911 
81.25 7.97265 
81.3 7.96617 
81.35 7.95967 
81.4 7.95317 
81.45 7.94664 
81.5 7.94012 
81.55 7.93358 
81.6 7.92702 
81.65 7.92047 
81.7 7.91389 
81.75 7.90731 
81.8 7.90074 
81.85 7.89412 
81.9 7.88749 
81.95 7.88088 
82 7.87422 
82.05 7.86759 
82.1 7.86092 
82.15 7.85425 
82.2 7.84757 
82.25 7.84088 
82.3 7.83418 
82.35 7.82746 
82.4 7.82075 
82.45 7.81399 
82.5 7.80725 
82.55 7.80048 
82.6 7.79372 
82.65 7.78694 
82.7 7.78015 
82.75 7.77335 
82.8 7.76654 
82.85 7.75973 
82.9 7.75291 
82.95 7.74604 
83 7.7392 
83.05 7.73234 
83.1 7.72548 
83.15 7.71858 
83.2 7.71169 
83.25 7.7048 
83.3 7.69788 
83.35 7.69096 
83.4 7.68403 
83.45 7.67708 
83.5 7.67014 
83.55 7.66317 
83.6 7.6562 
83.65 7.64922 
83.7 7.64224 
83.75 7.63524 
83.8 7.62822 
83.85 7.6212 
83.9 7.61417 
83.95 7.60712 
84 7.60009 
84.05 7.59303 
84.1 7.58595 
84.15 7.57888 
84.2 7.5718 
84.25 7.5647 
84.3 7.55759 
84.35 7.55048 
84.4 7.54336 
84.45 7.53622 
84.5 7.52908 
84.55 7.52193 
84.6 7.51477 
84.65 7.50759 
84.7 7.50042 
84.75 7.49324 
84.8 7.48605 
84.85 7.47883 
84.9 7.47161 
84.95 7.46439 
85 7.45716 
85.05 7.44992 
85.1 7.44266 
85.15 7.43539 
85.2 7.42813 
85.25 7.42085 
85.3 7.41357 
85.35 7.40629 
85.4 7.39897 
85.45 7.39166 
85.5 7.38433 
85.55 7.37699 
85.6 7.36967 
85.65 7.36231 
85.7 7.35497 
85.75 7.34761 
85.8 7.34024 
85.85 7.33285 
85.9 7.32546 
85.95 7.31806 
86 7.31067 
86.05 7.30325 
86.1 7.29583 
86.15 7.2884 
86.2 7.28097 
86.25 7.27352 
86.3 7.26606 
86.35 7.25861 
86.4 7.25112 
86.45 7.24365 
86.5 7.23617 
86.55 7.22867 
86.6 7.22117 
86.65 7.21367 
86.7 7.20614 
86.75 7.19862 
86.8 7.19109 
86.85 7.18353 
86.9 7.176 
86.95 7.16843 
87 7.16088 
87.05 7.1533 
87.1 7.14572 
87.15 7.13814 
87.2 7.13055 
87.25 7.12294 
87.3 7.11532 
87.35 7.10771 
87.4 7.10009 
87.45 7.09245 
87.5 7.08481 
87.55 7.07716 
87.6 7.06951 
87.65 7.06185 
87.7 7.05418 
87.75 7.04651 
87.8 7.03883 
87.85 7.03113 
87.9 7.02344 
87.95 7.01572 
88 7.00802 
88.05 7.00029 
88.1 6.99257 
88.15 6.98484 
88.2 6.9771 
88.25 6.96935 
88.3 6.96161 
88.35 6.95384 
88.4 6.94607 
88.45 6.9383 
88.5 6.93052 
88.55 6.92273 
88.6 6.91494 
88.65 6.90714 
88.7 6.89932 
88.75 6.89151 
88.8 6.8837 
88.85 6.87586 
88.9 6.86803 
88.95 6.86019 
89 6.85236 
89.05 6.84449 
89.1 6.83664 
89.15 6.82877 
89.2 6.8209 
89.25 6.81302 
89.3 6.80513 
89.35 6.79725 
89.4 6.78935 
89.45 6.78145 
89.5 6.77353 
89.55 6.76562 
89.6 6.7577 
89.65 6.74978 
89.7 6.74183 
89.75 6.7339 
89.8 6.72596 
89.85 6.718 
89.9 6.71004 
89.95 6.70208 
90 6.69411 
90.05 6.68614 
90.1 6.67816 
90.15 6.67017 
90.2 6.66218 
90.25 6.65419 
90.3 6.64619 
90.35 6.63817 
90.4 6.63017 
90.45 6.62214 
90.5 6.61412 
90.55 6.6061 
90.6 6.59806 
90.65 6.59002 
90.7 6.58197 
90.75 6.57393 
90.8 6.56587 
90.85 6.55782 
90.9 6.54975 
90.95 6.54167 
91 6.5336 
91.05 6.52552 
91.1 6.51743 
91.15 6.50935 
91.2 6.50126 
91.25 6.49315 
91.3 6.48504 
91.35 6.47694 
91.4 6.46883 
91.45 6.46071 
91.5 6.45259 
91.55 6.44446 
91.6 6.43632 
91.65 6.42819 
91.7 6.42006 
91.75 6.41191 
91.8 6.40376 
91.85 6.39561 
91.9 6.38745 
91.95 6.37929 
92 6.37113 
92.05 6.36296 
92.1 6.35479 
92.15 6.34662 
92.2 6.33843 
92.25 6.33025 
92.3 6.32207 
92.35 6.31387 
92.4 6.30568 
92.45 6.29748 
92.5 6.28928 
92.55 6.28108 
92.6 6.27287 
92.65 6.26465 
92.7 6.25644 
92.75 6.24823 
92.8 6.24 
92.85 6.23178 
92.9 6.22357 
92.95 6.21534 
93 6.2071 
93.05 6.19886 
93.1 6.19062 
93.15 6.18239 
93.2 6.17415 
93.25 6.1659 
93.3 6.15766 
93.35 6.14941 
93.4 6.14116 
93.45 6.1329 
93.5 6.12464 
93.55 6.11639 
93.6 6.10813 
93.65 6.09986 
93.7 6.0916 
93.75 6.08334 
93.8 6.07507 
93.85 6.0668 
93.9 6.05853 
93.95 6.05027 
94 6.04199 
94.05 6.03371 
94.1 6.02544 
94.15 6.01717 
94.2 6.00889 
94.25 6.00061 
94.3 5.99234 
94.35 5.98405 
94.4 5.97577 
94.45 5.96749 
94.5 5.95922 
94.55 5.95093 
94.6 5.94265 
94.65 5.93438 
94.7 5.92609 
94.75 5.9178 
94.8 5.90953 
94.85 5.90124 
94.9 5.89296 
94.95 5.88468 
95 5.8764 
95.05 5.86812 
95.1 5.85984 
95.15 5.85156 
95.2 5.84329 
95.25 5.835 
95.3 5.82673 
95.35 5.81846 
95.4 5.81017 
95.45 5.8019 
95.5 5.79364 
95.55 5.78537 
95.6 5.7771 
95.65 5.76884 
95.7 5.76058 
95.75 5.75232 
95.8 5.74405 
95.85 5.73581 
95.9 5.72754 
95.95 5.71929 
96 5.71105 
96.05 5.7028 
96.1 5.69455 
96.15 5.68631 
96.2 5.67807 
96.25 5.66984 
96.3 5.6616 
96.35 5.65338 
96.4 5.64514 
96.45 5.63692 
96.5 5.6287 
96.55 5.62049 
96.6 5.61227 
96.65 5.60407 
96.7 5.59587 
96.75 5.58767 
96.8 5.57947 
96.85 5.57129 
96.9 5.5631 
96.95 5.55492 
97 5.54674 
97.05 5.53857 
97.1 5.53039 
97.15 5.52224 
97.2 5.51409 
97.25 5.50594 
97.3 5.49779 
97.35 5.48965 
97.4 5.48152 
97.45 5.47339 
97.5 5.46526 
97.55 5.45715 
97.6 5.44904 
97.65 5.44093 
97.7 5.43283 
97.75 5.42474 
97.8 5.41666 
97.85 5.40857 
97.9 5.40051 
97.95 5.39244 
98 5.38438 
98.05 5.37633 
98.1 5.36829 
98.15 5.36025 
98.2 5.35222 
98.25 5.3442 
98.3 5.33619 
98.35 5.32818 
98.4 5.32019 
98.45 5.31219 
98.5 5.30421 
98.55 5.29624 
98.6 5.28827 
98.65 5.28031 
98.7 5.27236 
98.75 5.26441 
98.8 5.25648 
98.85 5.24856 
98.9 5.24065 
98.95 5.23274 
99 5.22483 
99.05 5.21694 
99.1 5.20907 
99.15 5.2012 
99.2 5.19334 
99.25 5.18548 
99.3 5.17764 
99.35 5.16981 
99.4 5.16198 
99.45 5.15417 
99.5 5.14637 
99.55 5.13856 
99.6 5.13078 
99.65 5.123 
99.7 5.11523 
99.75 5.10748 
99.8 5.09973 
99.85 5.09199 
99.9 5.08427 
99.95 5.07655 
100 5.06884 
100.05 5.06115 
100.1 5.05346 
100.15 5.04578 
100.2 5.03812 
100.25 5.03046 
100.3 5.02284 
100.35 5.01519 
100.4 5.00757 
100.45 4.99996 
100.5 4.99236 
100.55 4.98476 
100.6 4.97719 
100.65 4.96961 
100.7 4.96205 
100.75 4.95451 
100.8 4.94697 
100.85 4.93945 
100.9 4.93193 
100.95 4.92443 
101 4.91694 
101.05 4.90946 
101.1 4.90199 
101.15 4.89453 
101.2 4.88709 
101.25 4.87965 
101.3 4.87222 
101.35 4.86481 
101.4 4.85741 
101.45 4.85002 
101.5 4.84265 
101.55 4.83528 
101.6 4.82793 
101.65 4.82059 
101.7 4.81325 
101.75 4.80594 
101.8 4.79863 
101.85 4.79134 
101.9 4.78406 
101.95 4.77678 
102 4.76953 
102.05 4.76229 
102.1 4.75506 
102.15 4.74784 
102.2 4.74063 
102.25 4.73344 
102.3 4.72626 
102.35 4.7191 
102.4 4.71194 
102.45 4.70479 
102.5 4.69766 
102.55 4.69054 
102.6 4.68344 
102.65 4.67635 
102.7 4.66928 
102.75 4.66222 
102.8 4.65517 
102.85 4.64813 
102.9 4.64111 
102.95 4.63411 
103 4.62712 
103.05 4.62013 
103.1 4.61318 
103.15 4.60622 
103.2 4.59929 
103.25 4.59237 
103.3 4.58547 
103.35 4.57857 
103.4 4.5717 
103.45 4.56483 
103.5 4.55799 
103.55 4.55115 
103.6 4.54434 
103.65 4.53753 
103.7 4.53074 
103.75 4.52397 
103.8 4.51722 
103.85 4.51048 
103.9 4.50374 
103.95 4.49704 
104 4.49034 
104.05 4.48366 
104.1 4.47699 
104.15 4.47034 
104.2 4.46371 
104.25 4.45709 
104.3 4.45049 
104.35 4.44389 
104.4 4.43732 
104.45 4.43077 
104.5 4.42423 
104.55 4.4177 
104.6 4.41118 
104.65 4.40469 
104.7 4.39821 
104.75 4.39174 
104.8 4.38529 
104.85 4.37885 
104.9 4.37244 
104.95 4.36603 
105 4.35964 
105.05 4.35326 
105.1 4.3469 
105.15 4.34056 
105.2 4.33422 
105.25 4.32791 
105.3 4.32161 
105.35 4.31532 
105.4 4.30904 
105.45 4.30278 
105.5 4.29654 
105.55 4.2903 
105.6 4.28409 
105.65 4.27788 
105.7 4.27168 
105.75 4.2655 
105.8 4.25934 
105.85 4.25319 
105.9 4.24705 
105.95 4.24091 
106 4.2348 
106.05 4.2287 
106.1 4.22261 
106.15 4.21653 
106.2 4.21046 
106.25 4.2044 
106.3 4.19836 
106.35 4.19233 
106.4 4.18631 
106.45 4.18029 
106.5 4.17429 
106.55 4.1683 
106.6 4.16232 
106.65 4.15636 
106.7 4.1504 
106.75 4.14444 
106.8 4.1385 
106.85 4.13257 
106.9 4.12664 
106.95 4.12073 
107 4.11483 
107.05 4.10892 
107.1 4.10304 
107.15 4.09716 
107.2 4.09129 
107.25 4.08541 
107.3 4.07956 
107.35 4.07371 
107.4 4.06786 
107.45 4.06203 
107.5 4.0562 
107.55 4.05038 
107.6 4.04455 
107.65 4.03875 
107.7 4.03294 
107.75 4.02714 
107.8 4.02136 
107.85 4.01557 
107.9 4.00978 
107.95 4.00401 
108 3.99824 
108.05 3.99246 
108.1 3.98671 
108.15 3.98095 
108.2 3.97519 
108.25 3.96944 
108.3 3.9637 
108.35 3.95797 
108.4 3.95222 
108.45 3.9465 
108.5 3.94077 
108.55 3.93504 
108.6 3.92933 
108.65 3.92361 
108.7 3.9179 
108.75 3.91219 
108.8 3.90649 
108.85 3.90078 
108.9 3.89509 
108.95 3.88939 
109 3.8837 
109.05 3.87801 
109.1 3.87232 
109.15 3.86665 
109.2 3.86096 
109.25 3.85529 
109.3 3.84962 
109.35 3.84394 
109.4 3.83827 
109.45 3.83261 
109.5 3.82694 
109.55 3.82129 
109.6 3.81562 
109.65 3.80998 
109.7 3.80432 
109.75 3.79868 
109.8 3.79303 
109.85 3.78739 
109.9 3.78175 
109.95 3.77611 
110 3.77048 
110.05 3.76484 
110.1 3.75922 
110.15 3.75359 
110.2 3.74797 
110.25 3.74235 
110.3 3.73674 
110.35 3.73112 
110.4 3.72551 
110.45 3.7199 
110.5 3.71429 
110.55 3.70869 
110.6 3.70309 
110.65 3.69749 
110.7 3.6919 
110.75 3.68631 
110.8 3.68073 
110.85 3.67514 
110.9 3.66956 
110.95 3.66399 
111 3.65841 
111.05 3.65285 
111.1 3.64727 
111.15 3.64171 
111.2 3.63616 
111.25 3.6306 
111.3 3.62506 
111.35 3.61951 
111.4 3.61397 
111.45 3.60843 
111.5 3.60289 
111.55 3.59736 
111.6 3.59184 
111.65 3.58631 
111.7 3.58079 
111.75 3.57528 
111.8 3.56977 
111.85 3.56426 
111.9 3.55876 
111.95 3.55326 
112 3.54777 
112.05 3.54229 
112.1 3.5368 
112.15 3.53132 
112.2 3.52584 
112.25 3.52037 
112.3 3.51491 
112.35 3.50945 
112.4 3.50399 
112.45 3.49854 
112.5 3.49309 
112.55 3.48766 
112.6 3.48222 
112.65 3.47679 
112.7 3.47137 
112.75 3.46596 
112.8 3.46055 
112.85 3.45514 
112.9 3.44975 
112.95 3.44436 
113 3.43897 
113.05 3.43359 
113.1 3.42822 
113.15 3.42286 
113.2 3.4175 
113.25 3.41215 
113.3 3.4068 
113.35 3.40147 
113.4 3.39614 
113.45 3.39082 
113.5 3.38551 
113.55 3.3802 
113.6 3.3749 
113.65 3.3696 
113.7 3.36432 
113.75 3.35905 
113.8 3.35378 
113.85 3.34852 
113.9 3.34326 
113.95 3.33802 
114 3.33278 
114.05 3.32755 
114.1 3.32232 
114.15 3.31711 
114.2 3.31191 
114.25 3.30671 
114.3 3.30152 
114.35 3.29634 
114.4 3.29117 
114.45 3.28601 
114.5 3.28085 
114.55 3.27571 
114.6 3.27057 
114.65 3.26545 
114.7 3.26033 
114.75 3.25522 
114.8 3.25012 
114.85 3.24503 
