0 -3.81282 
0.05 -3.80797 
0.1 -3.80313 
0.15 -3.79831 
0.2 -3.79349 
0.25 -3.78867 
0.3 -3.78386 
0.35 -3.77907 
0.4 -3.77428 
0.45 -3.7695 
0.5 -3.76473 
0.55 -3.75997 
0.6 -3.75521 
0.65 -3.75046 
0.7 -3.74572 
0.75 -3.741 
0.8 -3.73627 
0.85 -3.73156 
0.9 -3.72685 
0.95 -3.72216 
1 -3.71747 
1.05 -3.71279 
1.1 -3.70813 
1.15 -3.70346 
1.2 -3.69882 
1.25 -3.69418 
1.3 -3.68955 
1.35 -3.68493 
1.4 -3.68032 
1.45 -3.67573 
1.5 -3.67114 
1.55 -3.66656 
1.6 -3.66201 
1.65 -3.65745 
1.7 -3.65291 
1.75 -3.64839 
1.8 -3.64387 
1.85 -3.63937 
1.9 -3.63489 
1.95 -3.63041 
2 -3.62596 
2.05 -3.62151 
2.1 -3.61709 
2.15 -3.61267 
2.2 -3.60828 
2.25 -3.6039 
2.3 -3.59953 
2.35 -3.59518 
2.4 -3.59085 
2.45 -3.58655 
2.5 -3.58225 
2.55 -3.57798 
2.6 -3.57373 
2.65 -3.5695 
2.7 -3.56528 
2.75 -3.56109 
2.8 -3.55691 
2.85 -3.55277 
2.9 -3.54864 
2.95 -3.54453 
3 -3.54045 
3.05 -3.53639 
3.1 -3.53235 
3.15 -3.52834 
3.2 -3.52436 
3.25 -3.52039 
3.3 -3.51645 
3.35 -3.51254 
3.4 -3.50867 
3.45 -3.50481 
3.5 -3.50097 
3.55 -3.49717 
3.6 -3.4934 
3.65 -3.48965 
3.7 -3.48593 
3.75 -3.48224 
3.8 -3.47859 
3.85 -3.47496 
3.9 -3.47136 
3.95 -3.46779 
4 -3.46426 
4.05 -3.46075 
4.1 -3.45727 
4.15 -3.45383 
4.2 -3.45043 
4.25 -3.44705 
4.3 -3.44371 
4.35 -3.4404 
4.4 -3.43712 
4.45 -3.43388 
4.5 -3.43067 
4.55 -3.4275 
4.6 -3.42437 
4.65 -3.42127 
4.7 -3.4182 
4.75 -3.41517 
4.8 -3.41218 
4.85 -3.40922 
4.9 -3.40631 
4.95 -3.40342 
5 -3.40058 
5.05 -3.39778 
5.1 -3.39501 
5.15 -3.39228 
5.2 -3.38959 
5.25 -3.38694 
5.3 -3.38433 
5.35 -3.38175 
5.4 -3.37922 
5.45 -3.37673 
5.5 -3.37428 
5.55 -3.37187 
5.6 -3.3695 
5.65 -3.36717 
5.7 -3.36488 
5.75 -3.36263 
5.8 -3.36043 
5.85 -3.35826 
5.9 -3.35615 
5.95 -3.35407 
6 -3.35203 
6.05 -3.35004 
6.1 -3.34809 
6.15 -3.34618 
6.2 -3.34432 
6.25 -3.3425 
6.3 -3.34074 
6.35 -3.339 
6.4 -3.33732 
6.45 -3.33568 
6.5 -3.33408 
6.55 -3.33253 
6.6 -3.33102 
6.65 -3.32957 
6.7 -3.32815 
6.75 -3.32678 
6.8 -3.32546 
6.85 -3.32419 
6.9 -3.32296 
6.95 -3.32178 
7 -3.32064 
7.05 -3.31955 
7.1 -3.3185 
7.15 -3.31751 
7.2 -3.31656 
7.25 -3.31566 
7.3 -3.31481 
7.35 -3.314 
7.4 -3.31325 
7.45 -3.31254 
7.5 -3.31188 
7.55 -3.31126 
7.6 -3.3107 
7.65 -3.31019 
7.7 -3.30972 
7.75 -3.3093 
7.8 -3.30893 
7.85 -3.30862 
7.9 -3.30835 
7.95 -3.30813 
8 -3.30796 
8.05 -3.30784 
8.1 -3.30777 
8.15 -3.30775 
8.2 -3.30778 
8.25 -3.30786 
8.3 -3.308 
8.35 -3.30818 
8.4 -3.30841 
8.45 -3.30869 
8.5 -3.30903 
8.55 -3.30941 
8.6 -3.30985 
8.65 -3.31034 
8.7 -3.31087 
8.75 -3.31146 
8.8 -3.3121 
8.85 -3.3128 
8.9 -3.31354 
8.95 -3.31434 
9 -3.31519 
9.05 -3.31609 
9.1 -3.31704 
9.15 -3.31805 
9.2 -3.3191 
9.25 -3.32021 
9.3 -3.32137 
9.35 -3.32258 
9.4 -3.32384 
9.45 -3.32517 
9.5 -3.32653 
9.55 -3.32796 
9.6 -3.32943 
9.65 -3.33097 
9.7 -3.33255 
9.75 -3.33418 
9.8 -3.33587 
9.85 -3.33761 
9.9 -3.3394 
9.95 -3.34125 
10 -3.34315 
10.05 -3.34511 
10.1 -3.34711 
10.15 -3.34917 
10.2 -3.35128 
10.25 -3.35345 
10.3 -3.35567 
10.35 -3.35794 
10.4 -3.36027 
10.45 -3.36265 
10.5 -3.36507 
10.55 -3.36757 
10.6 -3.37011 
10.65 -3.3727 
10.7 -3.37535 
10.75 -3.37805 
10.8 -3.3808 
10.85 -3.38361 
10.9 -3.38648 
10.95 -3.3894 
11 -3.39236 
11.05 -3.39539 
11.1 -3.39846 
11.15 -3.40159 
11.2 -3.40478 
11.25 -3.40802 
11.3 -3.41131 
11.35 -3.41466 
11.4 -3.41806 
11.45 -3.42151 
11.5 -3.42502 
11.55 -3.42858 
11.6 -3.4322 
11.65 -3.43587 
11.7 -3.43959 
11.75 -3.44337 
11.8 -3.4472 
11.85 -3.45108 
11.9 -3.45502 
11.95 -3.45901 
12 -3.46306 
12.05 -3.46716 
12.1 -3.47132 
12.15 -3.47552 
12.2 -3.47979 
12.25 -3.4841 
12.3 -3.48846 
12.35 -3.49289 
12.4 -3.49736 
12.45 -3.5019 
12.5 -3.50648 
12.55 -3.51111 
12.6 -3.5158 
12.65 -3.52055 
12.7 -3.52535 
12.75 -3.53019 
12.8 -3.5351 
12.85 -3.54006 
12.9 -3.54507 
12.95 -3.55013 
13 -3.55525 
13.05 -3.56042 
13.1 -3.56564 
13.15 -3.57091 
13.2 -3.57625 
13.25 -3.58163 
13.3 -3.58707 
13.35 -3.59255 
13.4 -3.5981 
13.45 -3.60369 
13.5 -3.60934 
13.55 -3.61504 
13.6 -3.6208 
13.65 -3.6266 
13.7 -3.63246 
13.75 -3.63837 
13.8 -3.64433 
13.85 -3.65036 
13.9 -3.65642 
13.95 -3.66255 
14 -3.66872 
14.05 -3.67495 
14.1 -3.68123 
14.15 -3.68755 
14.2 -3.69394 
14.25 -3.70037 
14.3 -3.70686 
14.35 -3.7134 
14.4 -3.71999 
14.45 -3.72663 
14.5 -3.73333 
14.55 -3.74007 
14.6 -3.74687 
14.65 -3.75372 
14.7 -3.76062 
14.75 -3.76757 
14.8 -3.77458 
14.85 -3.78163 
14.9 -3.78874 
14.95 -3.7959 
15 -3.8031 
15.05 -3.81036 
15.1 -3.81767 
15.15 -3.82503 
15.2 -3.83244 
15.25 -3.8399 
15.3 -3.84742 
15.35 -3.85498 
15.4 -3.8626 
15.45 -3.87026 
15.5 -3.87797 
15.55 -3.88574 
15.6 -3.89356 
15.65 -3.90142 
15.7 -3.90933 
15.75 -3.9173 
15.8 -3.92531 
15.85 -3.93338 
15.9 -3.94149 
15.95 -3.94965 
16 -3.95787 
16.05 -3.96613 
16.1 -3.97444 
16.15 -3.9828 
16.2 -3.99121 
16.25 -3.99967 
16.3 -4.00818 
16.35 -4.01673 
16.4 -4.02533 
16.45 -4.03399 
16.5 -4.04269 
16.55 -4.05144 
16.6 -4.06024 
16.65 -4.06908 
16.7 -4.07798 
16.75 -4.08692 
16.8 -4.09591 
16.85 -4.10494 
16.9 -4.11403 
16.95 -4.12316 
17 -4.13234 
17.05 -4.14157 
17.1 -4.15084 
17.15 -4.16017 
17.2 -4.16954 
17.25 -4.17895 
17.3 -4.18841 
17.35 -4.19792 
17.4 -4.20748 
17.45 -4.21708 
17.5 -4.22673 
17.55 -4.23642 
17.6 -4.24616 
17.65 -4.25595 
17.7 -4.26578 
17.75 -4.27566 
17.8 -4.28558 
17.85 -4.29555 
17.9 -4.30557 
17.95 -4.31563 
18 -4.32573 
18.05 -4.33588 
18.1 -4.34608 
18.15 -4.35632 
18.2 -4.3666 
18.25 -4.37693 
18.3 -4.3873 
18.35 -4.39772 
18.4 -4.40818 
18.45 -4.41869 
18.5 -4.42924 
18.55 -4.43983 
18.6 -4.45047 
18.65 -4.46115 
18.7 -4.47187 
18.75 -4.48264 
18.8 -4.49345 
18.85 -4.5043 
18.9 -4.51521 
18.95 -4.52614 
19 -4.53712 
19.05 -4.54815 
19.1 -4.55922 
19.15 -4.57033 
19.2 -4.58147 
19.25 -4.59267 
19.3 -4.60391 
19.35 -4.61518 
19.4 -4.6265 
19.45 -4.63785 
19.5 -4.64925 
19.55 -4.6607 
19.6 -4.67218 
19.65 -4.6837 
19.7 -4.69527 
19.75 -4.70688 
19.8 -4.71852 
19.85 -4.73021 
19.9 -4.74193 
19.95 -4.7537 
20 -4.76551 
20.05 -4.77735 
20.1 -4.78924 
20.15 -4.80116 
20.2 -4.81313 
20.25 -4.82512 
20.3 -4.83717 
20.35 -4.84925 
20.4 -4.86137 
20.45 -4.87352 
20.5 -4.88572 
20.55 -4.89796 
20.6 -4.91023 
20.65 -4.92254 
20.7 -4.93489 
20.75 -4.94728 
20.8 -4.95971 
20.85 -4.97217 
20.9 -4.98467 
20.95 -4.99721 
21 -5.00977 
21.05 -5.02238 
21.1 -5.03503 
21.15 -5.04771 
21.2 -5.06043 
21.25 -5.07319 
21.3 -5.08597 
21.35 -5.0988 
21.4 -5.11166 
21.45 -5.12456 
21.5 -5.1375 
21.55 -5.15047 
21.6 -5.16347 
21.65 -5.17651 
21.7 -5.18958 
21.75 -5.20269 
21.8 -5.21583 
21.85 -5.22901 
21.9 -5.24222 
21.95 -5.25546 
22 -5.26874 
22.05 -5.28206 
22.1 -5.2954 
22.15 -5.30878 
22.2 -5.32219 
22.25 -5.33564 
22.3 -5.34911 
22.35 -5.36262 
22.4 -5.37617 
22.45 -5.38975 
22.5 -5.40335 
22.55 -5.41699 
22.6 -5.43066 
22.65 -5.44436 
22.7 -5.4581 
22.75 -5.47187 
22.8 -5.48566 
22.85 -5.49949 
22.9 -5.51336 
22.95 -5.52724 
23 -5.54116 
23.05 -5.55511 
23.1 -5.56909 
23.15 -5.58311 
23.2 -5.59714 
23.25 -5.61121 
23.3 -5.62531 
23.35 -5.63944 
23.4 -5.6536 
23.45 -5.66779 
23.5 -5.682 
23.55 -5.69625 
23.6 -5.71052 
23.65 -5.72483 
23.7 -5.73916 
23.75 -5.75352 
23.8 -5.7679 
23.85 -5.78231 
23.9 -5.79676 
23.95 -5.81122 
24 -5.82572 
24.05 -5.84024 
24.1 -5.85479 
24.15 -5.86936 
24.2 -5.88396 
24.25 -5.89859 
24.3 -5.91324 
24.35 -5.92793 
24.4 -5.94263 
24.45 -5.95736 
24.5 -5.97212 
24.55 -5.98691 
24.6 -6.00171 
24.65 -6.01654 
24.7 -6.0314 
24.75 -6.04628 
24.8 -6.06118 
24.85 -6.07611 
24.9 -6.09106 
24.95 -6.10604 
25 -6.12104 
25.05 -6.13607 
25.1 -6.15112 
25.15 -6.16618 
25.2 -6.18128 
25.25 -6.1964 
25.3 -6.21153 
25.35 -6.22669 
25.4 -6.24188 
25.45 -6.25708 
25.5 -6.27231 
25.55 -6.28757 
25.6 -6.30283 
25.65 -6.31813 
25.7 -6.33344 
25.75 -6.34877 
25.8 -6.36413 
25.85 -6.37951 
25.9 -6.3949 
25.95 -6.41031 
26 -6.42575 
26.05 -6.4412 
26.1 -6.45668 
26.15 -6.47217 
26.2 -6.48769 
26.25 -6.50322 
26.3 -6.51878 
26.35 -6.53435 
26.4 -6.54993 
26.45 -6.56554 
26.5 -6.58117 
26.55 -6.59681 
26.6 -6.61247 
26.65 -6.62816 
26.7 -6.64386 
26.75 -6.65957 
26.8 -6.67531 
26.85 -6.69105 
26.9 -6.70681 
26.95 -6.7226 
27 -6.7384 
27.05 -6.75421 
27.1 -6.77005 
27.15 -6.78589 
27.2 -6.80175 
27.25 -6.81763 
27.3 -6.83352 
27.35 -6.84944 
27.4 -6.86536 
27.45 -6.88129 
27.5 -6.89725 
27.55 -6.91322 
27.6 -6.92919 
27.65 -6.94519 
27.7 -6.96121 
27.75 -6.97722 
27.8 -6.99326 
27.85 -7.00931 
27.9 -7.02538 
27.95 -7.04145 
28 -7.05754 
28.05 -7.07364 
28.1 -7.08976 
28.15 -7.10588 
28.2 -7.12202 
28.25 -7.13817 
28.3 -7.15434 
28.35 -7.17051 
28.4 -7.1867 
28.45 -7.20289 
28.5 -7.21909 
28.55 -7.23531 
28.6 -7.25154 
28.65 -7.26777 
28.7 -7.28403 
28.75 -7.30029 
28.8 -7.31656 
28.85 -7.33283 
28.9 -7.34912 
28.95 -7.36542 
29 -7.38173 
29.05 -7.39803 
29.1 -7.41435 
29.15 -7.43069 
29.2 -7.44703 
29.25 -7.46338 
29.3 -7.47974 
29.35 -7.49611 
29.4 -7.51248 
29.45 -7.52886 
29.5 -7.54524 
29.55 -7.56164 
29.6 -7.57804 
29.65 -7.59445 
29.7 -7.61086 
29.75 -7.62729 
29.8 -7.64371 
29.85 -7.66014 
29.9 -7.67659 
29.95 -7.69302 
30 -7.70948 
30.05 -7.72593 
30.1 -7.7424 
30.15 -7.75885 
30.2 -7.77532 
30.25 -7.79179 
30.3 -7.80828 
30.35 -7.82476 
30.4 -7.84124 
30.45 -7.85774 
30.5 -7.87424 
30.55 -7.89073 
30.6 -7.90724 
30.65 -7.92375 
30.7 -7.94026 
30.75 -7.95675 
30.8 -7.97327 
30.85 -7.98979 
30.9 -8.00631 
30.95 -8.02282 
31 -8.03934 
31.05 -8.05586 
31.1 -8.07239 
31.15 -8.08891 
31.2 -8.10544 
31.25 -8.12197 
31.3 -8.13851 
31.35 -8.15504 
31.4 -8.17156 
31.45 -8.18809 
31.5 -8.20462 
31.55 -8.22115 
31.6 -8.23768 
31.65 -8.25421 
31.7 -8.27074 
31.75 -8.28726 
31.8 -8.30379 
31.85 -8.32032 
31.9 -8.33684 
31.95 -8.35336 
32 -8.36988 
32.05 -8.3864 
32.1 -8.40291 
32.15 -8.41944 
32.2 -8.43593 
32.25 -8.45246 
32.3 -8.46896 
32.35 -8.48546 
32.4 -8.50197 
32.45 -8.51847 
32.5 -8.53495 
32.55 -8.55145 
32.6 -8.56792 
32.65 -8.58441 
32.7 -8.6009 
32.75 -8.61737 
32.8 -8.63384 
32.85 -8.6503 
32.9 -8.66676 
32.95 -8.68322 
33 -8.69967 
33.05 -8.71612 
33.1 -8.73255 
33.15 -8.74899 
33.2 -8.76541 
33.25 -8.78182 
33.3 -8.79825 
33.35 -8.81465 
33.4 -8.83106 
33.45 -8.84746 
33.5 -8.86385 
33.55 -8.88022 
33.6 -8.8966 
33.65 -8.91297 
33.7 -8.92933 
33.75 -8.94568 
33.8 -8.96203 
33.85 -8.97835 
33.9 -8.99469 
33.95 -9.01101 
34 -9.02732 
34.05 -9.04362 
34.1 -9.05991 
34.15 -9.07618 
34.2 -9.09246 
34.25 -9.10872 
34.3 -9.12499 
34.35 -9.14123 
34.4 -9.15746 
34.45 -9.17369 
34.5 -9.18991 
34.55 -9.20611 
34.6 -9.22232 
34.65 -9.23848 
34.7 -9.25466 
34.75 -9.27083 
34.8 -9.28696 
34.85 -9.3031 
34.9 -9.31923 
34.95 -9.33534 
35 -9.35146 
35.05 -9.36754 
35.1 -9.38363 
35.15 -9.39968 
35.2 -9.41574 
35.25 -9.43178 
35.3 -9.44781 
35.35 -9.46383 
35.4 -9.47983 
35.45 -9.49583 
35.5 -9.51179 
35.55 -9.52775 
35.6 -9.5437 
35.65 -9.55964 
35.7 -9.57556 
35.75 -9.59146 
35.8 -9.60736 
35.85 -9.62324 
35.9 -9.63909 
35.95 -9.65494 
36 -9.67077 
36.05 -9.68659 
36.1 -9.70238 
36.15 -9.71817 
36.2 -9.73395 
36.25 -9.74969 
36.3 -9.76544 
36.35 -9.78116 
36.4 -9.79686 
36.45 -9.81255 
36.5 -9.82822 
36.55 -9.84389 
36.6 -9.85953 
36.65 -9.87514 
36.7 -9.89074 
36.75 -9.90634 
36.8 -9.92191 
36.85 -9.93744 
36.9 -9.95298 
36.95 -9.9685 
37 -9.98399 
37.05 -9.99949 
37.1 -10.0149 
37.15 -10.0304 
37.2 -10.0458 
37.25 -10.0612 
37.3 -10.0766 
37.35 -10.092 
37.4 -10.1073 
37.45 -10.1226 
37.5 -10.1379 
37.55 -10.1532 
37.6 -10.1685 
37.65 -10.1837 
37.7 -10.199 
37.75 -10.2142 
37.8 -10.2294 
37.85 -10.2445 
37.9 -10.2597 
37.95 -10.2748 
38 -10.2899 
38.05 -10.305 
38.1 -10.3201 
38.15 -10.3351 
38.2 -10.3501 
38.25 -10.3651 
38.3 -10.3801 
38.35 -10.395 
38.4 -10.41 
38.45 -10.4249 
38.5 -10.4398 
38.55 -10.4546 
38.6 -10.4695 
38.65 -10.4843 
38.7 -10.4991 
38.75 -10.5139 
38.8 -10.5286 
38.85 -10.5433 
38.9 -10.558 
38.95 -10.5727 
39 -10.5873 
39.05 -10.602 
39.1 -10.6166 
39.15 -10.6312 
39.2 -10.6457 
39.25 -10.6603 
39.3 -10.6748 
39.35 -10.6893 
39.4 -10.7037 
39.45 -10.7182 
39.5 -10.7326 
39.55 -10.7469 
39.6 -10.7613 
39.65 -10.7756 
39.7 -10.7899 
39.75 -10.8042 
39.8 -10.8185 
39.85 -10.8327 
39.9 -10.8469 
39.95 -10.8611 
40 -10.8752 
40.05 -10.8894 
40.1 -10.9035 
40.15 -10.9175 
40.2 -10.9316 
40.25 -10.9456 
40.3 -10.9596 
40.35 -10.9735 
40.4 -10.9875 
40.45 -11.0014 
40.5 -11.0153 
40.55 -11.0291 
40.6 -11.0429 
40.65 -11.0567 
40.7 -11.0705 
40.75 -11.0842 
40.8 -11.0979 
40.85 -11.1116 
40.9 -11.1253 
40.95 -11.1389 
41 -11.1525 
41.05 -11.1661 
41.1 -11.1796 
41.15 -11.1931 
41.2 -11.2066 
41.25 -11.22 
41.3 -11.2335 
41.35 -11.2469 
41.4 -11.2602 
41.45 -11.2736 
41.5 -11.2869 
41.55 -11.3001 
41.6 -11.3134 
41.65 -11.3266 
41.7 -11.3398 
41.75 -11.3529 
41.8 -11.366 
41.85 -11.3791 
41.9 -11.3922 
41.95 -11.4052 
42 -11.4182 
42.05 -11.4312 
42.1 -11.4441 
42.15 -11.457 
42.2 -11.4699 
42.25 -11.4827 
42.3 -11.4955 
42.35 -11.5083 
42.4 -11.521 
42.45 -11.5337 
42.5 -11.5464 
42.55 -11.5591 
42.6 -11.5717 
42.65 -11.5843 
42.7 -11.5968 
42.75 -11.6093 
42.8 -11.6218 
42.85 -11.6343 
42.9 -11.6467 
42.95 -11.6591 
43 -11.6714 
43.05 -11.6837 
43.1 -11.696 
43.15 -11.7083 
43.2 -11.7205 
43.25 -11.7327 
43.3 -11.7448 
43.35 -11.7569 
43.4 -11.769 
43.45 -11.7811 
43.5 -11.7931 
43.55 -11.8051 
43.6 -11.817 
43.65 -11.8289 
43.7 -11.8408 
43.75 -11.8527 
43.8 -11.8645 
43.85 -11.8762 
43.9 -11.888 
43.95 -11.8997 
44 -11.9113 
44.05 -11.923 
44.1 -11.9346 
44.15 -11.9461 
44.2 -11.9577 
44.25 -11.9692 
44.3 -11.9806 
44.35 -11.9921 
44.4 -12.0034 
44.45 -12.0148 
44.5 -12.0261 
44.55 -12.0374 
44.6 -12.0486 
44.65 -12.0598 
44.7 -12.071 
44.75 -12.0821 
44.8 -12.0932 
44.85 -12.1043 
44.9 -12.1153 
44.95 -12.1263 
45 -12.1372 
45.05 -12.1482 
45.1 -12.159 
45.15 -12.1699 
45.2 -12.1807 
45.25 -12.1915 
45.3 -12.2022 
45.35 -12.2129 
45.4 -12.2235 
45.45 -12.2341 
45.5 -12.2447 
45.55 -12.2553 
45.6 -12.2658 
45.65 -12.2762 
45.7 -12.2867 
45.75 -12.2971 
45.8 -12.3074 
45.85 -12.3177 
45.9 -12.328 
45.95 -12.3383 
46 -12.3484 
46.05 -12.3586 
46.1 -12.3687 
46.15 -12.3788 
46.2 -12.3889 
46.25 -12.3989 
46.3 -12.4089 
46.35 -12.4188 
46.4 -12.4287 
46.45 -12.4385 
46.5 -12.4484 
46.55 -12.4581 
46.6 -12.4679 
46.65 -12.4776 
46.7 -12.4872 
46.75 -12.4968 
46.8 -12.5064 
46.85 -12.516 
46.9 -12.5255 
46.95 -12.5349 
47 -12.5443 
47.05 -12.5537 
47.1 -12.5631 
47.15 -12.5724 
47.2 -12.5817 
47.25 -12.5909 
47.3 -12.6 
47.35 -12.6092 
47.4 -12.6183 
47.45 -12.6274 
47.5 -12.6364 
47.55 -12.6454 
47.6 -12.6543 
47.65 -12.6632 
47.7 -12.6721 
47.75 -12.6809 
47.8 -12.6897 
47.85 -12.6984 
47.9 -12.7072 
47.95 -12.7158 
48 -12.7244 
48.05 -12.733 
48.1 -12.7416 
48.15 -12.7501 
48.2 -12.7585 
48.25 -12.7669 
48.3 -12.7753 
48.35 -12.7837 
48.4 -12.792 
48.45 -12.8002 
48.5 -12.8084 
48.55 -12.8166 
48.6 -12.8247 
48.65 -12.8328 
48.7 -12.8409 
48.75 -12.8489 
48.8 -12.8568 
48.85 -12.8648 
48.9 -12.8727 
48.95 -12.8805 
49 -12.8883 
49.05 -12.896 
49.1 -12.9038 
49.15 -12.9114 
49.2 -12.9191 
49.25 -12.9267 
49.3 -12.9342 
49.35 -12.9417 
49.4 -12.9492 
49.45 -12.9566 
49.5 -12.964 
49.55 -12.9714 
49.6 -12.9787 
49.65 -12.9859 
49.7 -12.9931 
49.75 -13.0003 
49.8 -13.0074 
49.85 -13.0145 
49.9 -13.0216 
49.95 -13.0286 
50 -13.0356 
50.05 -13.0425 
50.1 -13.0494 
50.15 -13.0562 
50.2 -13.063 
50.25 -13.0698 
50.3 -13.0765 
50.35 -13.0831 
50.4 -13.0897 
50.45 -13.0963 
50.5 -13.1029 
50.55 -13.1094 
50.6 -13.1158 
50.65 -13.1222 
50.7 -13.1286 
50.75 -13.1349 
50.8 -13.1412 
50.85 -13.1475 
50.9 -13.1537 
50.95 -13.1598 
51 -13.1659 
51.05 -13.172 
51.1 -13.1781 
51.15 -13.184 
51.2 -13.19 
51.25 -13.1959 
51.3 -13.2017 
51.35 -13.2076 
51.4 -13.2133 
51.45 -13.2191 
51.5 -13.2248 
51.55 -13.2304 
51.6 -13.236 
51.65 -13.2416 
51.7 -13.2471 
51.75 -13.2525 
51.8 -13.258 
51.85 -13.2634 
51.9 -13.2687 
51.95 -13.274 
52 -13.2793 
52.05 -13.2845 
52.1 -13.2897 
52.15 -13.2948 
52.2 -13.2999 
52.25 -13.3049 
52.3 -13.3099 
52.35 -13.3149 
52.4 -13.3198 
52.45 -13.3247 
52.5 -13.3295 
52.55 -13.3343 
52.6 -13.339 
52.65 -13.3437 
52.7 -13.3484 
52.75 -13.353 
52.8 -13.3576 
52.85 -13.3621 
52.9 -13.3666 
52.95 -13.371 
53 -13.3754 
53.05 -13.3798 
53.1 -13.3841 
53.15 -13.3883 
53.2 -13.3926 
53.25 -13.3968 
53.3 -13.4009 
53.35 -13.405 
53.4 -13.409 
53.45 -13.4131 
53.5 -13.417 
53.55 -13.4209 
53.6 -13.4248 
53.65 -13.4286 
53.7 -13.4324 
53.75 -13.4362 
53.8 -13.4399 
53.85 -13.4436 
53.9 -13.4472 
53.95 -13.4508 
54 -13.4543 
54.05 -13.4578 
54.1 -13.4612 
54.15 -13.4647 
54.2 -13.468 
54.25 -13.4713 
54.3 -13.4746 
54.35 -13.4778 
54.4 -13.481 
54.45 -13.4842 
54.5 -13.4873 
54.55 -13.4903 
54.6 -13.4933 
54.65 -13.4963 
54.7 -13.4992 
54.75 -13.5021 
54.8 -13.505 
54.85 -13.5078 
54.9 -13.5106 
54.95 -13.5133 
55 -13.5159 
55.05 -13.5186 
55.1 -13.5212 
55.15 -13.5237 
55.2 -13.5262 
55.25 -13.5287 
55.3 -13.5311 
55.35 -13.5335 
55.4 -13.5358 
55.45 -13.5381 
55.5 -13.5403 
55.55 -13.5425 
55.6 -13.5447 
55.65 -13.5468 
55.7 -13.5489 
55.75 -13.5509 
55.8 -13.5529 
55.85 -13.5549 
55.9 -13.5568 
55.95 -13.5587 
56 -13.5605 
56.05 -13.5622 
56.1 -13.564 
56.15 -13.5657 
56.2 -13.5673 
56.25 -13.569 
56.3 -13.5705 
56.35 -13.572 
56.4 -13.5735 
56.45 -13.5749 
56.5 -13.5764 
56.55 -13.5777 
56.6 -13.579 
56.65 -13.5803 
56.7 -13.5815 
56.75 -13.5827 
56.8 -13.5839 
56.85 -13.585 
56.9 -13.586 
56.95 -13.587 
57 -13.588 
57.05 -13.5889 
57.1 -13.5898 
57.15 -13.5907 
57.2 -13.5915 
57.25 -13.5923 
57.3 -13.593 
57.35 -13.5937 
57.4 -13.5943 
57.45 -13.5949 
57.5 -13.5955 
57.55 -13.596 
57.6 -13.5965 
57.65 -13.5969 
57.7 -13.5973 
57.75 -13.5977 
57.8 -13.598 
57.85 -13.5982 
57.9 -13.5985 
57.95 -13.5987 
58 -13.5988 
58.05 -13.5989 
58.1 -13.599 
58.15 -13.599 
58.2 -13.599 
58.25 -13.5989 
58.3 -13.5988 
58.35 -13.5987 
58.4 -13.5985 
58.45 -13.5982 
58.5 -13.598 
58.55 -13.5977 
58.6 -13.5973 
58.65 -13.5969 
58.7 -13.5965 
58.75 -13.5961 
58.8 -13.5956 
58.85 -13.595 
58.9 -13.5944 
58.95 -13.5938 
59 -13.5931 
59.05 -13.5924 
59.1 -13.5916 
59.15 -13.5908 
59.2 -13.59 
59.25 -13.5892 
59.3 -13.5882 
59.35 -13.5873 
59.4 -13.5863 
59.45 -13.5853 
59.5 -13.5842 
59.55 -13.5831 
59.6 -13.5819 
59.65 -13.5807 
59.7 -13.5795 
59.75 -13.5782 
59.8 -13.5769 
59.85 -13.5756 
59.9 -13.5742 
59.95 -13.5727 
60 -13.5713 
60.05 -13.5698 
60.1 -13.5682 
60.15 -13.5666 
60.2 -13.565 
60.25 -13.5633 
60.3 -13.5616 
60.35 -13.5599 
60.4 -13.5581 
60.45 -13.5563 
60.5 -13.5544 
60.55 -13.5525 
60.6 -13.5506 
60.65 -13.5486 
60.7 -13.5466 
60.75 -13.5445 
60.8 -13.5424 
60.85 -13.5403 
60.9 -13.5381 
60.95 -13.5359 
61 -13.5337 
61.05 -13.5314 
61.1 -13.5291 
61.15 -13.5267 
61.2 -13.5243 
61.25 -13.5219 
61.3 -13.5194 
61.35 -13.5169 
61.4 -13.5143 
61.45 -13.5117 
61.5 -13.5091 
61.55 -13.5064 
61.6 -13.5037 
61.65 -13.501 
61.7 -13.4982 
61.75 -13.4954 
61.8 -13.4926 
61.85 -13.4897 
61.9 -13.4867 
61.95 -13.4838 
62 -13.4807 
62.05 -13.4777 
62.1 -13.4746 
62.15 -13.4715 
62.2 -13.4684 
62.25 -13.4652 
62.3 -13.462 
62.35 -13.4587 
62.4 -13.4554 
62.45 -13.4521 
62.5 -13.4487 
62.55 -13.4453 
62.6 -13.4419 
62.65 -13.4384 
62.7 -13.4349 
62.75 -13.4313 
62.8 -13.4277 
62.85 -13.4241 
62.9 -13.4204 
62.95 -13.4167 
63 -13.413 
63.05 -13.4093 
63.1 -13.4054 
63.15 -13.4016 
63.2 -13.3977 
63.25 -13.3938 
63.3 -13.3899 
63.35 -13.3859 
63.4 -13.3819 
63.45 -13.3778 
63.5 -13.3738 
63.55 -13.3696 
63.6 -13.3655 
63.65 -13.3613 
63.7 -13.3571 
63.75 -13.3528 
63.8 -13.3485 
63.85 -13.3442 
63.9 -13.3398 
63.95 -13.3354 
64 -13.331 
64.05 -13.3265 
64.1 -13.322 
64.15 -13.3175 
64.2 -13.3129 
64.25 -13.3083 
64.3 -13.3036 
64.35 -13.299 
64.4 -13.2943 
64.45 -13.2895 
64.5 -13.2848 
64.55 -13.2799 
64.6 -13.2751 
64.65 -13.2702 
64.7 -13.2653 
64.75 -13.2604 
64.8 -13.2554 
64.85 -13.2504 
64.9 -13.2454 
64.95 -13.2403 
65 -13.2352 
65.05 -13.23 
65.1 -13.2249 
65.15 -13.2196 
65.2 -13.2144 
65.25 -13.2092 
65.3 -13.2039 
65.35 -13.1985 
65.4 -13.1932 
65.45 -13.1877 
65.5 -13.1823 
65.55 -13.1769 
65.6 -13.1714 
65.65 -13.1658 
65.7 -13.1603 
65.75 -13.1547 
65.8 -13.149 
65.85 -13.1434 
65.9 -13.1377 
65.95 -13.132 
66 -13.1262 
66.05 -13.1205 
66.1 -13.1147 
66.15 -13.1088 
66.2 -13.1029 
66.25 -13.097 
66.3 -13.0911 
66.35 -13.0851 
66.4 -13.0791 
66.45 -13.0731 
66.5 -13.067 
66.55 -13.061 
66.6 -13.0548 
66.65 -13.0487 
66.7 -13.0425 
66.75 -13.0363 
66.8 -13.03 
66.85 -13.0238 
66.9 -13.0175 
66.95 -13.0111 
67 -13.0048 
67.05 -12.9984 
67.1 -12.992 
67.15 -12.9855 
67.2 -12.9791 
67.25 -12.9725 
67.3 -12.966 
67.35 -12.9595 
67.4 -12.9528 
67.45 -12.9462 
67.5 -12.9396 
67.55 -12.9329 
67.6 -12.9262 
67.65 -12.9195 
67.7 -12.9127 
67.75 -12.9059 
67.8 -12.8991 
67.85 -12.8922 
67.9 -12.8853 
67.95 -12.8784 
68 -12.8715 
68.05 -12.8645 
68.1 -12.8575 
68.15 -12.8505 
68.2 -12.8434 
68.25 -12.8364 
68.3 -12.8293 
68.35 -12.8221 
68.4 -12.815 
68.45 -12.8078 
68.5 -12.8006 
68.55 -12.7933 
68.6 -12.7861 
68.65 -12.7788 
68.7 -12.7714 
68.75 -12.7641 
68.8 -12.7567 
68.85 -12.7493 
68.9 -12.7419 
68.95 -12.7344 
69 -12.727 
69.05 -12.7195 
69.1 -12.7119 
69.15 -12.7044 
69.2 -12.6968 
69.25 -12.6892 
69.3 -12.6815 
69.35 -12.6739 
69.4 -12.6662 
69.45 -12.6585 
69.5 -12.6507 
69.55 -12.643 
69.6 -12.6352 
69.65 -12.6273 
69.7 -12.6195 
69.75 -12.6116 
69.8 -12.6038 
69.85 -12.5958 
69.9 -12.5879 
69.95 -12.5799 
70 -12.572 
70.05 -12.5639 
70.1 -12.5559 
70.15 -12.5478 
70.2 -12.5397 
70.25 -12.5316 
70.3 -12.5235 
70.35 -12.5153 
70.4 -12.5072 
70.45 -12.499 
70.5 -12.4907 
70.55 -12.4825 
70.6 -12.4742 
70.65 -12.4659 
70.7 -12.4576 
70.75 -12.4492 
70.8 -12.4409 
70.85 -12.4325 
70.9 -12.424 
70.95 -12.4156 
71 -12.4071 
71.05 -12.3986 
71.1 -12.3901 
71.15 -12.3816 
71.2 -12.3731 
71.25 -12.3645 
71.3 -12.3559 
71.35 -12.3473 
71.4 -12.3386 
71.45 -12.33 
71.5 -12.3213 
71.55 -12.3126 
71.6 -12.3038 
71.65 -12.2951 
71.7 -12.2863 
71.75 -12.2775 
71.8 -12.2687 
71.85 -12.2599 
71.9 -12.251 
71.95 -12.2421 
72 -12.2332 
72.05 -12.2243 
72.1 -12.2154 
72.15 -12.2064 
72.2 -12.1974 
72.25 -12.1884 
72.3 -12.1794 
72.35 -12.1703 
72.4 -12.1613 
72.45 -12.1522 
72.5 -12.1431 
72.55 -12.134 
72.6 -12.1248 
72.65 -12.1157 
72.7 -12.1065 
72.75 -12.0973 
72.8 -12.0881 
72.85 -12.0788 
72.9 -12.0695 
72.95 -12.0602 
73 -12.0509 
73.05 -12.0416 
73.1 -12.0323 
73.15 -12.0229 
73.2 -12.0136 
73.25 -12.0042 
73.3 -11.9948 
73.35 -11.9853 
73.4 -11.9759 
73.45 -11.9664 
73.5 -11.9569 
73.55 -11.9474 
73.6 -11.9379 
73.65 -11.9283 
73.7 -11.9188 
73.75 -11.9092 
73.8 -11.8996 
73.85 -11.89 
73.9 -11.8803 
73.95 -11.8707 
74 -11.861 
74.05 -11.8513 
74.1 -11.8416 
74.15 -11.8319 
74.2 -11.8222 
74.25 -11.8124 
74.3 -11.8027 
74.35 -11.7929 
74.4 -11.7831 
74.45 -11.7733 
74.5 -11.7634 
74.55 -11.7536 
74.6 -11.7437 
74.65 -11.7338 
74.7 -11.7239 
74.75 -11.714 
74.8 -11.7041 
74.85 -11.6941 
74.9 -11.6842 
74.95 -11.6742 
75 -11.6642 
75.05 -11.6542 
75.1 -11.6441 
75.15 -11.6341 
75.2 -11.624 
75.25 -11.614 
75.3 -11.6039 
75.35 -11.5938 
75.4 -11.5836 
75.45 -11.5735 
75.5 -11.5634 
75.55 -11.5532 
75.6 -11.543 
75.65 -11.5328 
75.7 -11.5226 
75.75 -11.5124 
75.8 -11.5022 
75.85 -11.4919 
75.9 -11.4816 
75.95 -11.4714 
76 -11.4611 
76.05 -11.4508 
76.1 -11.4404 
76.15 -11.4301 
76.2 -11.4198 
76.25 -11.4094 
76.3 -11.399 
76.35 -11.3886 
76.4 -11.3782 
76.45 -11.3678 
76.5 -11.3574 
76.55 -11.347 
76.6 -11.3365 
76.65 -11.3261 
76.7 -11.3156 
76.75 -11.3051 
76.8 -11.2946 
76.85 -11.2841 
76.9 -11.2735 
76.95 -11.263 
77 -11.2524 
77.05 -11.2419 
77.1 -11.2313 
77.15 -11.2207 
77.2 -11.2101 
77.25 -11.1995 
77.3 -11.1889 
77.35 -11.1783 
77.4 -11.1676 
77.45 -11.157 
77.5 -11.1463 
77.55 -11.1356 
77.6 -11.1249 
77.65 -11.1142 
77.7 -11.1035 
77.75 -11.0928 
77.8 -11.082 
77.85 -11.0713 
77.9 -11.0606 
77.95 -11.0498 
78 -11.039 
78.05 -11.0282 
78.1 -11.0174 
78.15 -11.0066 
78.2 -10.9958 
78.25 -10.985 
78.3 -10.9741 
78.35 -10.9633 
78.4 -10.9524 
78.45 -10.9416 
78.5 -10.9307 
78.55 -10.9198 
78.6 -10.9089 
78.65 -10.898 
78.7 -10.8871 
78.75 -10.8762 
78.8 -10.8652 
78.85 -10.8543 
78.9 -10.8433 
78.95 -10.8324 
79 -10.8214 
79.05 -10.8104 
79.1 -10.7994 
79.15 -10.7884 
79.2 -10.7774 
79.25 -10.7664 
79.3 -10.7554 
79.35 -10.7444 
79.4 -10.7333 
79.45 -10.7223 
79.5 -10.7112 
79.55 -10.7002 
79.6 -10.6891 
79.65 -10.678 
79.7 -10.667 
79.75 -10.6559 
79.8 -10.6447 
79.85 -10.6336 
79.9 -10.6225 
79.95 -10.6114 
80 -10.6003 
80.05 -10.5891 
80.1 -10.578 
80.15 -10.5669 
80.2 -10.5557 
80.25 -10.5445 
80.3 -10.5334 
80.35 -10.5222 
80.4 -10.511 
80.45 -10.4998 
80.5 -10.4886 
80.55 -10.4774 
80.6 -10.4662 
80.65 -10.455 
80.7 -10.4438 
80.75 -10.4325 
80.8 -10.4213 
80.85 -10.4101 
80.9 -10.3988 
80.95 -10.3876 
81 -10.3763 
81.05 -10.365 
81.1 -10.3538 
81.15 -10.3425 
81.2 -10.3312 
81.25 -10.3199 
81.3 -10.3086 
81.35 -10.2974 
81.4 -10.2861 
81.45 -10.2747 
81.5 -10.2635 
81.55 -10.2521 
81.6 -10.2408 
81.65 -10.2295 
81.7 -10.2182 
81.75 -10.2068 
81.8 -10.1955 
81.85 -10.1841 
81.9 -10.1728 
81.95 -10.1614 
82 -10.1501 
82.05 -10.1387 
82.1 -10.1274 
82.15 -10.116 
82.2 -10.1046 
82.25 -10.0933 
82.3 -10.0819 
82.35 -10.0705 
82.4 -10.0591 
82.45 -10.0477 
82.5 -10.0363 
82.55 -10.0249 
82.6 -10.0135 
82.65 -10.0021 
82.7 -9.99072 
82.75 -9.9793 
82.8 -9.96792 
82.85 -9.95649 
82.9 -9.94507 
82.95 -9.93365 
83 -9.92223 
83.05 -9.91079 
83.1 -9.89937 
83.15 -9.88792 
83.2 -9.8765 
83.25 -9.86505 
83.3 -9.85363 
83.35 -9.84217 
83.4 -9.83073 
83.45 -9.81929 
83.5 -9.80785 
83.55 -9.79639 
83.6 -9.78493 
83.65 -9.77349 
83.7 -9.76204 
83.75 -9.75057 
83.8 -9.73913 
83.85 -9.72765 
83.9 -9.71621 
83.95 -9.70473 
84 -9.69326 
84.05 -9.68179 
84.1 -9.67034 
84.15 -9.65887 
84.2 -9.6474 
84.25 -9.63593 
84.3 -9.62445 
84.35 -9.61297 
84.4 -9.60151 
84.45 -9.59003 
84.5 -9.57857 
84.55 -9.5671 
84.6 -9.55561 
84.65 -9.54412 
84.7 -9.53264 
84.75 -9.52117 
84.8 -9.50971 
84.85 -9.49821 
84.9 -9.48674 
84.95 -9.47525 
85 -9.46378 
85.05 -9.4523 
85.1 -9.44082 
85.15 -9.42935 
85.2 -9.41787 
85.25 -9.40639 
85.3 -9.39491 
85.35 -9.38342 
85.4 -9.37194 
85.45 -9.36048 
85.5 -9.34899 
85.55 -9.33753 
85.6 -9.32605 
85.65 -9.31458 
85.7 -9.30309 
85.75 -9.29162 
85.8 -9.28015 
85.85 -9.26868 
85.9 -9.25722 
85.95 -9.24573 
86 -9.23426 
86.05 -9.22278 
86.1 -9.21133 
86.15 -9.19987 
86.2 -9.18841 
86.25 -9.17694 
86.3 -9.16548 
86.35 -9.15404 
86.4 -9.14256 
86.45 -9.13111 
86.5 -9.11965 
86.55 -9.10822 
86.6 -9.09675 
86.65 -9.08532 
86.7 -9.07386 
86.75 -9.06243 
86.8 -9.05097 
86.85 -9.03953 
86.9 -9.0281 
86.95 -9.01666 
87 -9.00523 
87.05 -8.99379 
87.1 -8.98236 
87.15 -8.97093 
87.2 -8.95951 
87.25 -8.94809 
87.3 -8.93668 
87.35 -8.92526 
87.4 -8.91385 
87.45 -8.90243 
87.5 -8.89102 
87.55 -8.87962 
87.6 -8.86821 
87.65 -8.85682 
87.7 -8.84542 
87.75 -8.83402 
87.8 -8.82264 
87.85 -8.81125 
87.9 -8.79986 
87.95 -8.78849 
88 -8.77711 
88.05 -8.76573 
88.1 -8.75436 
88.15 -8.74299 
88.2 -8.73163 
88.25 -8.72026 
88.3 -8.70891 
88.35 -8.69756 
88.4 -8.68622 
88.45 -8.67487 
88.5 -8.66351 
88.55 -8.6522 
88.6 -8.64085 
88.65 -8.62951 
88.7 -8.61821 
88.75 -8.60687 
88.8 -8.59556 
88.85 -8.58426 
88.9 -8.57294 
88.95 -8.56162 
89 -8.55035 
89.05 -8.53904 
89.1 -8.52776 
89.15 -8.51646 
89.2 -8.50519 
89.25 -8.49391 
89.3 -8.48263 
89.35 -8.47136 
89.4 -8.4601 
89.45 -8.44884 
89.5 -8.43759 
89.55 -8.42633 
89.6 -8.41509 
89.65 -8.40387 
89.7 -8.39263 
89.75 -8.38139 
89.8 -8.37016 
89.85 -8.35894 
89.9 -8.34773 
89.95 -8.33652 
90 -8.32533 
90.05 -8.31412 
90.1 -8.30294 
90.15 -8.29175 
90.2 -8.28056 
90.25 -8.26938 
90.3 -8.25821 
90.35 -8.24705 
90.4 -8.23589 
90.45 -8.22473 
90.5 -8.2136 
90.55 -8.20245 
90.6 -8.1913 
90.65 -8.18017 
90.7 -8.16905 
90.75 -8.15792 
90.8 -8.1468 
90.85 -8.1357 
90.9 -8.12462 
90.95 -8.11349 
91 -8.10242 
91.05 -8.09132 
91.1 -8.08024 
91.15 -8.06917 
91.2 -8.05812 
91.25 -8.04706 
91.3 -8.03601 
91.35 -8.02496 
91.4 -8.01391 
91.45 -8.00289 
91.5 -7.99187 
91.55 -7.98083 
91.6 -7.96982 
91.65 -7.95881 
91.7 -7.94781 
91.75 -7.93682 
91.8 -7.92584 
91.85 -7.91485 
91.9 -7.90388 
91.95 -7.8929 
92 -7.88194 
92.05 -7.87097 
92.1 -7.86004 
92.15 -7.84911 
92.2 -7.83817 
92.25 -7.82725 
92.3 -7.81631 
92.35 -7.80541 
92.4 -7.7945 
92.45 -7.78361 
92.5 -7.77272 
92.55 -7.76184 
92.6 -7.75095 
92.65 -7.74009 
92.7 -7.72923 
92.75 -7.71837 
92.8 -7.70754 
92.85 -7.69668 
92.9 -7.68585 
92.95 -7.67502 
93 -7.6642 
93.05 -7.6534 
93.1 -7.64258 
93.15 -7.6318 
93.2 -7.62101 
93.25 -7.61022 
93.3 -7.59944 
93.35 -7.58867 
93.4 -7.57792 
93.45 -7.56718 
93.5 -7.55643 
93.55 -7.54569 
93.6 -7.53497 
93.65 -7.52424 
93.7 -7.51353 
93.75 -7.50283 
93.8 -7.49214 
93.85 -7.48145 
93.9 -7.47076 
93.95 -7.46011 
94 -7.44942 
94.05 -7.43878 
94.1 -7.42812 
94.15 -7.41748 
94.2 -7.40686 
94.25 -7.39623 
94.3 -7.38561 
94.35 -7.375 
94.4 -7.36441 
94.45 -7.35381 
94.5 -7.34323 
94.55 -7.33266 
94.6 -7.32208 
94.65 -7.31152 
94.7 -7.30096 
94.75 -7.29043 
94.8 -7.27989 
94.85 -7.26936 
94.9 -7.25884 
94.95 -7.24833 
95 -7.23784 
95.05 -7.22735 
95.1 -7.21686 
95.15 -7.20638 
95.2 -7.19592 
95.25 -7.18545 
95.3 -7.17501 
95.35 -7.16456 
95.4 -7.15413 
95.45 -7.1437 
95.5 -7.13328 
95.55 -7.12288 
95.6 -7.11247 
95.65 -7.10208 
95.7 -7.09169 
95.75 -7.08132 
95.8 -7.07096 
95.85 -7.06059 
95.9 -7.05024 
95.95 -7.03991 
96 -7.02957 
96.05 -7.01925 
96.1 -7.00894 
96.15 -6.99863 
96.2 -6.98833 
96.25 -6.97804 
96.3 -6.96776 
96.35 -6.95749 
96.4 -6.94723 
96.45 -6.93697 
96.5 -6.92673 
96.55 -6.91649 
96.6 -6.90626 
96.65 -6.89604 
96.7 -6.88583 
96.75 -6.87564 
96.8 -6.86544 
96.85 -6.85526 
96.9 -6.84508 
96.95 -6.83491 
97 -6.82475 
97.05 -6.81461 
97.1 -6.80446 
97.15 -6.79434 
97.2 -6.78421 
97.25 -6.7741 
97.3 -6.76399 
97.35 -6.75389 
97.4 -6.74381 
97.45 -6.73373 
97.5 -6.72365 
97.55 -6.71359 
97.6 -6.70354 
97.65 -6.6935 
97.7 -6.68345 
97.75 -6.67343 
97.8 -6.66342 
97.85 -6.65341 
97.9 -6.6434 
97.95 -6.63341 
98 -6.62342 
98.05 -6.61345 
98.1 -6.60349 
98.15 -6.59353 
98.2 -6.58358 
98.25 -6.57364 
98.3 -6.56371 
98.35 -6.55378 
98.4 -6.54387 
98.45 -6.53396 
98.5 -6.52407 
98.55 -6.51417 
98.6 -6.50429 
98.65 -6.49441 
98.7 -6.48455 
98.75 -6.4747 
98.8 -6.46485 
98.85 -6.45501 
98.9 -6.44517 
98.95 -6.43535 
99 -6.42554 
99.05 -6.41572 
99.1 -6.40592 
99.15 -6.39612 
99.2 -6.38634 
99.25 -6.37657 
99.3 -6.3668 
99.35 -6.35703 
99.4 -6.34727 
99.45 -6.33753 
99.5 -6.32779 
99.55 -6.31806 
99.6 -6.30832 
99.65 -6.2986 
99.7 -6.28889 
99.75 -6.27918 
99.8 -6.26948 
99.85 -6.25978 
99.9 -6.25009 
99.95 -6.24041 
100 -6.23073 
100.05 -6.22106 
100.1 -6.21139 
100.15 -6.20173 
100.2 -6.19208 
100.25 -6.18242 
100.3 -6.17277 
100.35 -6.16312 
100.4 -6.15348 
100.45 -6.14385 
100.5 -6.13421 
100.55 -6.12459 
100.6 -6.11496 
100.65 -6.10534 
100.7 -6.09571 
100.75 -6.08609 
100.8 -6.07648 
100.85 -6.06686 
100.9 -6.05724 
100.95 -6.04764 
101 -6.03802 
101.05 -6.02841 
101.1 -6.01879 
101.15 -6.00918 
101.2 -5.99956 
101.25 -5.98994 
101.3 -5.98032 
101.35 -5.97071 
101.4 -5.96109 
101.45 -5.95146 
101.5 -5.94183 
101.55 -5.9322 
101.6 -5.92256 
101.65 -5.91293 
101.7 -5.90328 
101.75 -5.89363 
101.8 -5.88397 
101.85 -5.87432 
101.9 -5.86465 
101.95 -5.85497 
102 -5.84529 
102.05 -5.8356 
102.1 -5.8259 
102.15 -5.8162 
102.2 -5.80649 
102.25 -5.79677 
102.3 -5.78704 
102.35 -5.77728 
102.4 -5.76753 
102.45 -5.75777 
102.5 -5.748 
102.55 -5.73821 
102.6 -5.72841 
102.65 -5.71861 
102.7 -5.70879 
102.75 -5.69896 
102.8 -5.68911 
102.85 -5.67925 
102.9 -5.66939 
102.95 -5.6595 
103 -5.64961 
103.05 -5.63971 
103.1 -5.62978 
103.15 -5.61986 
103.2 -5.6099 
103.25 -5.59994 
103.3 -5.58997 
103.35 -5.57998 
103.4 -5.56997 
103.45 -5.55996 
103.5 -5.54993 
103.55 -5.5399 
103.6 -5.52983 
103.65 -5.51977 
103.7 -5.50969 
103.75 -5.4996 
103.8 -5.48949 
103.85 -5.47937 
103.9 -5.46925 
103.95 -5.45911 
104 -5.44896 
104.05 -5.43881 
104.1 -5.42863 
104.15 -5.41844 
104.2 -5.40826 
104.25 -5.39805 
104.3 -5.38785 
104.35 -5.37763 
104.4 -5.36741 
104.45 -5.35719 
104.5 -5.34695 
104.55 -5.33672 
104.6 -5.32647 
104.65 -5.31622 
104.7 -5.30596 
104.75 -5.29572 
104.8 -5.28546 
104.85 -5.27521 
104.9 -5.26495 
104.95 -5.25469 
105 -5.24444 
105.05 -5.23419 
105.1 -5.22394 
105.15 -5.21369 
105.2 -5.20345 
105.25 -5.19322 
105.3 -5.18299 
105.35 -5.17277 
105.4 -5.16256 
105.45 -5.15236 
105.5 -5.14217 
105.55 -5.132 
105.6 -5.12183 
105.65 -5.11168 
105.7 -5.10153 
105.75 -5.09141 
105.8 -5.08131 
105.85 -5.07121 
105.9 -5.06115 
105.95 -5.05109 
106 -5.04106 
106.05 -5.03104 
106.1 -5.02106 
106.15 -5.01109 
106.2 -5.00115 
106.25 -4.99123 
106.3 -4.98133 
106.35 -4.97146 
106.4 -4.96162 
106.45 -4.95182 
106.5 -4.94203 
106.55 -4.93228 
106.6 -4.92256 
106.65 -4.91287 
106.7 -4.9032 
106.75 -4.89358 
106.8 -4.88399 
106.85 -4.87444 
106.9 -4.86492 
106.95 -4.85543 
107 -4.84598 
107.05 -4.83656 
107.1 -4.82719 
107.15 -4.81785 
107.2 -4.80855 
107.25 -4.7993 
107.3 -4.79009 
107.35 -4.7809 
107.4 -4.77177 
107.45 -4.76267 
107.5 -4.75361 
107.55 -4.74461 
107.6 -4.73564 
107.65 -4.72671 
107.7 -4.71782 
107.75 -4.70899 
107.8 -4.7002 
107.85 -4.69145 
107.9 -4.68274 
107.95 -4.67407 
108 -4.66546 
108.05 -4.65689 
108.1 -4.64836 
108.15 -4.63988 
108.2 -4.63143 
108.25 -4.62304 
108.3 -4.6147 
108.35 -4.6064 
108.4 -4.59814 
108.45 -4.58993 
108.5 -4.58177 
108.55 -4.57365 
108.6 -4.56558 
108.65 -4.55755 
108.7 -4.54956 
108.75 -4.54162 
108.8 -4.53373 
108.85 -4.52588 
108.9 -4.51808 
108.95 -4.51032 
109 -4.50259 
109.05 -4.49492 
109.1 -4.4873 
109.15 -4.4797 
109.2 -4.47217 
109.25 -4.46467 
109.3 -4.45721 
109.35 -4.4498 
109.4 -4.44242 
109.45 -4.4351 
109.5 -4.42781 
109.55 -4.42056 
109.6 -4.41336 
109.65 -4.40619 
109.7 -4.39906 
109.75 -4.39198 
109.8 -4.38493 
109.85 -4.37793 
109.9 -4.37096 
109.95 -4.36403 
110 -4.35714 
110.05 -4.35029 
110.1 -4.34346 
110.15 -4.33669 
110.2 -4.32994 
110.25 -4.32323 
110.3 -4.31657 
110.35 -4.30993 
110.4 -4.30333 
110.45 -4.29677 
110.5 -4.29023 
110.55 -4.28373 
110.6 -4.27727 
110.65 -4.27084 
110.7 -4.26444 
110.75 -4.25807 
110.8 -4.25174 
110.85 -4.24543 
110.9 -4.23916 
110.95 -4.23292 
111 -4.22671 
111.05 -4.22053 
111.1 -4.21438 
111.15 -4.20826 
111.2 -4.20216 
111.25 -4.19609 
111.3 -4.19006 
111.35 -4.18405 
111.4 -4.17806 
111.45 -4.17212 
111.5 -4.16618 
111.55 -4.16028 
111.6 -4.1544 
111.65 -4.14856 
111.7 -4.14273 
111.75 -4.13694 
111.8 -4.13116 
111.85 -4.12542 
111.9 -4.11969 
111.95 -4.11399 
112 -4.10832 
112.05 -4.10267 
112.1 -4.09704 
112.15 -4.09144 
112.2 -4.08586 
112.25 -4.0803 
112.3 -4.07476 
112.35 -4.06925 
112.4 -4.06376 
112.45 -4.05829 
112.5 -4.05284 
112.55 -4.0474 
112.6 -4.042 
112.65 -4.03659 
112.7 -4.03121 
112.75 -4.02586 
112.8 -4.02052 
112.85 -4.01519 
112.9 -4.00988 
112.95 -4.00458 
113 -3.99931 
113.05 -3.99404 
113.1 -3.98879 
113.15 -3.98356 
113.2 -3.97834 
113.25 -3.97313 
113.3 -3.96795 
113.35 -3.96277 
113.4 -3.9576 
113.45 -3.95246 
113.5 -3.94732 
113.55 -3.94219 
113.6 -3.93708 
113.65 -3.93198 
113.7 -3.92689 
113.75 -3.92183 
113.8 -3.91676 
113.85 -3.91171 
113.9 -3.90667 
113.95 -3.90164 
114 -3.89663 
114.05 -3.89161 
114.1 -3.88662 
114.15 -3.88163 
114.2 -3.87666 
114.25 -3.87169 
114.3 -3.86673 
114.35 -3.86178 
114.4 -3.85685 
114.45 -3.85193 
114.5 -3.84701 
114.55 -3.84209 
114.6 -3.8372 
114.65 -3.83231 
114.7 -3.82742 
114.75 -3.82256 
114.8 -3.81769 
114.85 -3.81283 
