2298
0
114.85
-3.812819481
-3.807970762
-3.803132057
-3.79830575
-3.793486357
-3.788671017
-3.78386426
-3.779070854
-3.774281979
-3.769500971
-3.764726162
-3.759965897
-3.755207539
-3.750459909
-3.745718479
-3.740995407
-3.736269474
-3.731559277
-3.72685051
-3.72215867
-3.71747303
-3.712790728
-3.708125591
-3.703464031
-3.698818445
-3.694180012
-3.689549685
-3.684931517
-3.68032074
-3.675729752
-3.671143532
-3.666560411
-3.662005186
-3.657450914
-3.652914047
-3.648388624
-3.643871784
-3.639368296
-3.634887695
-3.630410194
-3.625957012
-3.621508837
-3.617087603
-3.612670898
-3.60827899
-3.603898525
-3.599534273
-3.595179558
-3.590854406
-3.586549044
-3.582253456
-3.577980995
-3.573727131
-3.569497347
-3.565278292
-3.561087132
-3.556912661
-3.552767515
-3.54863596
-3.544527292
-3.540447474
-3.536386967
-3.532349825
-3.528342724
-3.524356365
-3.520391226
-3.51645422
-3.512542009
-3.5086658
-3.504806757
-3.500973701
-3.497169971
-3.49339509
-3.489653111
-3.485931158
-3.482241392
-3.478585005
-3.474956989
-3.47135663
-3.46779108
-3.464255333
-3.460748434
-3.457272291
-3.45383215
-3.450425863
-3.447047472
-3.443705559
-3.440400124
-3.43712163
-3.433879852
-3.43067193
-3.427504301
-3.424368143
-3.421266556
-3.418199778
-3.415173292
-3.412178755
-3.409223557
-3.406305552
-3.403424501
-3.40058279
-3.397776365
-3.395010233
-3.392282248
-3.389588594
-3.386936426
-3.384327888
-3.381753206
-3.379222155
-3.376730204
-3.3742764
-3.371865749
-3.369496346
-3.367167234
-3.364877701
-3.362630844
-3.360430956
-3.358264208
-3.356148958
-3.354067087
-3.352032185
-3.350040197
-3.34809351
-3.346183538
-3.344323874
-3.342504025
-3.340736151
-3.339004993
-3.337317467
-3.335680008
-3.334080696
-3.332533836
-3.331023216
-3.329567909
-3.328151226
-3.326782227
-3.325461864
-3.324187517
-3.322956562
-3.321778059
-3.32063508
-3.319545984
-3.318503857
-3.317506075
-3.316559315
-3.315662622
-3.314807653
-3.314002514
-3.313247919
-3.312539101
-3.311876535
-3.311264277
-3.310701132
-3.31019187
-3.30971694
-3.309302807
-3.308934689
-3.3086164
-3.308351517
-3.308131695
-3.307961941
-3.307838202
-3.307773352
-3.307748556
-3.307780266
-3.307861567
-3.307995558
-3.30817914
-3.308409214
-3.308692694
-3.309028149
-3.309409142
-3.309845209
-3.310338497
-3.310873032
-3.311463356
-3.312101126
-3.312799454
-3.313542604
-3.314335108
-3.315187693
-3.316090584
-3.317040682
-3.318045139
-3.319099903
-3.320208549
-3.321371317
-3.322582722
-3.32384491
-3.325166941
-3.326534033
-3.327959538
-3.329434395
-3.330968142
-3.332549334
-3.33418417
-3.335870981
-3.33761096
-3.339402437
-3.341252565
-3.343149424
-3.34510541
-3.347106695
-3.349169016
-3.351278782
-3.353446245
-3.355668783
-3.357938766
-3.360266209
-3.362647533
-3.365073442
-3.367566824
-3.370107412
-3.372701406
-3.375348806
-3.378050566
-3.3808043
-3.383614779
-3.386476517
-3.389395475
-3.392363787
-3.395386696
-3.398458004
-3.401594162
-3.404778481
-3.408020258
-3.411313295
-3.414660931
-3.418062449
-3.421512127
-3.425020456
-3.42858386
-3.43219924
-3.435868263
-3.439593077
-3.443370819
-3.447197676
-3.451084375
-3.45502305
-3.459012985
-3.463061333
-3.467159271
-3.471317291
-3.475521803
-3.479785681
-3.484099627
-3.488463879
-3.492888212
-3.497360468
-3.501896858
-3.506477833
-3.511113167
-3.515804768
-3.520547867
-3.525346518
-3.530193329
-3.535100937
-3.540055513
-3.545065165
-3.550131083
-3.555246592
-3.560420275
-3.565643787
-3.570910454
-3.576248407
-3.581633568
-3.587067366
-3.592551231
-3.598096848
-3.603694201
-3.609340668
-3.615042686
-3.62079668
-3.626597881
-3.632460594
-3.638371944
-3.644333124
-3.650355816
-3.656421185
-3.662547827
-3.668721437
-3.674946547
-3.681225777
-3.687551737
-3.693938494
-3.700374603
-3.706856966
-3.713397264
-3.719986677
-3.726631403
-3.733326197
-3.740072489
-3.746869802
-3.753718853
-3.760619879
-3.767569304
-3.774576902
-3.7816329
-3.788739443
-3.795895576
-3.803102732
-3.810357809
-3.817670822
-3.825031281
-3.832444429
-3.839901924
-3.847418308
-3.854981661
-3.862596989
-3.870261669
-3.877973557
-3.88574338
-3.893556833
-3.901421547
-3.909334898
-3.917298079
-3.925313473
-3.93337822
-3.941489458
-3.94965148
-3.957868814
-3.966133118
-3.974440575
-3.982803822
-3.991209745
-3.999670744
-4.008179188
-4.016725063
-4.025331497
-4.033987999
-4.042688847
-4.051435471
-4.0602355
-4.06908083
-4.077976704
-4.086919308
-4.095907688
-4.104940414
-4.114029884
-4.123164654
-4.132341862
-4.141569614
-4.150841236
-4.160165787
-4.169539452
-4.178951263
-4.188410282
-4.197922707
-4.207478523
-4.21708107
-4.226727962
-4.236422062
-4.246161938
-4.255950928
-4.265781879
-4.275660515
-4.285583973
-4.295553207
-4.305568695
-4.315628052
-4.325732708
-4.335880756
-4.346078396
-4.356315136
-4.36660099
-4.376930237
-4.387303352
-4.39771843
-4.40817976
-4.418688297
-4.429238319
-4.439831257
-4.450470924
-4.461149693
-4.471869469
-4.482644558
-4.493451118
-4.504304409
-4.515207291
-4.526142597
-4.53712225
-4.548150539
-4.559215546
-4.570328236
-4.581474781
-4.592669964
-4.603905678
-4.615179539
-4.626495838
-4.637854576
-4.649251938
-4.660695076
-4.672183514
-4.683704376
-4.695272446
-4.706878662
-4.718521595
-4.730208874
-4.741932392
-4.75369978
-4.765506268
-4.777349949
-4.789237499
-4.80116272
-4.813126087
-4.825124264
-4.837170601
-4.849249363
-4.861368656
-4.873522758
-4.885722637
-4.897959709
-4.910232067
-4.922542572
-4.934892178
-4.947278023
-4.959705353
-4.972166061
-4.984666348
-4.997207642
-5.009773254
-5.022384644
-5.035027027
-5.047709942
-5.060429573
-5.073185444
-5.085972309
-5.098801613
-5.111663818
-5.12456274
-5.137498379
-5.150469303
-5.163468361
-5.176506519
-5.189581394
-5.202693462
-5.215829849
-5.229009151
-5.242218971
-5.255460739
-5.268739223
-5.282057762
-5.295403481
-5.308778286
-5.322187424
-5.335636616
-5.349113941
-5.362622738
-5.37616539
-5.389748573
-5.403346539
-5.416987896
-5.430658817
-5.444364548
-5.458096027
-5.471868992
-5.485663414
-5.499488831
-5.513356209
-5.527240276
-5.541158199
-5.555112362
-5.569089413
-5.583106995
-5.597144127
-5.611214638
-5.625312328
-5.639444828
-5.653597355
-5.667789459
-5.681997299
-5.696248055
-5.710520744
-5.724825382
-5.739155293
-5.75351572
-5.767899036
-5.782308578
-5.796755791
-5.811217308
-5.825716496
-5.840236187
-5.854786396
-5.869361877
-5.883958817
-5.898586273
-5.91324234
-5.927928448
-5.942633152
-5.957357407
-5.972122669
-5.986905575
-6.001707077
-6.016539574
-6.031396389
-6.046276093
-6.061181545
-6.076113224
-6.091063499
-6.106041908
-6.121037006
-6.136066914
-6.151118755
-6.166184902
-6.181282997
-6.196395397
-6.21153307
-6.226693153
-6.241883278
-6.257083416
-6.272312164
-6.287569046
-6.302832603
-6.318125248
-6.333438873
-6.348769188
-6.364126682
-6.379505157
-6.394897938
-6.410308361
-6.425749779
-6.44119978
-6.456677914
-6.472173214
-6.487688541
-6.503221035
-6.518775463
-6.534345627
-6.549931049
-6.565540791
-6.581167698
-6.596814632
-6.612474442
-6.628155231
-6.643855095
-6.659567356
-6.675306797
-6.691049576
-6.706809998
-6.722599983
-6.738400459
-6.754211426
-6.770045757
-6.785892487
-6.801749706
-6.817632198
-6.833521366
-6.849435329
-6.865356445
-6.881291866
-6.897246361
-6.913216114
-6.929193974
-6.945194244
-6.96120739
-6.97722435
-6.993263721
-7.00931263
-7.025376797
-7.041451454
-7.057540894
-7.073642731
-7.089755058
-7.105880737
-7.122023106
-7.138171196
-7.154337883
-7.170511723
-7.186696053
-7.202887058
-7.219094276
-7.235312462
-7.251542568
-7.267772675
-7.284027576
-7.3002882
-7.316563606
-7.332826614
-7.349115372
-7.36541605
-7.381732941
-7.398028851
-7.414351463
-7.430692196
-7.447031021
-7.463383675
-7.479744434
-7.496109009
-7.512477875
-7.528860092
-7.545241356
-7.561639786
-7.578038216
-7.594446182
-7.610863209
-7.62728548
-7.643712044
-7.6601367
-7.676585197
-7.693021774
-7.709477425
-7.725932598
-7.742399216
-7.758854389
-7.775315762
-7.791791439
-7.808281898
-7.824763775
-7.84124279
-7.857741356
-7.874236107
-7.890733719
-7.907236576
-7.92374754
-7.940255642
-7.9567523
-7.973269939
-7.989794731
-8.006307602
-8.022817612
-8.039338112
-8.05586338
-8.072387695
-8.088914871
-8.105437279
-8.121966362
-8.138507843
-8.15503788
-8.171562195
-8.188089371
-8.204616547
-8.221151352
-8.237682343
-8.254212379
-8.270736694
-8.287257195
-8.303787231
-8.320320129
-8.336837769
-8.353360176
-8.369882584
-8.386401176
-8.402913094
-8.419435501
-8.435934067
-8.452459335
-8.468956947
-8.485461235
-8.501966476
-8.518470764
-8.534948349
-8.551449776
-8.5679245
-8.584412575
-8.600901604
-8.617371559
-8.633838654
-8.650298119
-8.666760445
-8.68321991
-8.699672699
-8.716116905
-8.732553482
-8.748989105
-8.765407562
-8.781824112
-8.798254013
-8.814653397
-8.831063271
-8.847459793
-8.86384964
-8.880218506
-8.896597862
-8.912973404
-8.929327965
-8.945680618
-8.962025642
-8.978349686
-8.994690895
-9.011014938
-9.027316093
-9.043619156
-9.059908867
-9.076184273
-9.092463493
-9.108724594
-9.124990463
-9.141225815
-9.157464027
-9.173689842
-9.189905167
-9.206105232
-9.222316742
-9.238484383
-9.254658699
-9.27082634
-9.286962509
-9.303103447
-9.319231033
-9.335343361
-9.351461411
-9.367543221
-9.383625031
-9.399682045
-9.415739059
-9.43178463
-9.447809219
-9.463831902
-9.479829788
-9.495827675
-9.511792183
-9.52775383
-9.543704033
-9.559636116
-9.575561523
-9.591461182
-9.607357025
-9.623239517
-9.639088631
-9.654937744
-9.670771599
-9.686588287
-9.702384949
-9.718174934
-9.733950615
-9.74969101
-9.765440941
-9.781158447
-9.796861649
-9.812552452
-9.828222275
-9.843886375
-9.859527588
-9.875138283
-9.890738487
-9.906337738
-9.921908379
-9.937438965
-9.952980995
-9.968500137
-9.983994484
-9.99948597
-10.014925
-10.03039074
-10.04580116
-10.06120872
-10.07659435
-10.09196281
-10.10731411
-10.12263298
-10.13794804
-10.15322495
-10.16851139
-10.18373966
-10.19898701
-10.21418285
-10.22937107
-10.24454212
-10.25968647
-10.27480984
-10.28990555
-10.30499268
-10.32006264
-10.33509636
-10.3501215
-10.36511803
-10.38009453
-10.39504433
-10.4099884
-10.42489243
-10.43978214
-10.45463276
-10.46947956
-10.48427582
-10.49907589
-10.51385117
-10.52860069
-10.54333687
-10.55802727
-10.57271194
-10.58734798
-10.60198879
-10.61661148
-10.63117981
-10.64574814
-10.66026211
-10.67478466
-10.68926239
-10.70373249
-10.71816063
-10.7325592
-10.7469492
-10.76129341
-10.77563763
-10.7899332
-10.80422306
-10.81848049
-10.83269691
-10.8469162
-10.86107349
-10.87523556
-10.88935947
-10.90345669
-10.91753483
-10.93156624
-10.94558525
-10.95957279
-10.97353649
-10.98745728
-11.0013876
-11.01525593
-11.02911282
-11.04292679
-11.05671787
-11.07049465
-11.08424568
-11.09794617
-11.1116209
-11.12529182
-11.13890266
-11.15249538
-11.16607857
-11.17960453
-11.19311619
-11.20658016
-11.22004986
-11.23346615
-11.24685287
-11.26021576
-11.27355671
-11.28685093
-11.30012321
-11.3133707
-11.32658005
-11.33976364
-11.35291004
-11.36602783
-11.37912655
-11.39217854
-11.40519905
-11.41819382
-11.43115425
-11.44408894
-11.4569912
-11.46986485
-11.48269749
-11.49551201
-11.50829315
-11.52103519
-11.53374577
-11.54641819
-11.55905819
-11.57168579
-11.58426285
-11.59681225
-11.60932541
-11.62180805
-11.63426208
-11.6466856
-11.6590662
-11.67140961
-11.68373871
-11.69601345
-11.70826912
-11.72050476
-11.73268127
-11.74482536
-11.75694942
-11.76902866
-11.78108215
-11.79309654
-11.80508995
-11.81702137
-11.82893658
-11.84081268
-11.85265636
-11.86446095
-11.87623596
-11.88797855
-11.89967918
-11.91134739
-11.92297935
-11.93459606
-11.94614792
-11.95767403
-11.96916771
-11.98061752
-11.99205589
-12.00343609
-12.0147934
-12.02609158
-12.03737736
-12.04861546
-12.05983067
-12.07100773
-12.08212948
-12.09322262
-12.10429573
-12.11531639
-12.1262989
-12.13724804
-12.14817429
-12.15904617
-12.16988277
-12.18069172
-12.19146061
-12.20218086
-12.21287632
-12.22352886
-12.23414612
-12.24473572
-12.25526905
-12.26577568
-12.27623749
-12.28666401
-12.29706001
-12.30741024
-12.31773567
-12.32801056
-12.33825588
-12.34844589
-12.35861301
-12.36873531
-12.37883377
-12.38886356
-12.39887905
-12.40885353
-12.41879177
-12.42867661
-12.43852806
-12.44835186
-12.45811462
-12.46786404
-12.47755623
-12.48720646
-12.49683762
-12.50641632
-12.51596546
-12.5254631
-12.53492546
-12.54434776
-12.55373859
-12.56308651
-12.57238197
-12.58165169
-12.59086609
-12.60004997
-12.60919476
-12.6183176
-12.62738419
-12.63639832
-12.64537144
-12.65432644
-12.6632328
-12.67210388
-12.68092442
-12.68970776
-12.69844723
-12.70716763
-12.7158165
-12.72444344
-12.73303413
-12.7415638
-12.75006485
-12.75852776
-12.76694107
-12.77532578
-12.78365803
-12.79195499
-12.80020523
-12.80842686
-12.81659985
-12.82472229
-12.8328228
-12.84087086
-12.84886551
-12.85684299
-12.86477184
-12.87265873
-12.88049412
-12.88831806
-12.8960495
-12.9037838
-12.91144466
-12.91910553
-12.92669201
-12.9342308
-12.94174099
-12.94922066
-12.95663834
-12.96403599
-12.97136593
-12.97866154
-12.98592472
-12.9931469
-13.00033474
-13.00743961
-13.01453781
-13.02159405
-13.02859879
-13.03556824
-13.04248428
-13.04937172
-13.05619431
-13.06299591
-13.06975555
-13.07647133
-13.0831337
-13.08974934
-13.0963316
-13.10287666
-13.10938168
-13.11584663
-13.12223816
-13.12861443
-13.13494301
-13.14123154
-13.14748383
-13.1536808
-13.15983391
-13.16594887
-13.17201996
-13.17805195
-13.1840353
-13.18998528
-13.19587898
-13.20174599
-13.20755863
-13.21333218
-13.21906281
-13.22476864
-13.2304163
-13.23599815
-13.24155903
-13.24708652
-13.25254726
-13.25798512
-13.26337814
-13.26870728
-13.27402687
-13.27928066
-13.28448963
-13.28966808
-13.29478741
-13.2998867
-13.30492878
-13.30992222
-13.31489849
-13.31979942
-13.32466698
-13.32949352
-13.33427048
-13.33901978
-13.34371471
-13.34836864
-13.35299015
-13.35755539
-13.36207867
-13.36658573
-13.37100792
-13.37539196
-13.37977314
-13.38406181
-13.38833141
-13.39255428
-13.39675426
-13.40088654
-13.40497971
-13.40903091
-13.41305447
-13.41700172
-13.42092228
-13.42480946
-13.4286375
-13.43242741
-13.43618202
-13.43989658
-13.44355106
-13.44717789
-13.45075893
-13.45429516
-13.45778179
-13.46122074
-13.46465111
-13.46800613
-13.4713068
-13.47460461
-13.47782898
-13.48102093
-13.48416042
-13.48728657
-13.49033356
-13.49334908
-13.49632645
-13.4992485
-13.50214577
-13.50499439
-13.50780678
-13.51055622
-13.51328373
-13.5159483
-13.51858616
-13.52116776
-13.52372932
-13.5262289
-13.52869129
-13.53109837
-13.53347778
-13.53580856
-13.53809166
-13.54034805
-13.54254913
-13.54469967
-13.54683685
-13.54891014
-13.55093956
-13.55293465
-13.55488491
-13.55678558
-13.55865765
-13.56047821
-13.56224918
-13.56398869
-13.56567669
-13.56733322
-13.56895638
-13.57051659
-13.57202721
-13.57352734
-13.57494831
-13.57636642
-13.57769108
-13.5790329
-13.58030033
-13.58152866
-13.58271694
-13.58385372
-13.58496857
-13.58602142
-13.58704185
-13.58802128
-13.5889492
-13.5898447
-13.59070587
-13.59150982
-13.59228802
-13.59300423
-13.59369564
-13.5943222
-13.59493637
-13.59549141
-13.59600258
-13.59650707
-13.59691525
-13.59730816
-13.59767342
-13.59798336
-13.59823799
-13.59848118
-13.59865761
-13.59878826
-13.59890079
-13.59897232
-13.59899998
-13.59898758
-13.59890461
-13.59880257
-13.59866714
-13.59849072
-13.59823895
-13.59800243
-13.59769154
-13.597332
-13.59694195
-13.59652805
-13.59605694
-13.59555626
-13.59499645
-13.59440422
-13.59376907
-13.59310722
-13.59241009
-13.5916481
-13.59084415
-13.5900116
-13.58915901
-13.58823681
-13.5872879
-13.5863018
-13.58526134
-13.5841856
-13.58308029
-13.58191013
-13.58072281
-13.57949162
-13.57822323
-13.57691097
-13.57555294
-13.5741539
-13.57274055
-13.57128525
-13.56975651
-13.56820965
-13.56663132
-13.56497765
-13.56332684
-13.56162167
-13.55989075
-13.55810547
-13.55626869
-13.5544138
-13.55252934
-13.55057907
-13.54860973
-13.54659176
-13.54452896
-13.54243469
-13.54030037
-13.53812981
-13.53591633
-13.53368473
-13.53139591
-13.52906513
-13.52671432
-13.52431965
-13.52185535
-13.5193882
-13.51688671
-13.51432323
-13.51173401
-13.50909424
-13.50644016
-13.50373459
-13.50100136
-13.49821281
-13.49541759
-13.49256325
-13.48965263
-13.48672295
-13.48375702
-13.48074818
-13.47772408
-13.47464466
-13.47152901
-13.4683876
-13.46519566
-13.46197224
-13.4587059
-13.45542336
-13.45209026
-13.448699
-13.44530869
-13.44186974
-13.43838501
-13.43486881
-13.43130207
-13.42772388
-13.42410088
-13.42044163
-13.41674137
-13.41302681
-13.4092617
-13.40544128
-13.40161896
-13.3977375
-13.39381409
-13.38988209
-13.3859024
-13.38187885
-13.3778429
-13.37375355
-13.36962414
-13.36545753
-13.36128712
-13.3570509
-13.35277939
-13.34848976
-13.34417915
-13.33980846
-13.33541489
-13.33097267
-13.32650089
-13.32199574
-13.31747437
-13.31288052
-13.30828381
-13.30362988
-13.29898071
-13.29426193
-13.28953838
-13.28475094
-13.27993584
-13.27512074
-13.27023792
-13.26531792
-13.26038933
-13.25540257
-13.25039101
-13.24536228
-13.24027634
-13.23515892
-13.23004627
-13.22486401
-13.21964836
-13.21443272
-13.20916176
-13.20385265
-13.19851112
-13.1931591
-13.18773937
-13.18232536
-13.17685127
-13.17136288
-13.16582489
-13.16025448
-13.15468025
-13.14904976
-13.14338589
-13.13771534
-13.13198471
-13.12624073
-13.12046814
-13.11465645
-13.10879326
-13.10292625
-13.09703541
-13.09109592
-13.08511543
-13.07913876
-13.0731039
-13.06703281
-13.06095028
-13.05483913
-13.04867554
-13.04249763
-13.03628063
-13.03004932
-13.02378464
-13.01747417
-13.01114368
-13.00478649
-12.9984169
-12.99196625
-12.98552418
-12.9790554
-12.97253895
-12.96599293
-12.95945072
-12.95284939
-12.94622135
-12.93956089
-12.93289089
-12.9261837
-12.91945171
-12.9126749
-12.90588188
-12.89906216
-12.89218807
-12.88532925
-12.87842178
-12.87147713
-12.86449718
-12.8575058
-12.85049057
-12.84344482
-12.83636475
-12.82925606
-12.82212067
-12.81497097
-12.80780888
-12.80057049
-12.79334259
-12.78605556
-12.77877998
-12.77144146
-12.7640934
-12.75673485
-12.74933052
-12.74189758
-12.73444176
-12.72696495
-12.71945763
-12.71192169
-12.70437431
-12.69677734
-12.68916416
-12.68154335
-12.67386723
-12.66616821
-12.65846062
-12.65072441
-12.64296436
-12.63517857
-12.62734413
-12.61950874
-12.61163616
-12.60377312
-12.59584522
-12.58790684
-12.57993984
-12.57195473
-12.56393433
-12.55589867
-12.54784107
-12.53974628
-12.53164482
-12.52350616
-12.51533222
-12.50715733
-12.49895668
-12.49072075
-12.48247051
-12.47419357
-12.46587276
-12.45755959
-12.44920921
-12.44085026
-12.43245602
-12.42402363
-12.41558361
-12.4071312
-12.39864063
-12.39014244
-12.38159847
-12.37305164
-12.36448288
-12.35588551
-12.3472681
-12.33862686
-12.32996941
-12.32128716
-12.3125658
-12.30383205
-12.29508972
-12.28632355
-12.27753067
-12.26869774
-12.25986862
-12.25101566
-12.2421236
-12.23324203
-12.22431755
-12.21535969
-12.20641136
-12.19741726
-12.18842316
-12.17939377
-12.17033577
-12.1612854
-12.15219116
-12.14309978
-12.13397789
-12.12482071
-12.11565781
-12.10647964
-12.09728432
-12.08805561
-12.07879543
-12.06953907
-12.06024265
-12.05093288
-12.04162788
-12.03229809
-12.02293396
-12.01355743
-12.00416851
-11.99475193
-11.98531342
-11.97585964
-11.9664135
-11.9569149
-11.94739532
-11.93786812
-11.92833424
-11.91878128
-11.9091835
-11.89958191
-11.88996792
-11.8803463
-11.87069702
-11.86102676
-11.85134125
-11.84164429
-11.83191681
-11.82219124
-11.81244755
-11.80266953
-11.79288101
-11.78308392
-11.77326679
-11.76341629
-11.75356674
-11.74368477
-11.73382378
-11.72390175
-11.71400738
-11.70405102
-11.69411373
-11.68415928
-11.67415619
-11.66416931
-11.65415096
-11.64413452
-11.63408089
-11.62402916
-11.61396503
-11.60386372
 -11.59375
-11.58363914
-11.5735054
-11.56335354
-11.55317783
-11.5430088
-11.53281879
-11.52261353
-11.51239204
-11.5021553
-11.49190235
-11.481637
-11.47136402
-11.46108246
-11.45075798
-11.4404459
-11.43011284
-11.41977501
-11.4094162
-11.39903545
-11.38864994
-11.37824249
-11.36784649
-11.35741806
-11.3469696
-11.33652115
-11.32605743
-11.315588
-11.30508995
-11.29459286
-11.28407097
-11.27354717
-11.26299572
-11.25244999
-11.24189663
-11.23132801
-11.22073841
-11.21012974
-11.19951916
-11.1889019
-11.17826557
-11.16762733
-11.15696716
-11.14628696
-11.13561344
-11.12491798
-11.11422253
-11.10350895
-11.09277058
-11.0820446
-11.07130527
-11.06056595
-11.04978752
-11.03900814
-11.02822304
-11.01742744
-11.00660801
-10.99579334
-10.98497486
-10.97413254
-10.96328926
-10.95241737
-10.94156456
-10.93068409
-10.91980457
-10.90890408
-10.89798355
-10.88706779
-10.87615108
-10.86521339
-10.85427952
-10.84332466
-10.8323698
-10.82140064
-10.81040955
-10.79942799
-10.7884407
-10.77742481
-10.76640987
-10.75539207
-10.74436569
-10.73334312
-10.72229195
-10.71123028
-10.70017624
-10.68911171
-10.67803288
-10.66695404
-10.65585709
-10.64474583
-10.63364124
-10.62253475
-10.61142063
-10.60028648
-10.58913326
-10.57799339
-10.56685734
-10.55568981
-10.54452896
-10.5333662
-10.52217865
-10.51099777
-10.49981308
-10.48862076
-10.47741413
-10.46619606
-10.45498753
-10.44376945
-10.43253994
-10.42130756
-10.41007328
-10.39880848
-10.38755417
-10.37630272
-10.36503983
-10.35378551
-10.34250355
-10.33121967
-10.31993771
-10.30864525
-10.29736328
-10.28605175
-10.27474499
-10.26345158
-10.25213623
-10.24081421
-10.22947216
-10.218153
-10.20682144
-10.19547462
-10.18414497
-10.17279625
-10.16144848
-10.1500988
-10.13871956
-10.12737751
-10.1160183
-10.10463047
-10.09325409
-10.08186626
-10.070508
-10.05911827
-10.04772282
-10.03631306
-10.02493858
-10.01352596
-10.00212097
-9.990722656
-9.979300499
-9.967915535
-9.956486702
-9.945069313
-9.933650017
-9.922226906
-9.910787582
-9.899366379
-9.88792038
-9.876496315
-9.865049362
-9.853629112
-9.84217453
-9.830731392
-9.819291115
-9.807847977
-9.796394348
-9.784934998
-9.773486137
-9.76203537
-9.750571251
-9.739126205
-9.72765255
-9.716207504
-9.704728127
-9.693264008
-9.681793213
-9.67033577
-9.658867836
-9.647397995
-9.635929108
-9.624452591
-9.612969398
-9.601507187
-9.590027809
-9.578565598
-9.567100525
-9.555605888
-9.544124603
-9.532644272
-9.521168709
-9.509711266
-9.498213768
-9.486739159
-9.475246429
-9.463775635
-9.452298164
-9.440820694
-9.429348946
-9.417873383
-9.406388283
-9.394908905
-9.383419991
-9.371938705
-9.360480309
-9.348987579
-9.33753109
-9.326045036
-9.314580917
-9.303092957
-9.291621208
-9.280145645
-9.268680573
-9.2572155
-9.245726585
-9.234262466
-9.222784996
-9.211325645
-9.199871063
-9.188409805
-9.176937103
-9.16547966
-9.154036522
-9.142557144
-9.131113052
-9.119652748
-9.108217239
-9.096747398
-9.085317612
-9.073863029
-9.062428474
-9.050971985
-9.039532661
-9.028095245
-9.016655922
-9.005234718
-8.993794441
-8.982364655
-8.970933914
-8.959505081
-8.948094368
-8.936677933
-8.925261497
-8.91384697
-8.902430534
-8.891021729
-8.879622459
-8.868210793
-8.856822968
-8.845424652
-8.834021568
-8.822637558
-8.811247826
-8.799859047
-8.788488388
-8.7771101
-8.765727997
-8.754361153
-8.742990494
-8.731627464
-8.720262527
-8.708912849
-8.697558403
-8.686219215
-8.67486763
-8.66351223
-8.652196884
-8.640852928
-8.629511833
-8.6182127
-8.606870651
-8.595555305
-8.584256172
-8.572940826
-8.561620712
-8.550351143
-8.539040565
-8.527760506
-8.51645565
-8.505185127
-8.493905067
-8.482631683
-8.471364975
-8.460098267
-8.44884491
-8.437585831
-8.426332474
-8.415089607
-8.403867722
-8.392629623
-8.381386757
-8.370160103
-8.358941078
-8.347732544
-8.336522102
-8.325325966
-8.314123154
-8.302936554
-8.291749001
-8.280558586
-8.269375801
-8.258214951
-8.247050285
-8.23588562
-8.224733353
-8.21359539
-8.20244503
-8.191298485
-8.180168152
-8.169046402
-8.157917023
-8.146799088
-8.135699272
-8.124620438
-8.113493919
-8.102420807
-8.091324806
-8.080238342
-8.069171906
-8.058119774
-8.047058105
-8.036005974
-8.02495575
-8.013908386
-8.002885818
-7.991868973
-7.98083353
-7.969822407
-7.958810329
-7.947808743
-7.936818123
-7.925836563
-7.914854527
-7.903884888
-7.892900944
-7.881936073
-7.87097311
-7.860037804
-7.849105358
-7.838174343
-7.827246189
-7.81631279
-7.805408001
-7.794497967
-7.783605099
-7.772716045
-7.761840343
-7.75095129
-7.740091801
-7.729227066
-7.718371868
-7.707537174
-7.696679115
-7.685852051
-7.675021648
-7.664199352
-7.65339613
-7.642584801
-7.631798744
-7.621011257
-7.610215664
-7.599442959
-7.588672638
-7.577923775
-7.567183018
-7.556429863
-7.545689583
-7.534966946
-7.524240017
-7.51352644
-7.502833843
-7.492139816
-7.481451988
-7.47076273
-7.460107327
-7.449416637
-7.438780785
-7.428122997
-7.417484283
-7.406857014
-7.396227837
-7.385609627
-7.375003338
-7.364408016
-7.353806496
-7.343226433
-7.33265686
-7.322080135
-7.311522484
-7.300964832
-7.290425777
-7.279892445
-7.269362926
-7.258841038
-7.248331547
-7.237837791
-7.227347851
-7.21685648
-7.206380367
-7.195919514
-7.18544817
-7.175011158
-7.16455698
-7.154132843
-7.143697262
-7.1332798
-7.122878551
-7.112467289
-7.102081776
-7.091688633
-7.081320763
-7.070959568
-7.060592175
-7.050244808
-7.039905548
-7.029574871
-7.019250393
-7.008936882
-6.998632431
-6.988326073
-6.978044987
-6.967760086
-6.95748806
-6.947229385
-6.936972141
-6.926728249
-6.916491032
-6.906264782
-6.896037102
-6.885829926
-6.875635624
-6.865438461
-6.855259895
-6.845076084
-6.834910393
-6.824750423
-6.814606667
-6.804458618
-6.794340611
-6.784213066
-6.774100304
-6.763988495
-6.753890038
-6.743806362
-6.733725548
-6.723649502
-6.713591576
-6.703541756
-6.693500519
-6.68345499
-6.673426628
-6.663416386
-6.65340519
-6.643404484
-6.633409977
-6.623424053
-6.613453865
-6.603493214
-6.593526363
-6.583583355
-6.573639393
-6.563709259
-6.553781033
-6.543870449
-6.533957481
-6.524066448
-6.514172554
-6.504292488
-6.49441433
-6.484549046
-6.474696159
-6.464845657
-6.455008507
-6.445168972
-6.43534565
-6.425536633
-6.415720463
-6.405920982
-6.396124363
-6.38634491
-6.376567841
-6.366796017
-6.357027531
-6.347267628
-6.337525845
-6.327786446
-6.318056583
-6.30832243
-6.298597813
-6.288885593
-6.279177666
-6.269481182
-6.25977993
-6.250087261
-6.240413189
-6.230726719
-6.221055031
-6.211390495
-6.201728344
-6.192076683
-6.182419777
-6.172766209
-6.163117886
-6.153479576
-6.143848419
-6.134212971
-6.124587536
-6.114958763
-6.105335236
-6.095712662
-6.086091042
-6.076478958
-6.066862583
-6.057237148
-6.04763937
-6.038021564
-6.028409958
-6.018788338
-6.009177685
-5.999558449
-5.989944458
-5.980322361
-5.970708847
-5.961090565
-5.951458931
-5.941830158
-5.932197094
-5.922562599
-5.912926197
-5.903275967
-5.893633366
-5.883971691
-5.874319553
-5.864649773
-5.854971409
-5.845288754
-5.835599899
-5.825902939
-5.816197395
-5.806487083
-5.796768665
-5.787036896
-5.777275085
-5.767532825
-5.757771492
-5.748003483
-5.738213062
-5.728412151
-5.718606472
-5.708789349
-5.698959351
-5.689111233
-5.679253101
-5.669393063
-5.659502029
-5.649609089
-5.639712334
-5.629782677
-5.619856358
-5.609899044
-5.59994173
-5.589971542
-5.579977512
-5.569974422
-5.559962749
-5.549929619
-5.539900303
-5.529829025
-5.519766808
-5.509690285
-5.499597549
-5.489494324
-5.479372978
-5.46925211
-5.45911026
-5.44895792
-5.438805103
-5.428631306
-5.418439388
-5.408261776
-5.398052692
-5.387851715
-5.377631664
-5.367413044
-5.357186317
-5.346950531
-5.336716652
-5.32646656
-5.316218853
-5.305962086
-5.295717239
-5.285457611
-5.275211811
-5.26495266
-5.254687309
-5.244436741
-5.234187126
-5.223940849
-5.213689327
-5.203448296
-5.193220615
-5.182993412
-5.172771931
-5.162561893
-5.1523633
-5.142170429
-5.131998062
-5.121826172
-5.11167717
-5.101532936
-5.091408253
-5.081305504
-5.071213245
-5.06114912
-5.051087856
-5.04105854
-5.031039238
-5.021056652
-5.011093616
-5.00114584
-4.991232395
-4.981329441
-4.97146225
-4.961619377
-4.951817989
-4.942028522
-4.932281494
-4.922559738
-4.912867069
-4.903203487
-4.893582821
-4.883992672
-4.87443924
-4.864916325
-4.855430126
-4.845981598
-4.836560726
-4.827188015
-4.817854881
-4.808548927
-4.799300671
-4.790088654
-4.780904293
-4.771766663
-4.762670994
-4.753613949
-4.744607449
-4.735644817
-4.726714611
-4.717822075
-4.70898819
-4.700196743
-4.691449165
-4.682740211
-4.674074173
-4.665462494
-4.656885147
-4.648357391
-4.63987875
-4.631433964
-4.623042583
-4.614696026
-4.606400967
-4.598142147
-4.589934826
-4.581766129
-4.573650837
-4.5655756
-4.557546616
-4.549558163
-4.541621685
-4.533729553
-4.525875568
-4.51807642
-4.510315895
-4.502593517
-4.494923115
-4.487297535
-4.479703426
-4.472166061
-4.464669704
-4.457213402
-4.449801922
-4.442421913
-4.435098171
-4.427807808
-4.420557022
-4.41336298
-4.406186581
-4.399060249
-4.391979218
-4.38492775
-4.377931595
-4.370958328
-4.364032745
-4.357135296
-4.350291252
-4.343463898
-4.336687565
-4.32994318
-4.323233604
-4.316568375
-4.309928894
-4.303331852
-4.296769142
-4.290230274
-4.283729076
-4.277271271
-4.270836353
-4.264439583
-4.258074284
-4.251739502
-4.245432377
-4.239162922
-4.232919693
-4.22671175
-4.220533848
-4.214383125
-4.208255291
-4.202157021
-4.196094036
-4.190056801
-4.184051037
-4.178062916
-4.172115803
-4.166183949
-4.160284996
-4.154404163
-4.148560524
-4.142733097
-4.136936188
-4.131164074
-4.12541914
-4.11968708
-4.113993168
-4.108316898
-4.102665901
-4.097044945
-4.091443062
-4.085860252
-4.080298901
-4.074763775
-4.069251537
-4.063763618
-4.058287144
-4.052835941
-4.047404289
-4.041997433
-4.036590576
-4.031214237
-4.025856018
-4.020518303
-4.015187263
-4.009880543
-4.004584312
-3.999306917
-3.994040251
-3.988791227
-3.983564138
-3.978340864
-3.973134279
-3.967946053
-3.962768555
-3.957604885
-3.952459574
-3.947317362
-3.942192793
-3.937080145
-3.931982279
-3.926894188
-3.921827078
-3.916763067
-3.911709547
-3.906668901
-3.901639223
-3.896625519
-3.89161253
-3.886619806
-3.881631851
-3.876656532
-3.871688366
-3.866730213
-3.861784935
-3.856848717
-3.851927042
-3.847010374
-3.842093945
-3.837195396
-3.832306623
-3.827419519
-3.82255578
-3.817690372
-3.812834501
