2292
0
114.55
-1.373363256
-1.371481895
-1.369603038
-1.367715955
-1.365828991
-1.363954782
-1.362083197
-1.360205173
-1.35832715
-1.356458902
-1.354586363
-1.352715731
-1.350851178
-1.348991275
-1.347129226
-1.345270753
-1.3434093
-1.341549873
-1.339701891
-1.337845564
-1.335993886
-1.334139824
-1.332289696
-1.330447316
-1.328601599
-1.326759577
-1.324911356
-1.323073149
-1.321235299
-1.319394827
-1.317559361
-1.315724015
-1.313888311
-1.312054038
-1.310224652
-1.308391809
-1.306558609
-1.30472815
-1.302902222
-1.301074862
-1.299251795
-1.297424197
-1.295599937
-1.293773532
-1.29195857
-1.290134549
-1.288310885
-1.286490202
-1.284671545
-1.282854438
-1.281030774
-1.279213071
-1.27738893
-1.275572538
-1.273750901
-1.271936297
-1.270119905
-1.268297553
-1.266479611
-1.264655471
-1.262840629
-1.261018991
-1.259193778
-1.257368326
-1.255549312
-1.253721356
-1.251895905
-1.250072598
-1.248241186
-1.246414423
-1.244582534
-1.242754102
-1.240918279
-1.239082217
-1.237236142
-1.23539722
-1.233556986
-1.231710553
-1.229859948
-1.228009582
-1.226154447
-1.224293232
-1.2224406
-1.220577002
-1.218708277
-1.216835022
-1.214963913
-1.213079572
-1.211198926
-1.209308743
-1.207416415
-1.205520868
-1.20361495
-1.201707244
-1.199789524
-1.197878122
-1.195948005
-1.194023252
-1.192084193
-1.190137029
-1.18819201
-1.186234951
-1.184280038
-1.182308316
-1.180325627
-1.178342104
-1.176349401
-1.17434907
-1.1723423
-1.170320868
-1.16829741
-1.16626358
-1.164213061
-1.162163377
-1.160099864
-1.158026218
-1.155944228
-1.153854966
-1.151749492
-1.14962852
-1.147510767
-1.145373225
-1.143221736
-1.141064644
-1.138890266
-1.136708498
-1.134512186
-1.132298231
-1.1300776
-1.127849221
-1.125595808
-1.123334885
-1.121047497
-1.118766904
-1.116458058
-1.114134431
-1.111797452
-1.109446406
-1.107080102
-1.104698658
-1.102299809
-1.099877119
-1.0974437
-1.094996929
-1.092531204
-1.090044737
-1.087538481
-1.085014582
-1.082481027
-1.0799191
-1.077341199
-1.074739695
-1.07212019
-1.069471478
-1.066821218
-1.064139128
-1.061438084
-1.058710814
-1.055972815
-1.053198934
-1.050410151
-1.047598481
-1.044763446
-1.041905761
-1.039018989
-1.036115289
-1.033180714
-1.030219674
-1.027239799
-1.024232268
-1.021200895
-1.0181427
-1.015054226
-1.011939764
-1.008796811
-1.005627632
-1.002429605
-0.9992077947
-0.9959519506
-0.9926667213
-0.9893528223
-0.9860106111
-0.9826316237
-0.9792317748
-0.9757937789
-0.9723237157
-0.9688261747
-0.965288341
-0.9617238045
-0.9581292272
-0.9544945359
-0.9508287907
-0.94712919
-0.9433938861
-0.9396244884
-0.9358130693
-0.9319722056
-0.9280913472
-0.9241786003
-0.9202207923
-0.9162358046
-0.9122035503
-0.9081336856
-0.9040233493
-0.8998782635
-0.895693779
-0.8914635777
-0.8871927261
-0.8828793764
-0.8785281181
-0.8741369843
-0.8696963787
-0.8652179241
-0.860691309
-0.8561232686
-0.8515087366
-0.8468530178
-0.8421448469
-0.8373962641
-0.8325985074
-0.8277529478
-0.8228587508
-0.8179232478
-0.8129326701
-0.8078930378
-0.8028091192
-0.7976703048
-0.7924827337
-0.7872420549
-0.7819539309
-0.7766090035
-0.7712129951
-0.7657588124
-0.76026088
-0.7547042966
-0.7490882277
-0.7434234023
-0.7377001643
-0.7319226265
-0.7260858417
-0.7201905847
-0.714238286
-0.7082288265
-0.7021596432
-0.6960278749
-0.6898387074
-0.6835880876
-0.6772739887
-0.6709010005
-0.6644645929
-0.6579595208
-0.6514002681
-0.6447713375
-0.63807863
-0.6313214898
-0.6244975924
-0.6176053882
-0.6106503606
-0.6036230326
-0.5965293646
-0.5893685818
-0.5821328759
-0.574832201
-0.5674597025
-0.5600138307
-0.5524970293
-0.5449086428
-0.5372441411
-0.5295084715
-0.5216961503
-0.5138117075
-0.5058495998
-0.4978106022
-0.4896958768
-0.4815056622
-0.4732292593
-0.4648844898
-0.4564590752
-0.4479427636
-0.439355284
-0.4306842089
-0.4219317734
-0.4130920768
-0.404170692
-0.3951645195
-0.386079818
-0.3769062161
-0.3676455617
-0.3582995534
-0.3488630652
-0.3393417001
-0.3297310472
-0.3200308084
-0.3102418482
-0.3003606796
-0.2903884649
-0.2803223431
-0.2701672912
-0.2599140108
-0.2495733351
-0.2391328961
-0.2285989821
-0.2179671824
-0.2072412521
-0.1964122802
-0.1854900867
-0.1744678319
-0.1633475721
-0.1521267444
-0.1408004016
-0.1293738037
-0.1178464219
-0.106215395
-0.0944801569
-0.08264200389
-0.07070125639
-0.05864790827
-0.04649264365
-0.03422803804
-0.02185913362
-0.009374323301
0.003217497608
0.01591433212
0.02872889116
0.04164956138
0.05468415841
0.0678351149
0.08109947294
0.09447154403
0.1079663858
0.1215769574
0.1353000253
0.149142161
0.1631014496
0.177178368
0.1913798302
0.2057017386
0.2201384753
0.2346987128
0.2493824065
0.2641912699
0.279125303
0.2941788137
0.3093575537
0.3246647418
0.3401004672
0.3556587398
0.3713522553
0.38716802
0.4031170011
0.4191958308
0.4354034066
0.4517494738
0.4682234228
0.484828651
0.5015698075
0.5184500813
0.5354588628
0.5526047945
0.5698919892
0.5873125792
0.6048730612
0.6225731969
0.6404129863
0.6583909988
0.6765123606
0.6947757006
0.7131798863
0.7317291498
0.7504246831
0.7692611814
0.7882415056
0.8073740005
0.8266488314
0.8460744619
0.8656407595
0.8853622079
0.9052314758
0.925252378
0.9454227686
0.9657443762
0.9862225652
1.006846905
1.027629614
1.048567533
1.069657087
1.090902567
1.112306714
1.133864045
1.155585051
1.177459836
1.19949615
1.221692681
1.244046688
1.266564965
1.289238334
1.312078714
1.335081458
1.358250737
1.381580234
1.405074835
1.428736091
1.452563047
1.476559877
1.500718713
1.525044084
1.549544096
1.574214816
1.599045515
1.624057889
1.649231195
1.674579978
1.70010066
1.725795507
1.751662135
1.777703166
1.803919315
1.830309749
1.856874824
1.883613348
1.910535455
1.937625647
1.964901924
1.992356062
2.019982576
2.047789574
2.075777769
2.103948832
2.132297277
2.16082406
2.18954134
2.218433619
2.24751544
2.276772022
2.306218624
2.335843801
2.365656376
2.395648003
2.425838232
2.456207275
2.486758471
2.517504692
2.548431873
2.579544783
2.610852003
2.64234376
2.674025774
2.705899954
2.73795557
2.770209789
2.802643776
2.835276604
2.868097544
2.901111126
2.93431282
2.967712402
3.001293421
3.035077333
3.069052458
3.103216887
3.137578249
3.17213273
3.206879377
3.241817474
3.27695632
3.312290192
3.347812414
3.383534193
3.419448853
3.455559492
3.49186635
3.528373718
3.565068483
3.601963043
3.639056206
3.676344872
3.713828087
3.751509666
3.789388418
3.827462912
3.865740538
3.904203892
3.942875862
3.98174262
4.020804405
4.060060501
4.099520683
4.139176846
4.17902422
4.21907711
4.259318829
4.299769878
4.340409279
4.381249905
4.422284126
4.463528633
4.504956722
4.546586514
4.588409901
4.630443096
4.672662258
4.715081215
4.757696629
4.800508499
4.843515873
4.886728287
4.93012476
4.973721504
5.017519474
5.061501503
5.10569334
5.150064945
5.194643497
5.239412785
5.284371853
5.329534531
5.374884605
5.420428276
5.46616888
5.512104988
5.558229446
5.604542255
5.651050568
5.697748184
5.744636536
5.79171896
5.838999748
5.886450291
5.934096336
5.98194313
6.029978275
6.078192711
6.126590252
6.175189018
6.223962307
6.272925377
6.32207346
6.371407509
6.420927048
6.47063303
6.520514965
6.570588112
6.620829582
6.671262264
6.721879482
6.772670269
6.823640823
6.874794006
6.926122189
6.977626324
7.029307365
7.081171513
7.133203506
7.185408115
7.237791061
7.290344238
7.343073368
7.395973206
7.44904995
7.502284527
7.55567503
7.609260082
7.663015842
7.716912746
7.770980835
7.825220108
7.879616737
7.934180737
7.988902569
8.043785095
8.098818779
8.154028893
8.20938015
8.26491642
8.320577621
8.376393318
8.432379723
8.488503456
8.544783592
8.601225853
8.657798767
8.714529037
8.771410942
8.828416824
8.885583878
8.942887306
9.000336647
9.057916641
9.115643501
9.17351532
9.231520653
9.289665222
9.347931862
9.406324387
9.46486187
9.523529053
9.582322121
9.641244888
9.700303078
9.759475708
9.818777084
9.878194809
9.937727928
9.997377396
10.05717373
10.11705875
10.17707348
10.23719501
10.29742432
10.35776997
10.41821289
10.47877216
10.53943825
10.60022831
10.66109276
10.7220583
10.78313732
10.84430695
10.90558338
10.96693325
11.02839279
11.08993816
11.15157604
11.21328831
11.27509499
11.33701229
11.39898396
11.46103001
11.52316952
11.58538342
11.64767265
11.71004009
11.7724762
11.83498764
11.89756584
11.96021461
12.02292252
12.08568954
12.14852142
12.21141911
12.27436829
12.33737087
12.40043163
12.46355343
12.52670956
12.58990955
12.65318108
12.71648979
12.77982521
12.8432045
12.90664387
12.9701004
13.03358936
13.09710979
13.16067028
13.22425079
13.28787041
13.35150528
13.4151659
13.4788332
13.54252815
13.60624886
13.66996956
13.73371696
13.79746437
13.86121273
13.9249773
13.98874283
 14.052495
14.11627769
14.1800375
14.24379349
14.30755615
14.37130356
14.43502331
14.49872875
14.56243515
14.62611771
 14.689785
14.75339985
14.81703663
14.88062096
14.94419098
15.00771046
15.07120419
15.13467884
15.19808578
15.2614584
15.32479668
15.38808727
15.45134068
15.5145359
15.5776968
15.64078712
15.70380306
15.76679039
15.82971191
15.89254951
15.95535469
16.01806641
16.08073425
16.14328575
16.20579147
16.26823425
16.33055115
16.3928299
16.45501518
16.5171051
16.57912064
16.64103317
16.70283699
16.76457405
16.82621574
16.88773918
16.94913864
17.01047134
17.07169342
17.1327877
17.19379425
17.25466156
17.31542778
17.37605667
17.43656921
17.49696541
17.55726242
17.61738968
17.6774044
17.73730469
17.79704285
17.85662651
17.91610146
17.97538567
18.03460884
18.09363365
18.1525116
18.21124268
18.26979446
18.3282299
18.38647461
18.44460106
18.50253487
18.56029892
18.6179142
18.67530632
18.73257256
18.78966331
18.84655952
18.90329552
18.95983124
19.01619339
19.07234383
19.12834549
19.18415451
19.23973274
19.29515457
19.35037231
19.40538025
19.46016884
19.51478958
19.56916046
19.62335205
19.6773262
19.73105812
19.7845974
19.83794403
19.89102173
19.94389915
19.99655342
20.04899597
20.10118103
20.15317535
20.20489311
20.25641251
20.30765152
20.35866165
20.40945244
20.45999146
20.51028824
20.56030083
20.61007309
20.65964317
20.70893669
20.75794792
20.80670357
20.85524178
20.90349007
20.95143509
20.99916077
21.04658127
21.09377098
21.14068413
21.18728447
21.23361397
21.27968407
21.32546425
21.37100029
21.41621017
21.46113205
21.50578308
21.55013275
21.59420586
21.63796043
21.68142319
21.72459412
21.76747513
21.81003952
21.85230637
21.89426231
21.93592072
21.97725105
22.01826286
22.05900764
22.0994091
22.13950729
22.17928314
22.21875763
22.25788879
22.29668999
22.33518219
22.37334824
22.41113472
22.44867706
22.48583603
22.52269745
22.55920601
22.5953598
22.63119125
22.66669083
22.7018528
22.73664856
22.77112389
22.80527306
22.83905029
 22.872509
22.90555954
22.93831825
22.97069359
23.00270844
23.03439522
23.06571198
23.09664917
23.12726402
23.15750885
23.18740463
23.21689606
23.24606133
23.27488136
23.30329323
23.33135033
23.35905838
23.38636398
23.41332626
23.43991661
23.46610641
23.49194908
23.51741409
23.54247475
23.56719589
23.59148979
23.61546707
23.63903427
23.66221237
23.68505859
23.70744514
23.72947693
23.75113678
23.77243233
23.79328918
23.81378555
23.83389473
23.85360527
23.8729229
23.89187813
23.91042519
23.92856598
23.94633293
23.96370125
23.9806881
23.99725342
24.01342201
24.02921486
24.04461288
24.05958366
24.07421112
24.08839417
24.10218239
24.11558342
24.12857819
24.14118385
24.15337563
24.16516876
24.17654419
24.18755531
24.19813347
24.20831108
24.21809959
24.22748375
24.23645973
24.24505424
24.25319099
24.26094437
24.26834106
24.27531815
24.28181267
24.28796196
24.29369164
24.29904175
24.30393219
24.30846214
24.31257057
24.3162632
24.31954956
24.32246399
24.32494736
24.32701302
24.3286972
24.32999039
24.33083916
24.33126831
24.33132744
24.33100891
24.33023834
24.32907677
24.32749939
24.32552528
24.32313156
24.3203392
24.31712723
24.3135643
24.30954933
24.30514336
24.30033112
24.29509544
24.2895031
24.28348351
 24.277071
24.27023506
24.26302719
24.25541878
24.24741554
24.23898888
24.23018456
24.22096825
24.21132469
24.20131111
24.1908989
24.18008614
24.16890907
24.15730286
24.14530754
24.13292694
24.12013626
24.1069622
24.09342957
24.07945442
24.06511688
24.05037117
24.03527069
24.01977348
24.00387573
23.98759842
23.97091866
23.9538765
23.93644333
23.91862488
23.90041161
23.88183022
23.86288261
23.84354782
23.82378578
23.80374336
23.78324699
23.76241302
23.74117661
23.71959496
23.69763947
23.67528534
23.65255356
23.62952232
23.60609436
23.58228874
23.55809212
23.53354645
23.50863838
23.48337555
23.45775986
23.43179131
23.40543365
23.37874413
23.3516655
23.32427406
23.29650307
23.26841354
23.23997498
23.21112251
23.18198395
23.15247917
23.12261963
23.09244347
23.06192017
23.03104973
22.99981689
22.96827507
22.93636131
22.90414047
22.87157059
22.83868408
22.80544853
22.77190781
  22.73806
22.70386124
22.66931915
22.63444138
22.59928513
22.56378937
22.52797318
22.49183655
22.45540047
22.41861534
22.38157272
22.34422112
22.30652428
22.26853561
22.23020363
22.19163895
22.15270996
22.11352539
22.07401085
22.03421974
21.99411583
21.95372009
21.91303635
21.87206268
21.8307972
21.78927803
21.74742699
21.70532417
21.66292191
21.62024307
21.57730293
21.53409195
21.49058151
21.44680786
21.40278053
21.35847664
21.31389046
21.26906013
21.22394943
21.17857361
21.13295746
21.08707237
21.04094315
20.99453163
20.9478817
20.90100098
20.85385513
20.8065052
20.75885201
20.71098709
20.66286469
20.61451149
20.5659523
20.51711273
20.46808243
20.41879082
20.36929703
20.31955338
20.26959991
20.21941566
20.16902542
20.11835098
20.06755066
20.01649666
19.96524239
19.91374779
19.86205673
19.81017685
19.7580719
19.70577812
19.65328217
19.60055542
19.54768753
19.49458694
19.44133377
19.38782883
19.33416939
19.28034782
19.2263031
19.17209625
19.11769104
19.06315231
19.00838089
18.9534626
18.89837837
18.84311676
18.78767776
18.73205757
18.67630196
18.62038422
18.56427383
18.50803375
18.45163345
18.39509964
18.33839989
18.28153801
18.22450638
18.16739655
18.11007118
18.05264664
17.99508667
17.93735695
17.8795166
17.82153702
17.76341057
17.70515633
17.64678574
17.58829689
17.5296936
17.47093964
17.41207504
17.35309982
17.29400063
17.23480797
17.17547226
17.11605263
  17.05653
16.99687958
16.93712997
16.87727547
16.81731224
16.75728416
16.69714165
16.63693237
16.57658386
16.51618004
16.45568466
16.39509964
16.33443451
16.27368355
16.21284485
16.15194702
16.09096527
16.02989769
15.9687624
15.9075861
15.84628105
15.78495884
15.72355747
15.66210747
15.6005621
15.53899574
15.4773531
15.41565609
15.35391808
15.29209995
15.23025036
15.16837788
15.10642529
15.04445839
14.98243523
14.92036819
14.85827065
14.79612827
14.73394871
14.6717577
14.60952473
14.54727554
14.48497963
14.42265511
14.36032963
14.29796886
14.23557377
14.17317677
14.11077976
14.04833984
13.98588657
13.92345619
13.86098766
13.79852676
13.73604393
13.67356205
13.61109066
13.54860497
13.48612404
13.42364788
13.36117172
13.29871941
13.2362566
13.17381191
13.11138058
13.04894924
12.98654556
12.92413807
12.86177444
12.79942894
12.7370863
12.67476559
12.61248398
12.55022049
12.48798466
12.42578506
12.36360455
12.30146122
12.23935318
12.1772747
12.11524296
12.05324173
11.99129486
11.92937088
11.86748791
11.8056612
11.74386692
11.68213463
11.6204567
11.55881786
11.49723244
11.43569565
11.37422752
11.31279469
11.25142765
11.19011879
11.12887383
11.06769371
11.00656033
10.94550896
10.88451767
10.82358932
10.76273918
10.70194054
10.64122391
10.58058262
10.52001762
10.45952892
10.39910603
10.33877087
10.2784996
10.21832943
10.15821934
10.09819794
10.03827763
9.978421211
9.918649673
9.85897541
9.799380302
9.739894867
9.680483818
9.621186256
9.56196785
9.502826691
9.443802834
9.384861946
 9.3260355
9.267302513
9.208652496
9.150122643
9.091691017
9.033355713
8.975133896
8.917006493
8.859006882
8.801084518
8.743280411
8.685610771
8.628024101
8.57056427
8.513208389
8.455970764
8.398850441
8.341838837
8.284942627
8.22817421
8.171516418
8.114983559
8.058564186
8.002266884
7.94609642
7.890045643
7.834131718
7.77833128
7.722640991
7.667094231
7.611671448
7.556380749
7.501223564
7.446189404
7.391271591
7.336493015
7.281848907
7.227352619
 7.1729846
7.118745804
7.064639568
7.010663033
6.956825733
6.903141975
6.849593163
6.79617548
6.742889404
6.689754009
6.636760712
6.583905697
6.53119421
6.478634834
6.426205158
6.373921871
6.321781158
6.269793034
6.217948437
6.166262627
6.114700317
6.063290596
6.012046814
5.960940361
5.909992218
5.859174728
5.808531761
5.758027554
5.707680225
5.657474995
5.607417583
5.557538986
5.507799149
5.458209991
5.408782482
5.359512329
5.310383797
5.261423588
5.212611198
5.163972855
5.115471363
5.067140579
5.018955231
4.970946312
4.923089504
4.875383854
4.827848434
4.780463219
4.733256817
4.686192513
4.639287949
4.592565536
4.545986176
4.499582291
4.453331947
4.40723753
4.36132288
4.315571785
4.269959927
4.224525452
4.179265022
4.134168625
4.089236736
4.044448376
3.999843597
3.955410004
3.911132812
3.867021799
3.823074341
3.779292107
3.735675812
3.692245245
3.648968697
3.605854273
3.562906265
3.520134926
3.477518082
3.435080051
3.392800093
3.350705385
3.308755875
3.266999006
3.225397825
3.183966875
3.142697096
3.101603508
3.060684681
3.019926548
2.979336262
2.93890667
2.898665428
2.858579159
2.818663836
2.778921604
2.739348888
2.699948788
2.660711527
2.621638536
2.582738638
2.544004679
2.505448818
2.467057467
2.428837776
2.390786171
2.352905989
2.315188646
2.277651548
2.240275383
2.203068972
2.166026592
2.129163742
2.09245801
2.055930853
2.01957798
1.983369946
1.947347164
1.911490917
1.875805736
1.840289831
1.804928064
1.769740582
1.734736085
1.699876904
1.665189743
1.630682468
1.596336126
1.562158585
1.52815032
1.494295478
1.460621238
1.427114606
1.393764257
1.360588431
1.327573895
1.294725418
1.262058973
1.22953558
1.197179914
1.165000916
1.132991076
1.101126432
  1.069435
1.037907362
1.00652957
0.9753375649
0.9442974925
0.9134295583
0.8827235699
0.8521734476
0.8217859864
0.7915718555
0.7615131736
0.7316120267
0.7018773556
0.6723017693
0.6428918839
0.6136433482
0.5845410228
0.5556173325
0.52683568
0.4982199073
0.4697792232
0.4414864182
0.4133424461
0.3853590786
0.3575540483
0.3298975229
0.302395165
0.275049299
0.2478502691
0.2208230048
0.1939443946
0.1672320068
0.1406708658
0.114255093
0.08799507469
0.06189868972
0.03595844656
0.01016624179
-0.01546540204
-0.04096698761
-0.06629732251
-0.09146892279
-0.1165000573
-0.1413713098
-0.1660917997
-0.1906804591
-0.2150803357
-0.2393535972
-0.2634711564
-0.2874524593
-0.3112738132
-0.3349444568
-0.3584717214
-0.3818529844
-0.4050731063
-0.4281643629
-0.4511051476
-0.4738927186
-0.496545881
-0.5190314054
-0.5413814187
-0.5635973811
-0.5856446028
-0.6075770855
-0.6293438673
-0.6509712338
-0.6724612713
-0.6938162446
-0.7150289416
-0.7360798717
-0.7570076585
-0.7777879834
-0.7984243035
-0.8189217448
-0.8392828703
-0.8595184088
-0.8795986772
-0.899548173
-0.9193603992
-0.9390256405
-0.9585655332
-0.9779504538
-0.9972228408
-1.016349316
-1.035326958
-1.054204464
-1.072903633
-1.091509223
-1.109963179
-1.128291845
-1.146483421
-1.16453433
-1.182460189
-1.200258493
-1.217921972
-1.235463619
-1.252862811
-1.270140052
-1.287295222
-1.304318666
-1.321197629
-1.337953091
-1.354610562
-1.371126294
-1.387499213
-1.403759122
-1.419894934
-1.435908675
-1.451792121
-1.467564583
-1.483200431
-1.498706579
-1.51411283
-1.529375315
-1.544533253
-1.559568286
-1.574480534
-1.589264989
-1.603939176
-1.618473887
-1.63292408
-1.647238374
-1.661452413
-1.6755265
-1.689493775
-1.703342199
-1.717076182
-1.73069942
-1.744213223
-1.75758481
-1.770858288
-1.784017205
-1.797077656
-1.810002804
-1.822856784
-1.835559726
-1.848175049
-1.860653877
-1.873033404
-1.885317206
-1.897500515
-1.909536958
-1.921489835
-1.933342814
-1.945084572
-1.956701279
-1.968224168
-1.979650497
-1.990958691
-2.00216198
-2.013260841
-2.024269819
-2.03515625
-2.045969486
-2.056651831
-2.067233801
-2.077749491
-2.088126183
-2.09841013
-2.1086061
-2.11869669
-2.128668547
-2.138561964
-2.148375511
-2.158069372
-2.167657375
-2.177173853
-2.186579704
-2.195899963
-2.205108404
-2.214241505
-2.223252296
-2.232190847
-2.241038799
-2.249786377
-2.258445024
-2.267005444
-2.27547431
-2.283862829
-2.29217124
-2.300348282
-2.308470964
-2.316493273
-2.324435949
-2.33226347
-2.340044498
-2.347716093
-2.355291843
-2.362791777
-2.370203495
-2.377528429
-2.384790182
-2.391952515
-2.399013281
-2.406005621
-2.412913561
-2.419733047
-2.426480055
-2.43313694
-2.43971467
-2.446225882
-2.45265317
-2.458981276
-2.46523118
-2.471421003
-2.477522135
-2.48355341
-2.489498138
-2.495365858
-2.5011518
-2.506872177
-2.512520313
-2.518082857
-2.523575068
-2.528977394
-2.534322977
-2.539590359
-2.544780016
-2.549913883
-2.554960489
-2.559929609
-2.564840794
-2.569669247
-2.574433327
-2.579114437
-2.58374691
-2.588294029
-2.592784643
-2.597201824
-2.60154748
-2.605815887
-2.610028505
-2.614171505
-2.618259907
-2.622256041
-2.626199722
-2.630088568
-2.633900881
-2.637647867
-2.641333342
-2.644954443
-2.648519993
-2.652025223
-2.655456543
-2.658813238
-2.662121534
-2.665364027
-2.668576241
-2.671688557
-2.674749374
-2.677773476
-2.680708647
-2.683593512
-2.686433315
-2.689210176
-2.691913605
-2.694570303
-2.697164297
-2.699722767
-2.702203035
-2.704627752
-2.706993818
-2.709314823
-2.71159029
 -2.713799
-2.715950251
-2.718050241
-2.720094919
-2.722089767
-2.724028826
-2.725928783
-2.72777319
-2.729548216
-2.731291771
-2.732976437
-2.73461175
-2.736195326
-2.737731457
-2.739218712
-2.740653038
-2.742052078
-2.743387222
-2.744677067
-2.745916605
-2.747102022
-2.748255968
-2.749358177
-2.750419617
-2.751421928
-2.752394676
-2.753314018
-2.754201412
-2.755021811
-2.755820036
-2.756557703
-2.757253408
-2.757913113
-2.758512974
-2.759092331
-2.759613514
-2.760106087
-2.760548115
-2.760946512
-2.761303425
-2.76163435
-2.761903763
-2.762154818
-2.762336969
-2.7625103
-2.762637377
-2.762703419
-2.762753725
-2.762762308
-2.762738943
-2.762662411
-2.762575388
-2.762420654
-2.762241364
-2.762012959
-2.761757374
-2.761479139
-2.761159897
-2.760792971
-2.760401487
-2.759986877
-2.759526968
-2.759021997
-2.758471251
-2.757920742
-2.757324934
-2.756686926
-2.756021023
-2.755327225
-2.75460434
-2.753843307
-2.753054619
-2.752218246
-2.751387358
-2.750491142
-2.749570131
-2.748616219
-2.747651577
-2.746641159
-2.745612383
-2.744557381
-2.743454456
-2.742348433
-2.741198063
-2.7400105
-2.738811493
-2.737575769
-2.73631835
-2.735022306
-2.733711481
-2.732363224
-2.731012583
-2.729598284
-2.728198767
-2.726744175
-2.725277901
-2.723783255
-2.722269058
-2.720720768
-2.719151974
-2.717554331
-2.715941906
-2.714291334
-2.712640285
-2.710937262
-2.709217548
-2.707495928
-2.705731153
-2.703970671
-2.702168465
-2.700335264
-2.698500633
-2.696634054
-2.694742918
-2.692837715
-2.690905809
-2.688967228
-2.686987877
-2.684994459
-2.682982445
-2.680963039
-2.678904772
-2.676843405
-2.674740791
-2.672646523
-2.670529366
-2.668377876
-2.666215658
-2.66403079
-2.661830664
-2.659615993
-2.657389641
-2.655133724
-2.652877092
-2.65059185
-2.648283243
-2.645961285
-2.643630743
-2.641276836
-2.638912916
-2.636538267
-2.634147644
-2.631728649
-2.629313469
-2.626859188
-2.624408245
-2.62193346
-2.619443893
-2.61694169
-2.61441803
-2.611904621
-2.609368801
-2.606809616
-2.604239941
-2.601671457
-2.599074602
-2.59645915
-2.593834162
-2.591215611
-2.588565588
-2.585914135
-2.583248377
-2.580568552
-2.57788372
-2.575181723
-2.572467327
-2.56974268
-2.567008018
-2.564266443
-2.561504364
-2.55875349
-2.555971384
-2.553184748
-2.550391912
-2.547582626
-2.544775009
-2.541951656
-2.539116144
-2.536278009
-2.533418179
-2.530578613
-2.527693033
-2.524827242
-2.521934509
-2.519048929
-2.516146183
-2.513240576
-2.510334969
-2.507415056
-2.504474163
-2.501549482
-2.498603344
-2.495658636
-2.492703676
-2.489729643
-2.486773491
-2.483779669
-2.480808258
-2.477823257
-2.474826813
-2.471832991
-2.468825102
-2.465827227
-2.462809563
-2.459792137
-2.456761122
-2.453732252
-2.450699091
-2.447659731
-2.444615126
-2.441557407
-2.438506365
-2.435456991
-2.432399273
-2.429322958
-2.426238537
-2.423177004
-2.420102358
-2.417021751
-2.413918972
-2.410841703
-2.407751799
-2.404647827
-2.401545286
-2.398446798
-2.395341873
-2.39222908
-2.389104843
-2.385992289
-2.382867098
-2.379743814
-2.376608849
-2.373482704
-2.370341301
-2.367204666
-2.364070892
-2.360906124
-2.357773304
-2.354604483
-2.351460695
-2.348307133
-2.34513545
-2.341978073
-2.338810205
-2.335636377
-2.332456589
-2.329275608
-2.326097012
-2.322911024
-2.319722176
-2.316539288
-2.313333511
-2.310132504
-2.306933165
-2.303744316
-2.300530195
-2.297322035
-2.29411006
-2.290902615
-2.287669182
-2.284432888
-2.281213522
-2.277973652
-2.274735928
-2.271515608
-2.268267393
-2.265034199
-2.261772394
-2.258531809
-2.255274534
-2.252013445
-2.248762369
-2.245488405
-2.242227793
-2.238965511
-2.235686541
-2.232409477
-2.229130507
-2.225851059
-2.222555161
-2.219269991
-2.215992689
-2.212692738
-2.209397078
-2.206092119
-2.202789068
-2.199486017
-2.196163893
-2.192851305
-2.189544678
-2.186220884
-2.182912827
-2.179588318
-2.17626524
-2.172940254
-2.169600487
-2.166285753
-2.162947178
-2.159617186
-2.156275034
-2.152941942
-2.149592638
-2.146259546
-2.142918348
-2.139574289
-2.136226416
-2.132879257
-2.12953043
-2.126175642
-2.12283206
-2.119469881
-2.116115808
-2.112771034
-2.109411478
-2.106063604
-2.102710724
-2.099355698
-2.096003771
-2.092648268
-2.089283943
-2.085937023
-2.082581282
-2.079234362
-2.075885057
-2.07253623
-2.069179296
-2.065835714
-2.062483311
-2.059141159
-2.05579567
-2.052452326
-2.04910326
-2.045764685
-2.042421341
-2.039094448
-2.035753965
-2.032423973
-2.029092073
-2.025771856
-2.02244401
-2.019122124
-2.015804052
-2.012486696
-2.009172678
-2.005858421
-2.00255847
-1.999265432
-1.995967388
-1.99267149
-1.989378214
-1.986091852
-1.982811928
-1.979536533
-1.976259112
-1.972993493
-1.969730377
-1.966472149
-1.963215709
-1.959963441
-1.95671761
-1.953485489
-1.950243831
-1.947023988
-1.943791866
-1.940575242
-1.937370062
-1.93415451
-1.930958867
-1.927772284
-1.924584389
-1.921400309
-1.918220162
-1.915055633
-1.911888242
-1.908733606
-1.905592561
-1.902438998
-1.899303555
-1.896173596
-1.893049359
-1.889938831
-1.886822462
-1.883727551
-1.880626321
-1.877542973
-1.874459505
-1.871397138
-1.868331075
-1.865270376
-1.862215877
-1.859183669
-1.856141329
-1.853108287
-1.850085139
-1.847080231
-1.844075084
-1.841082573
-1.838093638
-1.835106254
-1.832143903
-1.829170346
-1.82621336
-1.823267698
-1.820320606
-1.817383289
-1.814471483
-1.811544061
-1.808634043
-1.805737138
-1.802844882
-1.799951434
-1.797077179
-1.794206738
-1.791357517
-1.788485765
-1.785642028
-1.782810211
-1.779986024
-1.777161241
-1.774349809
-1.771542311
-1.768745422
-1.765960693
-1.763180256
-1.760408401
-1.757645249
-1.7548908
-1.752140641
-1.749408603
-1.746673465
-1.74394834
-1.741223216
-1.738519073
-1.735822916
-1.733121753
-1.730444074
-1.727766752
-1.725093961
-1.722428322
-1.719784975
-1.71713829
-1.714499474
-1.711868405
-1.709245682
-1.706625342
-1.704022408
-1.70141685
-1.698832512
-1.696242929
-1.693666458
-1.691096544
-1.688534498
-1.685979247
-1.683432221
-1.680887699
-1.678359389
-1.675830007
-1.673310399
-1.670792222
-1.668296456
-1.665800691
-1.663299561
-1.660818338
-1.6583426
-1.655875325
-1.653405428
-1.650947571
-1.648503661
-1.646060586
-1.643619776
-1.641192794
-1.638773561
-1.636351228
-1.633942723
-1.63154304
-1.629139185
-1.626755953
-1.624363422
-1.621983171
-1.61961937
-1.617255807
-1.614886642
-1.612540364
-1.610198617
-1.607857823
-1.605522275
-1.603185654
-1.600865602
-1.598546863
-1.596236467
-1.593936682
-1.591635823
-1.589344263
-1.58705163
-1.584769249
-1.582488894
-1.580219865
-1.57795465
-1.575691581
-1.573437452
-1.571195722
-1.568951249
-1.566714764
-1.564481378
-1.562252164
-1.560031176
-1.55781436
-1.555595636
-1.553390622
-1.551190019
-1.548992515
-1.546802044
-1.544613481
-1.542430878
-1.54025352
-1.538089633
-1.535920382
-1.533758521
-1.531600118
-1.529446483
-1.527298689
-1.525158405
-1.523021698
-1.520890355
-1.518765688
-1.516638398
-1.514525056
-1.512402654
-1.510299087
-1.508193851
-1.506090879
-1.504002929
-1.501911521
-1.499818802
-1.497739196
-1.495658278
-1.493581772
-1.491517782
-1.489449382
-1.487388968
-1.485334992
-1.483283758
-1.481228948
-1.479182482
-1.477133989
-1.475100875
-1.473064065
-1.471031904
-1.469003677
-1.466980815
-1.464955688
-1.462945104
-1.460925221
-1.458915472
-1.456910968
-1.454908133
-1.452904701
-1.450906754
-1.448913097
-1.44692409
-1.444930196
-1.442952633
-1.440963984
-1.438989401
-1.43701601
-1.435046315
-1.433071613
-1.431103945
-1.429140806
-1.427184224
-1.425223708
-1.423278689
-1.421318769
-1.419372559
-1.41742003
-1.415479779
-1.413538694
-1.411601543
-1.409665227
-1.407736778
-1.405804873
-1.403881669
-1.40194881
-1.40003562
-1.398113728
-1.396194577
-1.394279242
-1.392368078
-1.390457869
-1.388551831
-1.386646152
-1.384746552
-1.382842779
-1.380945206
-1.379047155
-1.377161026
-1.375265837
-1.373366594
