0 -1.37336 
0.05 -1.37148 
0.1 -1.3696 
0.15 -1.36772 
0.2 -1.36583 
0.25 -1.36395 
0.3 -1.36208 
0.35 -1.36021 
0.4 -1.35833 
0.45 -1.35646 
0.5 -1.35459 
0.55 -1.35272 
0.6 -1.35085 
0.65 -1.34899 
0.7 -1.34713 
0.75 -1.34527 
0.8 -1.34341 
0.85 -1.34155 
0.9 -1.3397 
0.95 -1.33785 
1 -1.33599 
1.05 -1.33414 
1.1 -1.33229 
1.15 -1.33045 
1.2 -1.3286 
1.25 -1.32676 
1.3 -1.32491 
1.35 -1.32307 
1.4 -1.32124 
1.45 -1.31939 
1.5 -1.31756 
1.55 -1.31572 
1.6 -1.31389 
1.65 -1.31205 
1.7 -1.31022 
1.75 -1.30839 
1.8 -1.30656 
1.85 -1.30473 
1.9 -1.3029 
1.95 -1.30107 
2 -1.29925 
2.05 -1.29742 
2.1 -1.2956 
2.15 -1.29377 
2.2 -1.29196 
2.25 -1.29013 
2.3 -1.28831 
2.35 -1.28649 
2.4 -1.28467 
2.45 -1.28285 
2.5 -1.28103 
2.55 -1.27921 
2.6 -1.27739 
2.65 -1.27557 
2.7 -1.27375 
2.75 -1.27194 
2.8 -1.27012 
2.85 -1.2683 
2.9 -1.26648 
2.95 -1.26466 
3 -1.26284 
3.05 -1.26102 
3.1 -1.25919 
3.15 -1.25737 
3.2 -1.25555 
3.25 -1.25372 
3.3 -1.2519 
3.35 -1.25007 
3.4 -1.24824 
3.45 -1.24641 
3.5 -1.24458 
3.55 -1.24275 
3.6 -1.24092 
3.65 -1.23908 
3.7 -1.23724 
3.75 -1.2354 
3.8 -1.23356 
3.85 -1.23171 
3.9 -1.22986 
3.95 -1.22801 
4 -1.22615 
4.05 -1.22429 
4.1 -1.22244 
4.15 -1.22058 
4.2 -1.21871 
4.25 -1.21684 
4.3 -1.21496 
4.35 -1.21308 
4.4 -1.2112 
4.45 -1.20931 
4.5 -1.20742 
4.55 -1.20552 
4.6 -1.20361 
4.65 -1.20171 
4.7 -1.19979 
4.75 -1.19788 
4.8 -1.19595 
4.85 -1.19402 
4.9 -1.19208 
4.95 -1.19014 
5 -1.18819 
5.05 -1.18623 
5.1 -1.18428 
5.15 -1.18231 
5.2 -1.18033 
5.25 -1.17834 
5.3 -1.17635 
5.35 -1.17435 
5.4 -1.17234 
5.45 -1.17032 
5.5 -1.1683 
5.55 -1.16626 
5.6 -1.16421 
5.65 -1.16216 
5.7 -1.1601 
5.75 -1.15803 
5.8 -1.15594 
5.85 -1.15385 
5.9 -1.15175 
5.95 -1.14963 
6 -1.14751 
6.05 -1.14537 
6.1 -1.14322 
6.15 -1.14106 
6.2 -1.13889 
6.25 -1.13671 
6.3 -1.13451 
6.35 -1.1323 
6.4 -1.13008 
6.45 -1.12785 
6.5 -1.1256 
6.55 -1.12333 
6.6 -1.12105 
6.65 -1.11877 
6.7 -1.11646 
6.75 -1.11413 
6.8 -1.1118 
6.85 -1.10945 
6.9 -1.10708 
6.95 -1.1047 
7 -1.1023 
7.05 -1.09988 
7.1 -1.09744 
7.15 -1.095 
7.2 -1.09253 
7.25 -1.09004 
7.3 -1.08754 
7.35 -1.08501 
7.4 -1.08248 
7.45 -1.07992 
7.5 -1.07734 
7.55 -1.07474 
7.6 -1.07212 
7.65 -1.06947 
7.7 -1.06682 
7.75 -1.06414 
7.8 -1.06144 
7.85 -1.05871 
7.9 -1.05597 
7.95 -1.0532 
8 -1.05041 
8.05 -1.0476 
8.1 -1.04476 
8.15 -1.04191 
8.2 -1.03902 
8.25 -1.03612 
8.3 -1.03318 
8.35 -1.03022 
8.4 -1.02724 
8.45 -1.02423 
8.5 -1.0212 
8.55 -1.01814 
8.6 -1.01505 
8.65 -1.01194 
8.7 -1.0088 
8.75 -1.00563 
8.8 -1.00243 
8.85 -0.999208 
8.9 -0.995952 
8.95 -0.992667 
9 -0.989353 
9.05 -0.986011 
9.1 -0.982632 
9.15 -0.979232 
9.2 -0.975794 
9.25 -0.972324 
9.3 -0.968826 
9.35 -0.965288 
9.4 -0.961724 
9.45 -0.958129 
9.5 -0.954495 
9.55 -0.950829 
9.6 -0.947129 
9.65 -0.943394 
9.7 -0.939624 
9.75 -0.935813 
9.8 -0.931972 
9.85 -0.928091 
9.9 -0.924179 
9.95 -0.920221 
10 -0.916236 
10.05 -0.912204 
10.1 -0.908134 
10.15 -0.904023 
10.2 -0.899878 
10.25 -0.895694 
10.3 -0.891464 
10.35 -0.887193 
10.4 -0.882879 
10.45 -0.878528 
10.5 -0.874137 
10.55 -0.869696 
10.6 -0.865218 
10.65 -0.860691 
10.7 -0.856123 
10.75 -0.851509 
10.8 -0.846853 
10.85 -0.842145 
10.9 -0.837396 
10.95 -0.832599 
11 -0.827753 
11.05 -0.822859 
11.1 -0.817923 
11.15 -0.812933 
11.2 -0.807893 
11.25 -0.802809 
11.3 -0.79767 
11.35 -0.792483 
11.4 -0.787242 
11.45 -0.781954 
11.5 -0.776609 
11.55 -0.771213 
11.6 -0.765759 
11.65 -0.760261 
11.7 -0.754704 
11.75 -0.749088 
11.8 -0.743423 
11.85 -0.7377 
11.9 -0.731923 
11.95 -0.726086 
12 -0.720191 
12.05 -0.714238 
12.1 -0.708229 
12.15 -0.70216 
12.2 -0.696028 
12.25 -0.689839 
12.3 -0.683588 
12.35 -0.677274 
12.4 -0.670901 
12.45 -0.664465 
12.5 -0.65796 
12.55 -0.6514 
12.6 -0.644771 
12.65 -0.638079 
12.7 -0.631321 
12.75 -0.624498 
12.8 -0.617605 
12.85 -0.61065 
12.9 -0.603623 
12.95 -0.596529 
13 -0.589369 
13.05 -0.582133 
13.1 -0.574832 
13.15 -0.56746 
13.2 -0.560014 
13.25 -0.552497 
13.3 -0.544909 
13.35 -0.537244 
13.4 -0.529508 
13.45 -0.521696 
13.5 -0.513812 
13.55 -0.50585 
13.6 -0.497811 
13.65 -0.489696 
13.7 -0.481506 
13.75 -0.473229 
13.8 -0.464884 
13.85 -0.456459 
13.9 -0.447943 
13.95 -0.439355 
14 -0.430684 
14.05 -0.421932 
14.1 -0.413092 
14.15 -0.404171 
14.2 -0.395165 
14.25 -0.38608 
14.3 -0.376906 
14.35 -0.367646 
14.4 -0.3583 
14.45 -0.348863 
14.5 -0.339342 
14.55 -0.329731 
14.6 -0.320031 
14.65 -0.310242 
14.7 -0.300361 
14.75 -0.290388 
14.8 -0.280322 
14.85 -0.270167 
14.9 -0.259914 
14.95 -0.249573 
15 -0.239133 
15.05 -0.228599 
15.1 -0.217967 
15.15 -0.207241 
15.2 -0.196412 
15.25 -0.18549 
15.3 -0.174468 
15.35 -0.163348 
15.4 -0.152127 
15.45 -0.1408 
15.5 -0.129374 
15.55 -0.117846 
15.6 -0.106215 
15.65 -0.0944802 
15.7 -0.082642 
15.75 -0.0707013 
15.8 -0.0586479 
15.85 -0.0464926 
15.9 -0.034228 
15.95 -0.0218591 
16 -0.00937432 
16.05 0.0032175 
16.1 0.0159143 
16.15 0.0287289 
16.2 0.0416496 
16.25 0.0546842 
16.3 0.0678351 
16.35 0.0810995 
16.4 0.0944715 
16.45 0.107966 
16.5 0.121577 
16.55 0.1353 
16.6 0.149142 
16.65 0.163101 
16.7 0.177178 
16.75 0.19138 
16.8 0.205702 
16.85 0.220138 
16.9 0.234699 
16.95 0.249382 
17 0.264191 
17.05 0.279125 
17.1 0.294179 
17.15 0.309358 
17.2 0.324665 
17.25 0.3401 
17.3 0.355659 
17.35 0.371352 
17.4 0.387168 
17.45 0.403117 
17.5 0.419196 
17.55 0.435403 
17.6 0.451749 
17.65 0.468223 
17.7 0.484829 
17.75 0.50157 
17.8 0.51845 
17.85 0.535459 
17.9 0.552605 
17.95 0.569892 
18 0.587313 
18.05 0.604873 
18.1 0.622573 
18.15 0.640413 
18.2 0.658391 
18.25 0.676512 
18.3 0.694776 
18.35 0.71318 
18.4 0.731729 
18.45 0.750425 
18.5 0.769261 
18.55 0.788242 
18.6 0.807374 
18.65 0.826649 
18.7 0.846074 
18.75 0.865641 
18.8 0.885362 
18.85 0.905231 
18.9 0.925252 
18.95 0.945423 
19 0.965744 
19.05 0.986223 
19.1 1.00685 
19.15 1.02763 
19.2 1.04857 
19.25 1.06966 
19.3 1.0909 
19.35 1.11231 
19.4 1.13386 
19.45 1.15559 
19.5 1.17746 
19.55 1.1995 
19.6 1.22169 
19.65 1.24405 
19.7 1.26656 
19.75 1.28924 
19.8 1.31208 
19.85 1.33508 
19.9 1.35825 
19.95 1.38158 
20 1.40507 
20.05 1.42874 
20.1 1.45256 
20.15 1.47656 
20.2 1.50072 
20.25 1.52504 
20.3 1.54954 
20.35 1.57421 
20.4 1.59905 
20.45 1.62406 
20.5 1.64923 
20.55 1.67458 
20.6 1.7001 
20.65 1.7258 
20.7 1.75166 
20.75 1.7777 
20.8 1.80392 
20.85 1.83031 
20.9 1.85687 
20.95 1.88361 
21 1.91054 
21.05 1.93763 
21.1 1.9649 
21.15 1.99236 
21.2 2.01998 
21.25 2.04779 
21.3 2.07578 
21.35 2.10395 
21.4 2.1323 
21.45 2.16082 
21.5 2.18954 
21.55 2.21843 
21.6 2.24752 
21.65 2.27677 
21.7 2.30622 
21.75 2.33584 
21.8 2.36566 
21.85 2.39565 
21.9 2.42584 
21.95 2.45621 
22 2.48676 
22.05 2.5175 
22.1 2.54843 
22.15 2.57954 
22.2 2.61085 
22.25 2.64234 
22.3 2.67403 
22.35 2.7059 
22.4 2.73796 
22.45 2.77021 
22.5 2.80264 
22.55 2.83528 
22.6 2.8681 
22.65 2.90111 
22.7 2.93431 
22.75 2.96771 
22.8 3.00129 
22.85 3.03508 
22.9 3.06905 
22.95 3.10322 
23 3.13758 
23.05 3.17213 
23.1 3.20688 
23.15 3.24182 
23.2 3.27696 
23.25 3.31229 
23.3 3.34781 
23.35 3.38353 
23.4 3.41945 
23.45 3.45556 
23.5 3.49187 
23.55 3.52837 
23.6 3.56507 
23.65 3.60196 
23.7 3.63906 
23.75 3.67634 
23.8 3.71383 
23.85 3.75151 
23.9 3.78939 
23.95 3.82746 
24 3.86574 
24.05 3.9042 
24.1 3.94288 
24.15 3.98174 
24.2 4.0208 
24.25 4.06006 
24.3 4.09952 
24.35 4.13918 
24.4 4.17902 
24.45 4.21908 
24.5 4.25932 
24.55 4.29977 
24.6 4.34041 
24.65 4.38125 
24.7 4.42228 
24.75 4.46353 
24.8 4.50496 
24.85 4.54659 
24.9 4.58841 
24.95 4.63044 
25 4.67266 
25.05 4.71508 
25.1 4.7577 
25.15 4.80051 
25.2 4.84352 
25.25 4.88673 
25.3 4.93012 
25.35 4.97372 
25.4 5.01752 
25.45 5.0615 
25.5 5.10569 
25.55 5.15006 
25.6 5.19464 
25.65 5.23941 
25.7 5.28437 
25.75 5.32953 
25.8 5.37488 
25.85 5.42043 
25.9 5.46617 
25.95 5.5121 
26 5.55823 
26.05 5.60454 
26.1 5.65105 
26.15 5.69775 
26.2 5.74464 
26.25 5.79172 
26.3 5.839 
26.35 5.88645 
26.4 5.9341 
26.45 5.98194 
26.5 6.02998 
26.55 6.07819 
26.6 6.12659 
26.65 6.17519 
26.7 6.22396 
26.75 6.27293 
26.8 6.32207 
26.85 6.37141 
26.9 6.42093 
26.95 6.47063 
27 6.52051 
27.05 6.57059 
27.1 6.62083 
27.15 6.67126 
27.2 6.72188 
27.25 6.77267 
27.3 6.82364 
27.35 6.87479 
27.4 6.92612 
27.45 6.97763 
27.5 7.02931 
27.55 7.08117 
27.6 7.1332 
27.65 7.18541 
27.7 7.23779 
27.75 7.29034 
27.8 7.34307 
27.85 7.39597 
27.9 7.44905 
27.95 7.50228 
28 7.55568 
28.05 7.60926 
28.1 7.66302 
28.15 7.71691 
28.2 7.77098 
28.25 7.82522 
28.3 7.87962 
28.35 7.93418 
28.4 7.9889 
28.45 8.04379 
28.5 8.09882 
28.55 8.15403 
28.6 8.20938 
28.65 8.26492 
28.7 8.32058 
28.75 8.37639 
28.8 8.43238 
28.85 8.4885 
28.9 8.54478 
28.95 8.60123 
29 8.6578 
29.05 8.71453 
29.1 8.77141 
29.15 8.82842 
29.2 8.88558 
29.25 8.94289 
29.3 9.00034 
29.35 9.05792 
29.4 9.11564 
29.45 9.17352 
29.5 9.23152 
29.55 9.28967 
29.6 9.34793 
29.65 9.40632 
29.7 9.46486 
29.75 9.52353 
29.8 9.58232 
29.85 9.64124 
29.9 9.7003 
29.95 9.75948 
30 9.81878 
30.05 9.87819 
30.1 9.93773 
30.15 9.99738 
30.2 10.0572 
30.25 10.1171 
30.3 10.1771 
30.35 10.2372 
30.4 10.2974 
30.45 10.3578 
30.5 10.4182 
30.55 10.4788 
30.6 10.5394 
30.65 10.6002 
30.7 10.6611 
30.75 10.7221 
30.8 10.7831 
30.85 10.8443 
30.9 10.9056 
30.95 10.9669 
31 11.0284 
31.05 11.0899 
31.1 11.1516 
31.15 11.2133 
31.2 11.2751 
31.25 11.337 
31.3 11.399 
31.35 11.461 
31.4 11.5232 
31.45 11.5854 
31.5 11.6477 
31.55 11.71 
31.6 11.7725 
31.65 11.835 
31.7 11.8976 
31.75 11.9602 
31.8 12.0229 
31.85 12.0857 
31.9 12.1485 
31.95 12.2114 
32 12.2744 
32.05 12.3374 
32.1 12.4004 
32.15 12.4636 
32.2 12.5267 
32.25 12.5899 
32.3 12.6532 
32.35 12.7165 
32.4 12.7798 
32.45 12.8432 
32.5 12.9066 
32.55 12.9701 
32.6 13.0336 
32.65 13.0971 
32.7 13.1607 
32.75 13.2243 
32.8 13.2879 
32.85 13.3515 
32.9 13.4152 
32.95 13.4788 
33 13.5425 
33.05 13.6062 
33.1 13.67 
33.15 13.7337 
33.2 13.7975 
33.25 13.8612 
33.3 13.925 
33.35 13.9887 
33.4 14.0525 
33.45 14.1163 
33.5 14.18 
33.55 14.2438 
33.6 14.3076 
33.65 14.3713 
33.7 14.435 
33.75 14.4987 
33.8 14.5624 
33.85 14.6261 
33.9 14.6898 
33.95 14.7534 
34 14.817 
34.05 14.8806 
34.1 14.9442 
34.15 15.0077 
34.2 15.0712 
34.25 15.1347 
34.3 15.1981 
34.35 15.2615 
34.4 15.3248 
34.45 15.3881 
34.5 15.4513 
34.55 15.5145 
34.6 15.5777 
34.65 15.6408 
34.7 15.7038 
34.75 15.7668 
34.8 15.8297 
34.85 15.8925 
34.9 15.9554 
34.95 16.0181 
35 16.0807 
35.05 16.1433 
35.1 16.2058 
35.15 16.2682 
35.2 16.3306 
35.25 16.3928 
35.3 16.455 
35.35 16.5171 
35.4 16.5791 
35.45 16.641 
35.5 16.7028 
35.55 16.7646 
35.6 16.8262 
35.65 16.8877 
35.7 16.9491 
35.75 17.0105 
35.8 17.0717 
35.85 17.1328 
35.9 17.1938 
35.95 17.2547 
36 17.3154 
36.05 17.3761 
36.1 17.4366 
36.15 17.497 
36.2 17.5573 
36.25 17.6174 
36.3 17.6774 
36.35 17.7373 
36.4 17.797 
36.45 17.8566 
36.5 17.9161 
36.55 17.9754 
36.6 18.0346 
36.65 18.0936 
36.7 18.1525 
36.75 18.2112 
36.8 18.2698 
36.85 18.3282 
36.9 18.3865 
36.95 18.4446 
37 18.5025 
37.05 18.5603 
37.1 18.6179 
37.15 18.6753 
37.2 18.7326 
37.25 18.7897 
37.3 18.8466 
37.35 18.9033 
37.4 18.9598 
37.45 19.0162 
37.5 19.0723 
37.55 19.1283 
37.6 19.1842 
37.65 19.2397 
37.7 19.2952 
37.75 19.3504 
37.8 19.4054 
37.85 19.4602 
37.9 19.5148 
37.95 19.5692 
38 19.6234 
38.05 19.6773 
38.1 19.7311 
38.15 19.7846 
38.2 19.8379 
38.25 19.891 
38.3 19.9439 
38.35 19.9966 
38.4 20.049 
38.45 20.1012 
38.5 20.1532 
38.55 20.2049 
38.6 20.2564 
38.65 20.3077 
38.7 20.3587 
38.75 20.4095 
38.8 20.46 
38.85 20.5103 
38.9 20.5603 
38.95 20.6101 
39 20.6596 
39.05 20.7089 
39.1 20.7579 
39.15 20.8067 
39.2 20.8552 
39.25 20.9035 
39.3 20.9514 
39.35 20.9992 
39.4 21.0466 
39.45 21.0938 
39.5 21.1407 
39.55 21.1873 
39.6 21.2336 
39.65 21.2797 
39.7 21.3255 
39.75 21.371 
39.8 21.4162 
39.85 21.4611 
39.9 21.5058 
39.95 21.5501 
40 21.5942 
40.05 21.638 
40.1 21.6814 
40.15 21.7246 
40.2 21.7675 
40.25 21.81 
40.3 21.8523 
40.35 21.8943 
40.4 21.9359 
40.45 21.9773 
40.5 22.0183 
40.55 22.059 
40.6 22.0994 
40.65 22.1395 
40.7 22.1793 
40.75 22.2188 
40.8 22.2579 
40.85 22.2967 
40.9 22.3352 
40.95 22.3733 
41 22.4111 
41.05 22.4487 
41.1 22.4858 
41.15 22.5227 
41.2 22.5592 
41.25 22.5954 
41.3 22.6312 
41.35 22.6667 
41.4 22.7019 
41.45 22.7366 
41.5 22.7711 
41.55 22.8053 
41.6 22.8391 
41.65 22.8725 
41.7 22.9056 
41.75 22.9383 
41.8 22.9707 
41.85 23.0027 
41.9 23.0344 
41.95 23.0657 
42 23.0966 
42.05 23.1273 
42.1 23.1575 
42.15 23.1874 
42.2 23.2169 
42.25 23.2461 
42.3 23.2749 
42.35 23.3033 
42.4 23.3314 
42.45 23.3591 
42.5 23.3864 
42.55 23.4133 
42.6 23.4399 
42.65 23.4661 
42.7 23.4919 
42.75 23.5174 
42.8 23.5425 
42.85 23.5672 
42.9 23.5915 
42.95 23.6155 
43 23.639 
43.05 23.6622 
43.1 23.6851 
43.15 23.7074 
43.2 23.7295 
43.25 23.7511 
43.3 23.7724 
43.35 23.7933 
43.4 23.8138 
43.45 23.8339 
43.5 23.8536 
43.55 23.8729 
43.6 23.8919 
43.65 23.9104 
43.7 23.9286 
43.75 23.9463 
43.8 23.9637 
43.85 23.9807 
43.9 23.9973 
43.95 24.0134 
44 24.0292 
44.05 24.0446 
44.1 24.0596 
44.15 24.0742 
44.2 24.0884 
44.25 24.1022 
44.3 24.1156 
44.35 24.1286 
44.4 24.1412 
44.45 24.1534 
44.5 24.1652 
44.55 24.1765 
44.6 24.1876 
44.65 24.1981 
44.7 24.2083 
44.75 24.2181 
44.8 24.2275 
44.85 24.2365 
44.9 24.2451 
44.95 24.2532 
45 24.2609 
45.05 24.2683 
45.1 24.2753 
45.15 24.2818 
45.2 24.288 
45.25 24.2937 
45.3 24.299 
45.35 24.3039 
45.4 24.3085 
45.45 24.3126 
45.5 24.3163 
45.55 24.3195 
45.6 24.3225 
45.65 24.3249 
45.7 24.327 
45.75 24.3287 
45.8 24.33 
45.85 24.3308 
45.9 24.3313 
45.95 24.3313 
46 24.331 
46.05 24.3302 
46.1 24.3291 
46.15 24.3275 
46.2 24.3255 
46.25 24.3231 
46.3 24.3203 
46.35 24.3171 
46.4 24.3136 
46.45 24.3095 
46.5 24.3051 
46.55 24.3003 
46.6 24.2951 
46.65 24.2895 
46.7 24.2835 
46.75 24.2771 
46.8 24.2702 
46.85 24.263 
46.9 24.2554 
46.95 24.2474 
47 24.239 
47.05 24.2302 
47.1 24.221 
47.15 24.2113 
47.2 24.2013 
47.25 24.1909 
47.3 24.1801 
47.35 24.1689 
47.4 24.1573 
47.45 24.1453 
47.5 24.1329 
47.55 24.1201 
47.6 24.107 
47.65 24.0934 
47.7 24.0795 
47.75 24.0651 
47.8 24.0504 
47.85 24.0353 
47.9 24.0198 
47.95 24.0039 
48 23.9876 
48.05 23.9709 
48.1 23.9539 
48.15 23.9364 
48.2 23.9186 
48.25 23.9004 
48.3 23.8818 
48.35 23.8629 
48.4 23.8435 
48.45 23.8238 
48.5 23.8037 
48.55 23.7832 
48.6 23.7624 
48.65 23.7412 
48.7 23.7196 
48.75 23.6976 
48.8 23.6753 
48.85 23.6526 
48.9 23.6295 
48.95 23.6061 
49 23.5823 
49.05 23.5581 
49.1 23.5335 
49.15 23.5086 
49.2 23.4834 
49.25 23.4578 
49.3 23.4318 
49.35 23.4054 
49.4 23.3787 
49.45 23.3517 
49.5 23.3243 
49.55 23.2965 
49.6 23.2684 
49.65 23.24 
49.7 23.2111 
49.75 23.182 
49.8 23.1525 
49.85 23.1226 
49.9 23.0924 
49.95 23.0619 
50 23.031 
50.05 22.9998 
50.1 22.9683 
50.15 22.9364 
50.2 22.9041 
50.25 22.8716 
50.3 22.8387 
50.35 22.8054 
50.4 22.7719 
50.45 22.7381 
50.5 22.7039 
50.55 22.6693 
50.6 22.6344 
50.65 22.5993 
50.7 22.5638 
50.75 22.528 
50.8 22.4918 
50.85 22.4554 
50.9 22.4186 
50.95 22.3816 
51 22.3442 
51.05 22.3065 
51.1 22.2685 
51.15 22.2302 
51.2 22.1916 
51.25 22.1527 
51.3 22.1135 
51.35 22.074 
51.4 22.0342 
51.45 21.9941 
51.5 21.9537 
51.55 21.913 
51.6 21.8721 
51.65 21.8308 
51.7 21.7893 
51.75 21.7474 
51.8 21.7053 
51.85 21.6629 
51.9 21.6202 
51.95 21.5773 
52 21.5341 
52.05 21.4906 
52.1 21.4468 
52.15 21.4028 
52.2 21.3585 
52.25 21.3139 
52.3 21.2691 
52.35 21.2239 
52.4 21.1786 
52.45 21.133 
52.5 21.0871 
52.55 21.0409 
52.6 20.9945 
52.65 20.9479 
52.7 20.901 
52.75 20.8539 
52.8 20.8065 
52.85 20.7589 
52.9 20.711 
52.95 20.6629 
53 20.6145 
53.05 20.566 
53.1 20.5171 
53.15 20.4681 
53.2 20.4188 
53.25 20.3693 
53.3 20.3196 
53.35 20.2696 
53.4 20.2194 
53.45 20.169 
53.5 20.1184 
53.55 20.0676 
53.6 20.0165 
53.65 19.9652 
53.7 19.9137 
53.75 19.8621 
53.8 19.8102 
53.85 19.7581 
53.9 19.7058 
53.95 19.6533 
54 19.6006 
54.05 19.5477 
54.1 19.4946 
54.15 19.4413 
54.2 19.3878 
54.25 19.3342 
54.3 19.2803 
54.35 19.2263 
54.4 19.1721 
54.45 19.1177 
54.5 19.0632 
54.55 19.0084 
54.6 18.9535 
54.65 18.8984 
54.7 18.8431 
54.75 18.7877 
54.8 18.7321 
54.85 18.6763 
54.9 18.6204 
54.95 18.5643 
55 18.508 
55.05 18.4516 
55.1 18.3951 
55.15 18.3384 
55.2 18.2815 
55.25 18.2245 
55.3 18.1674 
55.35 18.1101 
55.4 18.0526 
55.45 17.9951 
55.5 17.9374 
55.55 17.8795 
55.6 17.8215 
55.65 17.7634 
55.7 17.7052 
55.75 17.6468 
55.8 17.5883 
55.85 17.5297 
55.9 17.4709 
55.95 17.4121 
56 17.3531 
56.05 17.294 
56.1 17.2348 
56.15 17.1755 
56.2 17.1161 
56.25 17.0565 
56.3 16.9969 
56.35 16.9371 
56.4 16.8773 
56.45 16.8173 
56.5 16.7573 
56.55 16.6971 
56.6 16.6369 
56.65 16.5766 
56.7 16.5162 
56.75 16.4557 
56.8 16.3951 
56.85 16.3344 
56.9 16.2737 
56.95 16.2128 
57 16.1519 
57.05 16.091 
57.1 16.0299 
57.15 15.9688 
57.2 15.9076 
57.25 15.8463 
57.3 15.785 
57.35 15.7236 
57.4 15.6621 
57.45 15.6006 
57.5 15.539 
57.55 15.4774 
57.6 15.4157 
57.65 15.3539 
57.7 15.2921 
57.75 15.2303 
57.8 15.1684 
57.85 15.1064 
57.9 15.0445 
57.95 14.9824 
58 14.9204 
58.05 14.8583 
58.1 14.7961 
58.15 14.7339 
58.2 14.6718 
58.25 14.6095 
58.3 14.5473 
58.35 14.485 
58.4 14.4227 
58.45 14.3603 
58.5 14.298 
58.55 14.2356 
58.6 14.1732 
58.65 14.1108 
58.7 14.0483 
58.75 13.9859 
58.8 13.9235 
58.85 13.861 
58.9 13.7985 
58.95 13.736 
59 13.6736 
59.05 13.6111 
59.1 13.5486 
59.15 13.4861 
59.2 13.4236 
59.25 13.3612 
59.3 13.2987 
59.35 13.2363 
59.4 13.1738 
59.45 13.1114 
59.5 13.0489 
59.55 12.9865 
59.6 12.9241 
59.65 12.8618 
59.7 12.7994 
59.75 12.7371 
59.8 12.6748 
59.85 12.6125 
59.9 12.5502 
59.95 12.488 
60 12.4258 
60.05 12.3636 
60.1 12.3015 
60.15 12.2394 
60.2 12.1773 
60.25 12.1152 
60.3 12.0532 
60.35 11.9913 
60.4 11.9294 
60.45 11.8675 
60.5 11.8057 
60.55 11.7439 
60.6 11.6821 
60.65 11.6205 
60.7 11.5588 
60.75 11.4972 
60.8 11.4357 
60.85 11.3742 
60.9 11.3128 
60.95 11.2514 
61 11.1901 
61.05 11.1289 
61.1 11.0677 
61.15 11.0066 
61.2 10.9455 
61.25 10.8845 
61.3 10.8236 
61.35 10.7627 
61.4 10.7019 
61.45 10.6412 
61.5 10.5806 
61.55 10.52 
61.6 10.4595 
61.65 10.3991 
61.7 10.3388 
61.75 10.2785 
61.8 10.2183 
61.85 10.1582 
61.9 10.0982 
61.95 10.0383 
62 9.97842 
62.05 9.91865 
62.1 9.85898 
62.15 9.79938 
62.2 9.73989 
62.25 9.68048 
62.3 9.62119 
62.35 9.56197 
62.4 9.50283 
62.45 9.4438 
62.5 9.38486 
62.55 9.32604 
62.6 9.2673 
62.65 9.20865 
62.7 9.15012 
62.75 9.09169 
62.8 9.03336 
62.85 8.97513 
62.9 8.91701 
62.95 8.85901 
63 8.80108 
63.05 8.74328 
63.1 8.68561 
63.15 8.62802 
63.2 8.57056 
63.25 8.51321 
63.3 8.45597 
63.35 8.39885 
63.4 8.34184 
63.45 8.28494 
63.5 8.22817 
63.55 8.17152 
63.6 8.11498 
63.65 8.05856 
63.7 8.00227 
63.75 7.9461 
63.8 7.89005 
63.85 7.83413 
63.9 7.77833 
63.95 7.72264 
64 7.66709 
64.05 7.61167 
64.1 7.55638 
64.15 7.50122 
64.2 7.44619 
64.25 7.39127 
64.3 7.33649 
64.35 7.28185 
64.4 7.22735 
64.45 7.17298 
64.5 7.11875 
64.55 7.06464 
64.6 7.01066 
64.65 6.95683 
64.7 6.90314 
64.75 6.84959 
64.8 6.79618 
64.85 6.74289 
64.9 6.68975 
64.95 6.63676 
65 6.58391 
65.05 6.53119 
65.1 6.47863 
65.15 6.42621 
65.2 6.37392 
65.25 6.32178 
65.3 6.26979 
65.35 6.21795 
65.4 6.16626 
65.45 6.1147 
65.5 6.06329 
65.55 6.01205 
65.6 5.96094 
65.65 5.90999 
65.7 5.85917 
65.75 5.80853 
65.8 5.75803 
65.85 5.70768 
65.9 5.65747 
65.95 5.60742 
66 5.55754 
66.05 5.5078 
66.1 5.45821 
66.15 5.40878 
66.2 5.35951 
66.25 5.31038 
66.3 5.26142 
66.35 5.21261 
66.4 5.16397 
66.45 5.11547 
66.5 5.06714 
66.55 5.01896 
66.6 4.97095 
66.65 4.92309 
66.7 4.87538 
66.75 4.82785 
66.8 4.78046 
66.85 4.73326 
66.9 4.68619 
66.95 4.63929 
67 4.59257 
67.05 4.54599 
67.1 4.49958 
67.15 4.45333 
67.2 4.40724 
67.25 4.36132 
67.3 4.31557 
67.35 4.26996 
67.4 4.22453 
67.45 4.17927 
67.5 4.13417 
67.55 4.08924 
67.6 4.04445 
67.65 3.99984 
67.7 3.95541 
67.75 3.91113 
67.8 3.86702 
67.85 3.82307 
67.9 3.77929 
67.95 3.73568 
68 3.69225 
68.05 3.64897 
68.1 3.60585 
68.15 3.56291 
68.2 3.52013 
68.25 3.47752 
68.3 3.43508 
68.35 3.3928 
68.4 3.35071 
68.45 3.30876 
68.5 3.267 
68.55 3.2254 
68.6 3.18397 
68.65 3.1427 
68.7 3.1016 
68.75 3.06068 
68.8 3.01993 
68.85 2.97934 
68.9 2.93891 
68.95 2.89867 
69 2.85858 
69.05 2.81866 
69.1 2.77892 
69.15 2.73935 
69.2 2.69995 
69.25 2.66071 
69.3 2.62164 
69.35 2.58274 
69.4 2.544 
69.45 2.50545 
69.5 2.46706 
69.55 2.42884 
69.6 2.39079 
69.65 2.35291 
69.7 2.31519 
69.75 2.27765 
69.8 2.24028 
69.85 2.20307 
69.9 2.16603 
69.95 2.12916 
70 2.09246 
70.05 2.05593 
70.1 2.01958 
70.15 1.98337 
70.2 1.94735 
70.25 1.91149 
70.3 1.87581 
70.35 1.84029 
70.4 1.80493 
70.45 1.76974 
70.5 1.73474 
70.55 1.69988 
70.6 1.66519 
70.65 1.63068 
70.7 1.59634 
70.75 1.56216 
70.8 1.52815 
70.85 1.4943 
70.9 1.46062 
70.95 1.42711 
71 1.39376 
71.05 1.36059 
71.1 1.32757 
71.15 1.29473 
71.2 1.26206 
71.25 1.22954 
71.3 1.19718 
71.35 1.165 
71.4 1.13299 
71.45 1.10113 
71.5 1.06944 
71.55 1.03791 
71.6 1.00653 
71.65 0.975338 
71.7 0.944297 
71.75 0.91343 
71.8 0.882724 
71.85 0.852173 
71.9 0.821786 
71.95 0.791572 
72 0.761513 
72.05 0.731612 
72.1 0.701877 
72.15 0.672302 
72.2 0.642892 
72.25 0.613643 
72.3 0.584541 
72.35 0.555617 
72.4 0.526836 
72.45 0.49822 
72.5 0.469779 
72.55 0.441486 
72.6 0.413342 
72.65 0.385359 
72.7 0.357554 
72.75 0.329898 
72.8 0.302395 
72.85 0.275049 
72.9 0.24785 
72.95 0.220823 
73 0.193944 
73.05 0.167232 
73.1 0.140671 
73.15 0.114255 
73.2 0.0879951 
73.25 0.0618987 
73.3 0.0359584 
73.35 0.0101662 
73.4 -0.0154654 
73.45 -0.040967 
73.5 -0.0662973 
73.55 -0.0914689 
73.6 -0.1165 
73.65 -0.141371 
73.7 -0.166092 
73.75 -0.19068 
73.8 -0.21508 
73.85 -0.239354 
73.9 -0.263471 
73.95 -0.287452 
74 -0.311274 
74.05 -0.334944 
74.1 -0.358472 
74.15 -0.381853 
74.2 -0.405073 
74.25 -0.428164 
74.3 -0.451105 
74.35 -0.473893 
74.4 -0.496546 
74.45 -0.519031 
74.5 -0.541381 
74.55 -0.563597 
74.6 -0.585645 
74.65 -0.607577 
74.7 -0.629344 
74.75 -0.650971 
74.8 -0.672461 
74.85 -0.693816 
74.9 -0.715029 
74.95 -0.73608 
75 -0.757008 
75.05 -0.777788 
75.1 -0.798424 
75.15 -0.818922 
75.2 -0.839283 
75.25 -0.859518 
75.3 -0.879599 
75.35 -0.899548 
75.4 -0.91936 
75.45 -0.939026 
75.5 -0.958566 
75.55 -0.97795 
75.6 -0.997223 
75.65 -1.01635 
75.7 -1.03533 
75.75 -1.0542 
75.8 -1.0729 
75.85 -1.09151 
75.9 -1.10996 
75.95 -1.12829 
76 -1.14648 
76.05 -1.16453 
76.1 -1.18246 
76.15 -1.20026 
76.2 -1.21792 
76.25 -1.23546 
76.3 -1.25286 
76.35 -1.27014 
76.4 -1.2873 
76.45 -1.30432 
76.5 -1.3212 
76.55 -1.33795 
76.6 -1.35461 
76.65 -1.37113 
76.7 -1.3875 
76.75 -1.40376 
76.8 -1.41989 
76.85 -1.43591 
76.9 -1.45179 
76.95 -1.46756 
77 -1.4832 
77.05 -1.49871 
77.1 -1.51411 
77.15 -1.52938 
77.2 -1.54453 
77.25 -1.55957 
77.3 -1.57448 
77.35 -1.58926 
77.4 -1.60394 
77.45 -1.61847 
77.5 -1.63292 
77.55 -1.64724 
77.6 -1.66145 
77.65 -1.67553 
77.7 -1.68949 
77.75 -1.70334 
77.8 -1.71708 
77.85 -1.7307 
77.9 -1.74421 
77.95 -1.75758 
78 -1.77086 
78.05 -1.78402 
78.1 -1.79708 
78.15 -1.81 
78.2 -1.82286 
78.25 -1.83556 
78.3 -1.84818 
78.35 -1.86065 
78.4 -1.87303 
78.45 -1.88532 
78.5 -1.8975 
78.55 -1.90954 
78.6 -1.92149 
78.65 -1.93334 
78.7 -1.94508 
78.75 -1.9567 
78.8 -1.96822 
78.85 -1.97965 
78.9 -1.99096 
78.95 -2.00216 
79 -2.01326 
79.05 -2.02427 
79.1 -2.03516 
79.15 -2.04597 
79.2 -2.05665 
79.25 -2.06723 
79.3 -2.07775 
79.35 -2.08813 
79.4 -2.09841 
79.45 -2.10861 
79.5 -2.1187 
79.55 -2.12867 
79.6 -2.13856 
79.65 -2.14838 
79.7 -2.15807 
79.75 -2.16766 
79.8 -2.17717 
79.85 -2.18658 
79.9 -2.1959 
79.95 -2.20511 
80 -2.21424 
80.05 -2.22325 
80.1 -2.23219 
80.15 -2.24104 
80.2 -2.24979 
80.25 -2.25845 
80.3 -2.26701 
80.35 -2.27547 
80.4 -2.28386 
80.45 -2.29217 
80.5 -2.30035 
80.55 -2.30847 
80.6 -2.31649 
80.65 -2.32444 
80.7 -2.33226 
80.75 -2.34004 
80.8 -2.34772 
80.85 -2.35529 
80.9 -2.36279 
80.95 -2.3702 
81 -2.37753 
81.05 -2.38479 
81.1 -2.39195 
81.15 -2.39901 
81.2 -2.40601 
81.25 -2.41291 
81.3 -2.41973 
81.35 -2.42648 
81.4 -2.43314 
81.45 -2.43971 
81.5 -2.44623 
81.55 -2.45265 
81.6 -2.45898 
81.65 -2.46523 
81.7 -2.47142 
81.75 -2.47752 
81.8 -2.48355 
81.85 -2.4895 
81.9 -2.49537 
81.95 -2.50115 
82 -2.50687 
82.05 -2.51252 
82.1 -2.51808 
82.15 -2.52358 
82.2 -2.52898 
82.25 -2.53432 
82.3 -2.53959 
82.35 -2.54478 
82.4 -2.54991 
82.45 -2.55496 
82.5 -2.55993 
82.55 -2.56484 
82.6 -2.56967 
82.65 -2.57443 
82.7 -2.57911 
82.75 -2.58375 
82.8 -2.58829 
82.85 -2.59278 
82.9 -2.5972 
82.95 -2.60155 
83 -2.60582 
83.05 -2.61003 
83.1 -2.61417 
83.15 -2.61826 
83.2 -2.62226 
83.25 -2.6262 
83.3 -2.63009 
83.35 -2.6339 
83.4 -2.63765 
83.45 -2.64133 
83.5 -2.64495 
83.55 -2.64852 
83.6 -2.65203 
83.65 -2.65546 
83.7 -2.65881 
83.75 -2.66212 
83.8 -2.66536 
83.85 -2.66858 
83.9 -2.67169 
83.95 -2.67475 
84 -2.67777 
84.05 -2.68071 
84.1 -2.68359 
84.15 -2.68643 
84.2 -2.68921 
84.25 -2.69191 
84.3 -2.69457 
84.35 -2.69716 
84.4 -2.69972 
84.45 -2.7022 
84.5 -2.70463 
84.55 -2.70699 
84.6 -2.70931 
84.65 -2.71159 
84.7 -2.7138 
84.75 -2.71595 
84.8 -2.71805 
84.85 -2.72009 
84.9 -2.72209 
84.95 -2.72403 
85 -2.72593 
85.05 -2.72777 
85.1 -2.72955 
85.15 -2.73129 
85.2 -2.73298 
85.25 -2.73461 
85.3 -2.7362 
85.35 -2.73773 
85.4 -2.73922 
85.45 -2.74065 
85.5 -2.74205 
85.55 -2.74339 
85.6 -2.74468 
85.65 -2.74592 
85.7 -2.7471 
85.75 -2.74826 
85.8 -2.74936 
85.85 -2.75042 
85.9 -2.75142 
85.95 -2.75239 
86 -2.75331 
86.05 -2.7542 
86.1 -2.75502 
86.15 -2.75582 
86.2 -2.75656 
86.25 -2.75725 
86.3 -2.75791 
86.35 -2.75851 
86.4 -2.75909 
86.45 -2.75961 
86.5 -2.76011 
86.55 -2.76055 
86.6 -2.76095 
86.65 -2.7613 
86.7 -2.76163 
86.75 -2.7619 
86.8 -2.76215 
86.85 -2.76234 
86.9 -2.76251 
86.95 -2.76264 
87 -2.7627 
87.05 -2.76275 
87.1 -2.76276 
87.15 -2.76274 
87.2 -2.76266 
87.25 -2.76258 
87.3 -2.76242 
87.35 -2.76224 
87.4 -2.76201 
87.45 -2.76176 
87.5 -2.76148 
87.55 -2.76116 
87.6 -2.76079 
87.65 -2.7604 
87.7 -2.75999 
87.75 -2.75953 
87.8 -2.75902 
87.85 -2.75847 
87.9 -2.75792 
87.95 -2.75732 
88 -2.75669 
88.05 -2.75602 
88.1 -2.75533 
88.15 -2.7546 
88.2 -2.75384 
88.25 -2.75305 
88.3 -2.75222 
88.35 -2.75139 
88.4 -2.75049 
88.45 -2.74957 
88.5 -2.74862 
88.55 -2.74765 
88.6 -2.74664 
88.65 -2.74561 
88.7 -2.74456 
88.75 -2.74345 
88.8 -2.74235 
88.85 -2.7412 
88.9 -2.74001 
88.95 -2.73881 
89 -2.73758 
89.05 -2.73632 
89.1 -2.73502 
89.15 -2.73371 
89.2 -2.73236 
89.25 -2.73101 
89.3 -2.7296 
89.35 -2.7282 
89.4 -2.72674 
89.45 -2.72528 
89.5 -2.72378 
89.55 -2.72227 
89.6 -2.72072 
89.65 -2.71915 
89.7 -2.71755 
89.75 -2.71594 
89.8 -2.71429 
89.85 -2.71264 
89.9 -2.71094 
89.95 -2.70922 
90 -2.7075 
90.05 -2.70573 
90.1 -2.70397 
90.15 -2.70217 
90.2 -2.70034 
90.25 -2.6985 
90.3 -2.69663 
90.35 -2.69474 
90.4 -2.69284 
90.45 -2.69091 
90.5 -2.68897 
90.55 -2.68699 
90.6 -2.68499 
90.65 -2.68298 
90.7 -2.68096 
90.75 -2.6789 
90.8 -2.67684 
90.85 -2.67474 
90.9 -2.67265 
90.95 -2.67053 
91 -2.66838 
91.05 -2.66622 
91.1 -2.66403 
91.15 -2.66183 
91.2 -2.65962 
91.25 -2.65739 
91.3 -2.65513 
91.35 -2.65288 
91.4 -2.65059 
91.45 -2.64828 
91.5 -2.64596 
91.55 -2.64363 
91.6 -2.64128 
91.65 -2.63891 
91.7 -2.63654 
91.75 -2.63415 
91.8 -2.63173 
91.85 -2.62931 
91.9 -2.62686 
91.95 -2.62441 
92 -2.62193 
92.05 -2.61944 
92.1 -2.61694 
92.15 -2.61442 
92.2 -2.6119 
92.25 -2.60937 
92.3 -2.60681 
92.35 -2.60424 
92.4 -2.60167 
92.45 -2.59907 
92.5 -2.59646 
92.55 -2.59383 
92.6 -2.59122 
92.65 -2.58857 
92.7 -2.58591 
92.75 -2.58325 
92.8 -2.58057 
92.85 -2.57788 
92.9 -2.57518 
92.95 -2.57247 
93 -2.56974 
93.05 -2.56701 
93.1 -2.56427 
93.15 -2.5615 
93.2 -2.55875 
93.25 -2.55597 
93.3 -2.55318 
93.35 -2.55039 
93.4 -2.54758 
93.45 -2.54478 
93.5 -2.54195 
93.55 -2.53912 
93.6 -2.53628 
93.65 -2.53342 
93.7 -2.53058 
93.75 -2.52769 
93.8 -2.52483 
93.85 -2.52193 
93.9 -2.51905 
93.95 -2.51615 
94 -2.51324 
94.05 -2.51033 
94.1 -2.50742 
94.15 -2.50447 
94.2 -2.50155 
94.25 -2.4986 
94.3 -2.49566 
94.35 -2.4927 
94.4 -2.48973 
94.45 -2.48677 
94.5 -2.48378 
94.55 -2.48081 
94.6 -2.47782 
94.65 -2.47483 
94.7 -2.47183 
94.75 -2.46883 
94.8 -2.46583 
94.85 -2.46281 
94.9 -2.45979 
94.95 -2.45676 
95 -2.45373 
95.05 -2.4507 
95.1 -2.44766 
95.15 -2.44462 
95.2 -2.44156 
95.25 -2.43851 
95.3 -2.43546 
95.35 -2.4324 
95.4 -2.42932 
95.45 -2.42624 
95.5 -2.42318 
95.55 -2.4201 
95.6 -2.41702 
95.65 -2.41392 
95.7 -2.41084 
95.75 -2.40775 
95.8 -2.40465 
95.85 -2.40155 
95.9 -2.39845 
95.95 -2.39534 
96 -2.39223 
96.05 -2.3891 
96.1 -2.38599 
96.15 -2.38287 
96.2 -2.37974 
96.25 -2.37661 
96.3 -2.37348 
96.35 -2.37034 
96.4 -2.3672 
96.45 -2.36407 
96.5 -2.36091 
96.55 -2.35777 
96.6 -2.3546 
96.65 -2.35146 
96.7 -2.34831 
96.75 -2.34514 
96.8 -2.34198 
96.85 -2.33881 
96.9 -2.33564 
96.95 -2.33246 
97 -2.32928 
97.05 -2.3261 
97.1 -2.32291 
97.15 -2.31972 
97.2 -2.31654 
97.25 -2.31333 
97.3 -2.31013 
97.35 -2.30693 
97.4 -2.30374 
97.45 -2.30053 
97.5 -2.29732 
97.55 -2.29411 
97.6 -2.2909 
97.65 -2.28767 
97.7 -2.28443 
97.75 -2.28121 
97.8 -2.27797 
97.85 -2.27474 
97.9 -2.27152 
97.95 -2.26827 
98 -2.26503 
98.05 -2.26177 
98.1 -2.25853 
98.15 -2.25527 
98.2 -2.25201 
98.25 -2.24876 
98.3 -2.24549 
98.35 -2.24223 
98.4 -2.23897 
98.45 -2.23569 
98.5 -2.23241 
98.55 -2.22913 
98.6 -2.22585 
98.65 -2.22256 
98.7 -2.21927 
98.75 -2.21599 
98.8 -2.21269 
98.85 -2.2094 
98.9 -2.20609 
98.95 -2.20279 
99 -2.19949 
99.05 -2.19616 
99.1 -2.19285 
99.15 -2.18954 
99.2 -2.18622 
99.25 -2.18291 
99.3 -2.17959 
99.35 -2.17627 
99.4 -2.17294 
99.45 -2.1696 
99.5 -2.16629 
99.55 -2.16295 
99.6 -2.15962 
99.65 -2.15628 
99.7 -2.15294 
99.75 -2.14959 
99.8 -2.14626 
99.85 -2.14292 
99.9 -2.13957 
99.95 -2.13623 
100 -2.13288 
100.05 -2.12953 
100.1 -2.12618 
100.15 -2.12283 
100.2 -2.11947 
100.25 -2.11612 
100.3 -2.11277 
100.35 -2.10941 
100.4 -2.10606 
100.45 -2.10271 
100.5 -2.09936 
100.55 -2.096 
100.6 -2.09265 
100.65 -2.08928 
100.7 -2.08594 
100.75 -2.08258 
100.8 -2.07923 
100.85 -2.07589 
100.9 -2.07254 
100.95 -2.06918 
101 -2.06584 
101.05 -2.06248 
101.1 -2.05914 
101.15 -2.0558 
101.2 -2.05245 
101.25 -2.0491 
101.3 -2.04576 
101.35 -2.04242 
101.4 -2.03909 
101.45 -2.03575 
101.5 -2.03242 
101.55 -2.02909 
101.6 -2.02577 
101.65 -2.02244 
101.7 -2.01912 
101.75 -2.0158 
101.8 -2.01249 
101.85 -2.00917 
101.9 -2.00586 
101.95 -2.00256 
102 -1.99927 
102.05 -1.99597 
102.1 -1.99267 
102.15 -1.98938 
102.2 -1.98609 
102.25 -1.98281 
102.3 -1.97954 
102.35 -1.97626 
102.4 -1.97299 
102.45 -1.96973 
102.5 -1.96647 
102.55 -1.96322 
102.6 -1.95996 
102.65 -1.95672 
102.7 -1.95349 
102.75 -1.95024 
102.8 -1.94702 
102.85 -1.94379 
102.9 -1.94058 
102.95 -1.93737 
103 -1.93415 
103.05 -1.93096 
103.1 -1.92777 
103.15 -1.92458 
103.2 -1.9214 
103.25 -1.91822 
103.3 -1.91506 
103.35 -1.91189 
103.4 -1.90873 
103.45 -1.90559 
103.5 -1.90244 
103.55 -1.8993 
103.6 -1.89617 
103.65 -1.89305 
103.7 -1.88994 
103.75 -1.88682 
103.8 -1.88373 
103.85 -1.88063 
103.9 -1.87754 
103.95 -1.87446 
104 -1.8714 
104.05 -1.86833 
104.1 -1.86527 
104.15 -1.86222 
104.2 -1.85918 
104.25 -1.85614 
104.3 -1.85311 
104.35 -1.85009 
104.4 -1.84708 
104.45 -1.84408 
104.5 -1.84108 
104.55 -1.83809 
104.6 -1.83511 
104.65 -1.83214 
104.7 -1.82917 
104.75 -1.82621 
104.8 -1.82327 
104.85 -1.82032 
104.9 -1.81738 
104.95 -1.81447 
105 -1.81154 
105.05 -1.80863 
105.1 -1.80574 
105.15 -1.80284 
105.2 -1.79995 
105.25 -1.79708 
105.3 -1.79421 
105.35 -1.79136 
105.4 -1.78849 
105.45 -1.78564 
105.5 -1.78281 
105.55 -1.77999 
105.6 -1.77716 
105.65 -1.77435 
105.7 -1.77154 
105.75 -1.76875 
105.8 -1.76596 
105.85 -1.76318 
105.9 -1.76041 
105.95 -1.75765 
106 -1.75489 
106.05 -1.75214 
106.1 -1.74941 
106.15 -1.74667 
106.2 -1.74395 
106.25 -1.74122 
106.3 -1.73852 
106.35 -1.73582 
106.4 -1.73312 
106.45 -1.73044 
106.5 -1.72777 
106.55 -1.72509 
106.6 -1.72243 
106.65 -1.71978 
106.7 -1.71714 
106.75 -1.7145 
106.8 -1.71187 
106.85 -1.70925 
106.9 -1.70663 
106.95 -1.70402 
107 -1.70142 
107.05 -1.69883 
107.1 -1.69624 
107.15 -1.69367 
107.2 -1.6911 
107.25 -1.68853 
107.3 -1.68598 
107.35 -1.68343 
107.4 -1.68089 
107.45 -1.67836 
107.5 -1.67583 
107.55 -1.67331 
107.6 -1.67079 
107.65 -1.6683 
107.7 -1.6658 
107.75 -1.6633 
107.8 -1.66082 
107.85 -1.65834 
107.9 -1.65588 
107.95 -1.65341 
108 -1.65095 
108.05 -1.6485 
108.1 -1.64606 
108.15 -1.64362 
108.2 -1.64119 
108.25 -1.63877 
108.3 -1.63635 
108.35 -1.63394 
108.4 -1.63154 
108.45 -1.62914 
108.5 -1.62676 
108.55 -1.62436 
108.6 -1.62198 
108.65 -1.61962 
108.7 -1.61726 
108.75 -1.61489 
108.8 -1.61254 
108.85 -1.6102 
108.9 -1.60786 
108.95 -1.60552 
109 -1.60319 
109.05 -1.60087 
109.1 -1.59855 
109.15 -1.59624 
109.2 -1.59394 
109.25 -1.59164 
109.3 -1.58934 
109.35 -1.58705 
109.4 -1.58477 
109.45 -1.58249 
109.5 -1.58022 
109.55 -1.57795 
109.6 -1.57569 
109.65 -1.57344 
109.7 -1.5712 
109.75 -1.56895 
109.8 -1.56671 
109.85 -1.56448 
109.9 -1.56225 
109.95 -1.56003 
110 -1.55781 
110.05 -1.5556 
110.1 -1.55339 
110.15 -1.55119 
110.2 -1.54899 
110.25 -1.5468 
110.3 -1.54461 
110.35 -1.54243 
110.4 -1.54025 
110.45 -1.53809 
110.5 -1.53592 
110.55 -1.53376 
110.6 -1.5316 
110.65 -1.52945 
110.7 -1.5273 
110.75 -1.52516 
110.8 -1.52302 
110.85 -1.52089 
110.9 -1.51877 
110.95 -1.51664 
111 -1.51453 
111.05 -1.5124 
111.1 -1.5103 
111.15 -1.50819 
111.2 -1.50609 
111.25 -1.504 
111.3 -1.50191 
111.35 -1.49982 
111.4 -1.49774 
111.45 -1.49566 
111.5 -1.49358 
111.55 -1.49152 
111.6 -1.48945 
111.65 -1.48739 
111.7 -1.48533 
111.75 -1.48328 
111.8 -1.48123 
111.85 -1.47918 
111.9 -1.47713 
111.95 -1.4751 
112 -1.47306 
112.05 -1.47103 
112.1 -1.469 
112.15 -1.46698 
112.2 -1.46496 
112.25 -1.46295 
112.3 -1.46093 
112.35 -1.45892 
112.4 -1.45691 
112.45 -1.45491 
112.5 -1.4529 
112.55 -1.45091 
112.6 -1.44891 
112.65 -1.44692 
112.7 -1.44493 
112.75 -1.44295 
112.8 -1.44096 
112.85 -1.43899 
112.9 -1.43702 
112.95 -1.43505 
113 -1.43307 
113.05 -1.4311 
113.1 -1.42914 
113.15 -1.42718 
113.2 -1.42522 
113.25 -1.42328 
113.3 -1.42132 
113.35 -1.41937 
113.4 -1.41742 
113.45 -1.41548 
113.5 -1.41354 
113.55 -1.4116 
113.6 -1.40967 
113.65 -1.40774 
113.7 -1.4058 
113.75 -1.40388 
113.8 -1.40195 
113.85 -1.40004 
113.9 -1.39811 
113.95 -1.39619 
114 -1.39428 
114.05 -1.39237 
114.1 -1.39046 
114.15 -1.38855 
114.2 -1.38665 
114.25 -1.38475 
114.3 -1.38284 
114.35 -1.38095 
114.4 -1.37905 
114.45 -1.37716 
114.5 -1.37527 
114.55 -1.37337 
