0 -3.2874 
0.05 -3.28317 
0.1 -3.27895 
0.15 -3.27474 
0.2 -3.27053 
0.25 -3.26635 
0.3 -3.26216 
0.35 -3.25798 
0.4 -3.25382 
0.45 -3.24965 
0.5 -3.2455 
0.55 -3.24136 
0.6 -3.23722 
0.65 -3.2331 
0.7 -3.22898 
0.75 -3.22488 
0.8 -3.22078 
0.85 -3.2167 
0.9 -3.21262 
0.95 -3.20854 
1 -3.20448 
1.05 -3.20044 
1.1 -3.1964 
1.15 -3.19237 
1.2 -3.18835 
1.25 -3.18434 
1.3 -3.18034 
1.35 -3.17635 
1.4 -3.17238 
1.45 -3.16841 
1.5 -3.16446 
1.55 -3.16052 
1.6 -3.15659 
1.65 -3.15267 
1.7 -3.14876 
1.75 -3.14487 
1.8 -3.14099 
1.85 -3.13713 
1.9 -3.13327 
1.95 -3.12943 
2 -3.1256 
2.05 -3.1218 
2.1 -3.11801 
2.15 -3.11422 
2.2 -3.11046 
2.25 -3.10671 
2.3 -3.10298 
2.35 -3.09926 
2.4 -3.09556 
2.45 -3.09189 
2.5 -3.08822 
2.55 -3.08458 
2.6 -3.08096 
2.65 -3.07735 
2.7 -3.07377 
2.75 -3.0702 
2.8 -3.06665 
2.85 -3.06313 
2.9 -3.05964 
2.95 -3.05615 
3 -3.0527 
3.05 -3.04927 
3.1 -3.04586 
3.15 -3.04247 
3.2 -3.03911 
3.25 -3.03577 
3.3 -3.03247 
3.35 -3.02919 
3.4 -3.02594 
3.45 -3.02271 
3.5 -3.01952 
3.55 -3.01635 
3.6 -3.01321 
3.65 -3.0101 
3.7 -3.00702 
3.75 -3.00398 
3.8 -3.00096 
3.85 -2.99798 
3.9 -2.99503 
3.95 -2.99211 
4 -2.98923 
4.05 -2.98638 
4.1 -2.98358 
4.15 -2.9808 
4.2 -2.97806 
4.25 -2.97536 
4.3 -2.9727 
4.35 -2.97008 
4.4 -2.9675 
4.45 -2.96495 
4.5 -2.96246 
4.55 -2.95999 
4.6 -2.95758 
4.65 -2.95521 
4.7 -2.95287 
4.75 -2.95059 
4.8 -2.94835 
4.85 -2.94615 
4.9 -2.94401 
4.95 -2.9419 
5 -2.93985 
5.05 -2.93784 
5.1 -2.93589 
5.15 -2.93399 
5.2 -2.93213 
5.25 -2.93033 
5.3 -2.92858 
5.35 -2.92688 
5.4 -2.92524 
5.45 -2.92364 
5.5 -2.92211 
5.55 -2.92064 
5.6 -2.91922 
5.65 -2.91785 
5.7 -2.91655 
5.75 -2.9153 
5.8 -2.91411 
5.85 -2.91299 
5.9 -2.91192 
5.95 -2.91092 
6 -2.90999 
6.05 -2.90911 
6.1 -2.90829 
6.15 -2.90755 
6.2 -2.90687 
6.25 -2.90626 
6.3 -2.90571 
6.35 -2.90524 
6.4 -2.90483 
6.45 -2.90449 
6.5 -2.90423 
6.55 -2.90404 
6.6 -2.90392 
6.65 -2.90388 
6.7 -2.9039 
6.75 -2.904 
6.8 -2.90418 
6.85 -2.90445 
6.9 -2.90477 
6.95 -2.90519 
7 -2.90569 
7.05 -2.90626 
7.1 -2.90692 
7.15 -2.90766 
7.2 -2.90848 
7.25 -2.90939 
7.3 -2.91038 
7.35 -2.91146 
7.4 -2.91262 
7.45 -2.91388 
7.5 -2.91521 
7.55 -2.91665 
7.6 -2.91817 
7.65 -2.91979 
7.7 -2.9215 
7.75 -2.9233 
7.8 -2.92519 
7.85 -2.92718 
7.9 -2.92927 
7.95 -2.93146 
8 -2.93374 
8.05 -2.93613 
8.1 -2.93861 
8.15 -2.9412 
8.2 -2.94389 
8.25 -2.94669 
8.3 -2.94958 
8.35 -2.95258 
8.4 -2.95569 
8.45 -2.95892 
8.5 -2.96224 
8.55 -2.96568 
8.6 -2.96923 
8.65 -2.97289 
8.7 -2.97666 
8.75 -2.98055 
8.8 -2.98455 
8.85 -2.98867 
8.9 -2.99291 
8.95 -2.99726 
9 -3.00174 
9.05 -3.00633 
9.1 -3.01105 
9.15 -3.01589 
9.2 -3.02086 
9.25 -3.02595 
9.3 -3.03116 
9.35 -3.03651 
9.4 -3.04198 
9.45 -3.04758 
9.5 -3.05331 
9.55 -3.05918 
9.6 -3.06518 
9.65 -3.07131 
9.7 -3.07758 
9.75 -3.08399 
9.8 -3.09053 
9.85 -3.09721 
9.9 -3.10404 
9.95 -3.111 
10 -3.11811 
10.05 -3.12536 
10.1 -3.13276 
10.15 -3.1403 
10.2 -3.14799 
10.25 -3.15584 
10.3 -3.16383 
10.35 -3.17197 
10.4 -3.18027 
10.45 -3.18872 
10.5 -3.19732 
10.55 -3.20608 
10.6 -3.215 
10.65 -3.22407 
10.7 -3.23331 
10.75 -3.24272 
10.8 -3.25228 
10.85 -3.26201 
10.9 -3.2719 
10.95 -3.28196 
11 -3.29219 
11.05 -3.30258 
11.1 -3.31315 
11.15 -3.32389 
11.2 -3.3348 
11.25 -3.34589 
11.3 -3.35716 
11.35 -3.3686 
11.4 -3.38022 
11.45 -3.39203 
11.5 -3.40401 
11.55 -3.41618 
11.6 -3.42852 
11.65 -3.44106 
11.7 -3.45378 
11.75 -3.4667 
11.8 -3.4798 
11.85 -3.49309 
11.9 -3.50658 
11.95 -3.52026 
12 -3.53413 
12.05 -3.54821 
12.1 -3.56248 
12.15 -3.57695 
12.2 -3.59162 
12.25 -3.60649 
12.3 -3.62157 
12.35 -3.63685 
12.4 -3.65234 
12.45 -3.66804 
12.5 -3.68395 
12.55 -3.70007 
12.6 -3.7164 
12.65 -3.73294 
12.7 -3.74971 
12.75 -3.76668 
12.8 -3.78388 
12.85 -3.8013 
12.9 -3.81894 
12.95 -3.83679 
13 -3.85488 
13.05 -3.87319 
13.1 -3.89173 
13.15 -3.91049 
13.2 -3.92949 
13.25 -3.94871 
13.3 -3.96818 
13.35 -3.98787 
13.4 -4.00781 
13.45 -4.02797 
13.5 -4.04838 
13.55 -4.06903 
13.6 -4.08992 
13.65 -4.11105 
13.7 -4.13243 
13.75 -4.15406 
13.8 -4.17593 
13.85 -4.19806 
13.9 -4.22043 
13.95 -4.24306 
14 -4.26594 
14.05 -4.28908 
14.1 -4.31247 
14.15 -4.33612 
14.2 -4.36004 
14.25 -4.38421 
14.3 -4.40865 
14.35 -4.43335 
14.4 -4.45832 
14.45 -4.48356 
14.5 -4.50906 
14.55 -4.53484 
14.6 -4.56089 
14.65 -4.58721 
14.7 -4.6138 
14.75 -4.64067 
14.8 -4.66782 
14.85 -4.69526 
14.9 -4.72297 
14.95 -4.75097 
15 -4.77925 
15.05 -4.80781 
15.1 -4.83667 
15.15 -4.86581 
15.2 -4.89524 
15.25 -4.92496 
15.3 -4.95498 
15.35 -4.98529 
15.4 -5.0159 
15.45 -5.0468 
15.5 -5.07801 
15.55 -5.10951 
15.6 -5.14133 
15.65 -5.17344 
15.7 -5.20586 
15.75 -5.23857 
15.8 -5.27161 
15.85 -5.30495 
15.9 -5.3386 
15.95 -5.37256 
16 -5.40685 
16.05 -5.44144 
16.1 -5.47635 
16.15 -5.51158 
16.2 -5.54713 
16.25 -5.583 
16.3 -5.6192 
16.35 -5.65572 
16.4 -5.69256 
16.45 -5.72973 
16.5 -5.76724 
16.55 -5.80506 
16.6 -5.84322 
16.65 -5.88172 
16.7 -5.92055 
16.75 -5.95971 
16.8 -5.99921 
16.85 -6.03905 
16.9 -6.07923 
16.95 -6.11975 
17 -6.16061 
17.05 -6.20182 
17.1 -6.24337 
17.15 -6.28526 
17.2 -6.32751 
17.25 -6.37011 
17.3 -6.41305 
17.35 -6.45635 
17.4 -6.5 
17.45 -6.54401 
17.5 -6.58837 
17.55 -6.63309 
17.6 -6.67817 
17.65 -6.7236 
17.7 -6.7694 
17.75 -6.81556 
17.8 -6.86208 
17.85 -6.90898 
17.9 -6.95623 
17.95 -7.00385 
18 -7.05184 
18.05 -7.1002 
18.1 -7.14894 
18.15 -7.19804 
18.2 -7.24751 
18.25 -7.29737 
18.3 -7.34759 
18.35 -7.39819 
18.4 -7.44918 
18.45 -7.50054 
18.5 -7.55228 
18.55 -7.60441 
18.6 -7.65692 
18.65 -7.7098 
18.7 -7.76307 
18.75 -7.81673 
18.8 -7.87078 
18.85 -7.92522 
18.9 -7.98005 
18.95 -8.03525 
19 -8.09086 
19.05 -8.14685 
19.1 -8.20324 
19.15 -8.26002 
19.2 -8.3172 
19.25 -8.37476 
19.3 -8.43274 
19.35 -8.49112 
19.4 -8.54988 
19.45 -8.60904 
19.5 -8.66861 
19.55 -8.72859 
19.6 -8.78896 
19.65 -8.84973 
19.7 -8.91091 
19.75 -8.97248 
19.8 -9.03448 
19.85 -9.09688 
19.9 -9.15968 
19.95 -9.22288 
20 -9.28649 
20.05 -9.35052 
20.1 -9.41497 
20.15 -9.47981 
20.2 -9.54507 
20.25 -9.61073 
20.3 -9.67682 
20.35 -9.74332 
20.4 -9.81023 
20.45 -9.87756 
20.5 -9.9453 
20.55 -10.0135 
20.6 -10.082 
20.65 -10.151 
20.7 -10.2204 
20.75 -10.2903 
20.8 -10.3605 
20.85 -10.4312 
20.9 -10.5022 
20.95 -10.5737 
21 -10.6457 
21.05 -10.718 
21.1 -10.7908 
21.15 -10.864 
21.2 -10.9376 
21.25 -11.0116 
21.3 -11.086 
21.35 -11.1609 
21.4 -11.2362 
21.45 -11.3119 
21.5 -11.3881 
21.55 -11.4646 
21.6 -11.5416 
21.65 -11.619 
21.7 -11.6969 
21.75 -11.7751 
21.8 -11.8538 
21.85 -11.9329 
21.9 -12.0124 
21.95 -12.0924 
22 -12.1728 
22.05 -12.2536 
22.1 -12.3348 
22.15 -12.4165 
22.2 -12.4985 
22.25 -12.581 
22.3 -12.664 
22.35 -12.7473 
22.4 -12.8311 
22.45 -12.9153 
22.5 -12.9999 
22.55 -13.0849 
22.6 -13.1704 
22.65 -13.2563 
22.7 -13.3426 
22.75 -13.4293 
22.8 -13.5165 
22.85 -13.604 
22.9 -13.692 
22.95 -13.7805 
23 -13.8693 
23.05 -13.9585 
23.1 -14.0482 
23.15 -14.1383 
23.2 -14.2288 
23.25 -14.3197 
23.3 -14.4111 
23.35 -14.5028 
23.4 -14.595 
23.45 -14.6876 
23.5 -14.7806 
23.55 -14.8741 
23.6 -14.9679 
23.65 -15.0621 
23.7 -15.1567 
23.75 -15.2518 
23.8 -15.3473 
23.85 -15.4432 
23.9 -15.5395 
23.95 -15.6362 
24 -15.7333 
24.05 -15.8308 
24.1 -15.9287 
24.15 -16.027 
24.2 -16.1257 
24.25 -16.2248 
24.3 -16.3244 
24.35 -16.4243 
24.4 -16.5246 
24.45 -16.6253 
24.5 -16.7264 
24.55 -16.8279 
24.6 -16.9298 
24.65 -17.0321 
24.7 -17.1348 
24.75 -17.2378 
24.8 -17.3413 
24.85 -17.4451 
24.9 -17.5493 
24.95 -17.6539 
25 -17.7589 
25.05 -17.8643 
25.1 -17.97 
25.15 -18.0762 
25.2 -18.1827 
25.25 -18.2896 
25.3 -18.3968 
25.35 -18.5044 
25.4 -18.6124 
25.45 -18.7208 
25.5 -18.8295 
25.55 -18.9386 
25.6 -19.048 
25.65 -19.1578 
25.7 -19.268 
25.75 -19.3785 
25.8 -19.4894 
25.85 -19.6007 
25.9 -19.7122 
25.95 -19.8242 
26 -19.9364 
26.05 -20.0491 
26.1 -20.162 
26.15 -20.2753 
26.2 -20.389 
26.25 -20.503 
26.3 -20.6173 
26.35 -20.7319 
26.4 -20.8469 
26.45 -20.9622 
26.5 -21.0779 
26.55 -21.1938 
26.6 -21.3101 
26.65 -21.4267 
26.7 -21.5436 
26.75 -21.6609 
26.8 -21.7784 
26.85 -21.8963 
26.9 -22.0144 
26.95 -22.1329 
27 -22.2516 
27.05 -22.3707 
27.1 -22.4901 
27.15 -22.6097 
27.2 -22.7297 
27.25 -22.8499 
27.3 -22.9704 
27.35 -23.0912 
27.4 -23.2123 
27.45 -23.3337 
27.5 -23.4553 
27.55 -23.5772 
27.6 -23.6994 
27.65 -23.8218 
27.7 -23.9445 
27.75 -24.0674 
27.8 -24.1907 
27.85 -24.3142 
27.9 -24.4379 
27.95 -24.5619 
28 -24.6861 
28.05 -24.8105 
28.1 -24.9352 
28.15 -25.0602 
28.2 -25.1853 
28.25 -25.3107 
28.3 -25.4364 
28.35 -25.5622 
28.4 -25.6883 
28.45 -25.8146 
28.5 -25.9411 
28.55 -26.0678 
28.6 -26.1947 
28.65 -26.3218 
28.7 -26.4491 
28.75 -26.5766 
28.8 -26.7043 
28.85 -26.8322 
28.9 -26.9603 
28.95 -27.0886 
29 -27.217 
29.05 -27.3457 
29.1 -27.4744 
29.15 -27.6034 
29.2 -27.7325 
29.25 -27.8619 
29.3 -27.9913 
29.35 -28.1209 
29.4 -28.2506 
29.45 -28.3805 
29.5 -28.5106 
29.55 -28.6407 
29.6 -28.771 
29.65 -28.9015 
29.7 -29.0321 
29.75 -29.1627 
29.8 -29.2936 
29.85 -29.4245 
29.9 -29.5555 
29.95 -29.6867 
30 -29.818 
30.05 -29.9493 
30.1 -30.0807 
30.15 -30.2123 
30.2 -30.3439 
30.25 -30.4756 
30.3 -30.6074 
30.35 -30.7393 
30.4 -30.8712 
30.45 -31.0032 
30.5 -31.1353 
30.55 -31.2674 
30.6 -31.3996 
30.65 -31.5319 
30.7 -31.6641 
30.75 -31.7965 
30.8 -31.9288 
30.85 -32.0612 
30.9 -32.1936 
30.95 -32.3261 
31 -32.4586 
31.05 -32.5911 
31.1 -32.7236 
31.15 -32.8561 
31.2 -32.9886 
31.25 -33.1212 
31.3 -33.2537 
31.35 -33.3862 
31.4 -33.5186 
31.45 -33.6512 
31.5 -33.7836 
31.55 -33.916 
31.6 -34.0485 
31.65 -34.1808 
31.7 -34.3131 
31.75 -34.4454 
31.8 -34.5776 
31.85 -34.7098 
31.9 -34.842 
31.95 -34.974 
32 -35.106 
32.05 -35.2379 
32.1 -35.3698 
32.15 -35.5016 
32.2 -35.6332 
32.25 -35.7648 
32.3 -35.8963 
32.35 -36.0277 
32.4 -36.159 
32.45 -36.2902 
32.5 -36.4213 
32.55 -36.5523 
32.6 -36.6831 
32.65 -36.8138 
32.7 -36.9444 
32.75 -37.0748 
32.8 -37.2051 
32.85 -37.3354 
32.9 -37.4654 
32.95 -37.5952 
33 -37.725 
33.05 -37.8545 
33.1 -37.9839 
33.15 -38.1131 
33.2 -38.2422 
33.25 -38.371 
33.3 -38.4996 
33.35 -38.6281 
33.4 -38.7565 
33.45 -38.8845 
33.5 -39.0123 
33.55 -39.14 
33.6 -39.2675 
33.65 -39.3948 
33.7 -39.5218 
33.75 -39.6486 
33.8 -39.7751 
33.85 -39.9014 
33.9 -40.0275 
33.95 -40.1534 
34 -40.2789 
34.05 -40.4043 
34.1 -40.5293 
34.15 -40.6541 
34.2 -40.7786 
34.25 -40.9029 
34.3 -41.0269 
34.35 -41.1506 
34.4 -41.2741 
34.45 -41.3972 
34.5 -41.52 
34.55 -41.6425 
34.6 -41.7648 
34.65 -41.8867 
34.7 -42.0083 
34.75 -42.1296 
34.8 -42.2505 
34.85 -42.3712 
34.9 -42.4915 
34.95 -42.6114 
35 -42.731 
35.05 -42.8503 
35.1 -42.9693 
35.15 -43.0878 
35.2 -43.206 
35.25 -43.3238 
35.3 -43.4413 
35.35 -43.5585 
35.4 -43.6752 
35.45 -43.7916 
35.5 -43.9075 
35.55 -44.0231 
35.6 -44.1383 
35.65 -44.2531 
35.7 -44.3674 
35.75 -44.4814 
35.8 -44.595 
35.85 -44.7081 
35.9 -44.8209 
35.95 -44.9332 
36 -45.0451 
36.05 -45.1565 
36.1 -45.2675 
36.15 -45.3781 
36.2 -45.4882 
36.25 -45.5979 
36.3 -45.7071 
36.35 -45.8159 
36.4 -45.9242 
36.45 -46.0319 
36.5 -46.1394 
36.55 -46.2463 
36.6 -46.3526 
36.65 -46.4586 
36.7 -46.5641 
36.75 -46.669 
36.8 -46.7734 
36.85 -46.8774 
36.9 -46.9809 
36.95 -47.0839 
37 -47.1863 
37.05 -47.2883 
37.1 -47.3897 
37.15 -47.4906 
37.2 -47.591 
37.25 -47.6908 
37.3 -47.7901 
37.35 -47.8889 
37.4 -47.9872 
37.45 -48.0849 
37.5 -48.1821 
37.55 -48.2787 
37.6 -48.3748 
37.65 -48.4702 
37.7 -48.5652 
37.75 -48.6596 
37.8 -48.7534 
37.85 -48.8466 
37.9 -48.9393 
37.95 -49.0314 
38 -49.1229 
38.05 -49.2138 
38.1 -49.3041 
38.15 -49.3939 
38.2 -49.4831 
38.25 -49.5716 
38.3 -49.6597 
38.35 -49.747 
38.4 -49.8337 
38.45 -49.9198 
38.5 -50.0053 
38.55 -50.0903 
38.6 -50.1746 
38.65 -50.2583 
38.7 -50.3414 
38.75 -50.4237 
38.8 -50.5055 
38.85 -50.5866 
38.9 -50.6672 
38.95 -50.747 
39 -50.8263 
39.05 -50.9049 
39.1 -50.9829 
39.15 -51.0602 
39.2 -51.1368 
39.25 -51.2128 
39.3 -51.2881 
39.35 -51.3627 
39.4 -51.4368 
39.45 -51.5101 
39.5 -51.5829 
39.55 -51.6549 
39.6 -51.7261 
39.65 -51.7968 
39.7 -51.8668 
39.75 -51.936 
39.8 -52.0047 
39.85 -52.0726 
39.9 -52.1399 
39.95 -52.2065 
40 -52.2724 
40.05 -52.3375 
40.1 -52.402 
40.15 -52.4657 
40.2 -52.5288 
40.25 -52.5913 
40.3 -52.6529 
40.35 -52.714 
40.4 -52.7742 
40.45 -52.8338 
40.5 -52.8926 
40.55 -52.9507 
40.6 -53.0082 
40.65 -53.0649 
40.7 -53.1209 
40.75 -53.1761 
40.8 -53.2308 
40.85 -53.2846 
40.9 -53.3377 
40.95 -53.3901 
41 -53.4417 
41.05 -53.4927 
41.1 -53.5429 
41.15 -53.5924 
41.2 -53.6411 
41.25 -53.6892 
41.3 -53.7364 
41.35 -53.783 
41.4 -53.8288 
41.45 -53.8739 
41.5 -53.9182 
41.55 -53.9617 
41.6 -54.0046 
41.65 -54.0468 
41.7 -54.0882 
41.75 -54.1288 
41.8 -54.1687 
41.85 -54.2078 
41.9 -54.2462 
41.95 -54.2838 
42 -54.3207 
42.05 -54.3569 
42.1 -54.3923 
42.15 -54.427 
42.2 -54.4609 
42.25 -54.4941 
42.3 -54.5264 
42.35 -54.5581 
42.4 -54.589 
42.45 -54.6192 
42.5 -54.6485 
42.55 -54.6772 
42.6 -54.7052 
42.65 -54.7323 
42.7 -54.7588 
42.75 -54.7844 
42.8 -54.8092 
42.85 -54.8334 
42.9 -54.8567 
42.95 -54.8793 
43 -54.9012 
43.05 -54.9224 
43.1 -54.9427 
43.15 -54.9624 
43.2 -54.9812 
43.25 -54.9993 
43.3 -55.0166 
43.35 -55.0332 
43.4 -55.0491 
43.45 -55.0642 
43.5 -55.0786 
43.55 -55.0922 
43.6 -55.1051 
43.65 -55.1171 
43.7 -55.1285 
43.75 -55.1391 
43.8 -55.149 
43.85 -55.158 
43.9 -55.1664 
43.95 -55.1741 
44 -55.1809 
44.05 -55.187 
44.1 -55.1924 
44.15 -55.1971 
44.2 -55.2009 
44.25 -55.2041 
44.3 -55.2064 
44.35 -55.2082 
44.4 -55.209 
44.45 -55.2093 
44.5 -55.2087 
44.55 -55.2075 
44.6 -55.2054 
44.65 -55.2028 
44.7 -55.1993 
44.75 -55.1951 
44.8 -55.1901 
44.85 -55.1844 
44.9 -55.178 
44.95 -55.1709 
45 -55.1631 
45.05 -55.1546 
45.1 -55.1453 
45.15 -55.1352 
45.2 -55.1246 
45.25 -55.1131 
45.3 -55.1009 
45.35 -55.088 
45.4 -55.0745 
45.45 -55.0602 
45.5 -55.0452 
45.55 -55.0295 
45.6 -55.0131 
45.65 -54.996 
45.7 -54.9782 
45.75 -54.9597 
45.8 -54.9404 
45.85 -54.9204 
45.9 -54.8999 
45.95 -54.8786 
46 -54.8566 
46.05 -54.834 
46.1 -54.8106 
46.15 -54.7866 
46.2 -54.7618 
46.25 -54.7364 
46.3 -54.7104 
46.35 -54.6836 
46.4 -54.6562 
46.45 -54.628 
46.5 -54.5993 
46.55 -54.5698 
46.6 -54.5397 
46.65 -54.509 
46.7 -54.4776 
46.75 -54.4455 
46.8 -54.4128 
46.85 -54.3794 
46.9 -54.3452 
46.95 -54.3106 
47 -54.2752 
47.05 -54.2393 
47.1 -54.2027 
47.15 -54.1655 
47.2 -54.1275 
47.25 -54.0891 
47.3 -54.0499 
47.35 -54.0102 
47.4 -53.9697 
47.45 -53.9286 
47.5 -53.887 
47.55 -53.8448 
47.6 -53.8019 
47.65 -53.7585 
47.7 -53.7144 
47.75 -53.6697 
47.8 -53.6244 
47.85 -53.5785 
47.9 -53.532 
47.95 -53.4848 
48 -53.4372 
48.05 -53.3889 
48.1 -53.3401 
48.15 -53.2907 
48.2 -53.2407 
48.25 -53.1901 
48.3 -53.139 
48.35 -53.0872 
48.4 -53.0349 
48.45 -52.9821 
48.5 -52.9286 
48.55 -52.8747 
48.6 -52.82 
48.65 -52.765 
48.7 -52.7094 
48.75 -52.6533 
48.8 -52.5965 
48.85 -52.5393 
48.9 -52.4814 
48.95 -52.4232 
49 -52.3643 
49.05 -52.305 
49.1 -52.245 
49.15 -52.1846 
49.2 -52.1237 
49.25 -52.0622 
49.3 -52.0003 
49.35 -51.9378 
49.4 -51.8749 
49.45 -51.8114 
49.5 -51.7475 
49.55 -51.683 
49.6 -51.6181 
49.65 -51.5526 
49.7 -51.4867 
49.75 -51.4203 
49.8 -51.3534 
49.85 -51.2861 
49.9 -51.2184 
49.95 -51.1501 
50 -51.0813 
50.05 -51.0122 
50.1 -50.9426 
50.15 -50.8725 
50.2 -50.8019 
50.25 -50.7309 
50.3 -50.6594 
50.35 -50.5876 
50.4 -50.5153 
50.45 -50.4426 
50.5 -50.3694 
50.55 -50.2959 
50.6 -50.2219 
50.65 -50.1475 
50.7 -50.0727 
50.75 -49.9975 
50.8 -49.9219 
50.85 -49.8458 
50.9 -49.7693 
50.95 -49.6925 
51 -49.6153 
51.05 -49.5377 
51.1 -49.4597 
51.15 -49.3813 
51.2 -49.3026 
51.25 -49.2235 
51.3 -49.144 
51.35 -49.0641 
51.4 -48.984 
51.45 -48.9034 
51.5 -48.8225 
51.55 -48.7412 
51.6 -48.6596 
51.65 -48.5776 
51.7 -48.4952 
51.75 -48.4126 
51.8 -48.3297 
51.85 -48.2464 
51.9 -48.1627 
51.95 -48.0788 
52 -47.9945 
52.05 -47.9099 
52.1 -47.825 
52.15 -47.7397 
52.2 -47.6543 
52.25 -47.5685 
52.3 -47.4823 
52.35 -47.396 
52.4 -47.3093 
52.45 -47.2223 
52.5 -47.1351 
52.55 -47.0475 
52.6 -46.9597 
52.65 -46.8717 
52.7 -46.7833 
52.75 -46.6947 
52.8 -46.6058 
52.85 -46.5166 
52.9 -46.4273 
52.95 -46.3376 
53 -46.2478 
53.05 -46.1577 
53.1 -46.0673 
53.15 -45.9766 
53.2 -45.8858 
53.25 -45.7948 
53.3 -45.7035 
53.35 -45.612 
53.4 -45.5203 
53.45 -45.4283 
53.5 -45.3361 
53.55 -45.2438 
53.6 -45.1512 
53.65 -45.0585 
53.7 -44.9655 
53.75 -44.8724 
53.8 -44.779 
53.85 -44.6855 
53.9 -44.5918 
53.95 -44.4979 
54 -44.4038 
54.05 -44.3095 
54.1 -44.2152 
54.15 -44.1205 
54.2 -44.0258 
54.25 -43.9309 
54.3 -43.8358 
54.35 -43.7406 
54.4 -43.6453 
54.45 -43.5498 
54.5 -43.4542 
54.55 -43.3584 
54.6 -43.2625 
54.65 -43.1664 
54.7 -43.0702 
54.75 -42.9739 
54.8 -42.8774 
54.85 -42.7809 
54.9 -42.6842 
54.95 -42.5874 
55 -42.4905 
55.05 -42.3935 
55.1 -42.2964 
55.15 -42.1993 
55.2 -42.1019 
55.25 -42.0046 
55.3 -41.9071 
55.35 -41.8095 
55.4 -41.7118 
55.45 -41.6141 
55.5 -41.5162 
55.55 -41.4183 
55.6 -41.3203 
55.65 -41.2224 
55.7 -41.1242 
55.75 -41.0261 
55.8 -40.9279 
55.85 -40.8296 
55.9 -40.7312 
55.95 -40.6329 
56 -40.5345 
56.05 -40.436 
56.1 -40.3374 
56.15 -40.2389 
56.2 -40.1403 
56.25 -40.0416 
56.3 -39.943 
56.35 -39.8443 
56.4 -39.7456 
56.45 -39.6468 
56.5 -39.5481 
56.55 -39.4494 
56.6 -39.3505 
56.65 -39.2518 
56.7 -39.153 
56.75 -39.0541 
56.8 -38.9553 
56.85 -38.8565 
56.9 -38.7577 
56.95 -38.6589 
57 -38.5601 
57.05 -38.4614 
57.1 -38.3626 
57.15 -38.2639 
57.2 -38.1651 
57.25 -38.0664 
57.3 -37.9677 
57.35 -37.8691 
57.4 -37.7704 
57.45 -37.6718 
57.5 -37.5732 
57.55 -37.4747 
57.6 -37.3763 
57.65 -37.2778 
57.7 -37.1794 
57.75 -37.0811 
57.8 -36.9827 
57.85 -36.8845 
57.9 -36.7863 
57.95 -36.6882 
58 -36.59 
58.05 -36.492 
58.1 -36.394 
58.15 -36.2962 
58.2 -36.1983 
58.25 -36.1006 
58.3 -36.003 
58.35 -35.9053 
58.4 -35.8077 
58.45 -35.7103 
58.5 -35.6129 
58.55 -35.5156 
58.6 -35.4184 
58.65 -35.3213 
58.7 -35.2243 
58.75 -35.1273 
58.8 -35.0305 
58.85 -34.9338 
58.9 -34.8371 
58.95 -34.7406 
59 -34.6441 
59.05 -34.5477 
59.1 -34.4516 
59.15 -34.3554 
59.2 -34.2594 
59.25 -34.1634 
59.3 -34.0677 
59.35 -33.9721 
59.4 -33.8765 
59.45 -33.7811 
59.5 -33.6857 
59.55 -33.5905 
59.6 -33.4954 
59.65 -33.4006 
59.7 -33.3057 
59.75 -33.211 
59.8 -33.1164 
59.85 -33.0221 
59.9 -32.9278 
59.95 -32.8337 
60 -32.7397 
60.05 -32.6457 
60.1 -32.552 
60.15 -32.4585 
60.2 -32.365 
60.25 -32.2717 
60.3 -32.1786 
60.35 -32.0856 
60.4 -31.9928 
60.45 -31.9001 
60.5 -31.8076 
60.55 -31.7152 
60.6 -31.623 
60.65 -31.531 
60.7 -31.4391 
60.75 -31.3474 
60.8 -31.2558 
60.85 -31.1644 
60.9 -31.0731 
60.95 -30.9821 
61 -30.8912 
61.05 -30.8005 
61.1 -30.7099 
61.15 -30.6196 
61.2 -30.5293 
61.25 -30.4393 
61.3 -30.3495 
61.35 -30.2598 
61.4 -30.1702 
61.45 -30.081 
61.5 -29.9918 
61.55 -29.9029 
61.6 -29.8141 
61.65 -29.7255 
61.7 -29.6371 
61.75 -29.549 
61.8 -29.4609 
61.85 -29.3731 
61.9 -29.2855 
61.95 -29.198 
62 -29.1107 
62.05 -29.0237 
62.1 -28.9368 
62.15 -28.8501 
62.2 -28.7636 
62.25 -28.6774 
62.3 -28.5913 
62.35 -28.5054 
62.4 -28.4197 
62.45 -28.3343 
62.5 -28.249 
62.55 -28.1639 
62.6 -28.0791 
62.65 -27.9944 
62.7 -27.91 
62.75 -27.8257 
62.8 -27.7416 
62.85 -27.6578 
62.9 -27.5742 
62.95 -27.4908 
63 -27.4076 
63.05 -27.3246 
63.1 -27.2418 
63.15 -27.1592 
63.2 -27.0768 
63.25 -26.9947 
63.3 -26.9128 
63.35 -26.831 
63.4 -26.7496 
63.45 -26.6683 
63.5 -26.5872 
63.55 -26.5064 
63.6 -26.4257 
63.65 -26.3453 
63.7 -26.2651 
63.75 -26.1851 
63.8 -26.1053 
63.85 -26.0258 
63.9 -25.9465 
63.95 -25.8674 
64 -25.7886 
64.05 -25.7099 
64.1 -25.6315 
64.15 -25.5533 
64.2 -25.4753 
64.25 -25.3975 
64.3 -25.32 
64.35 -25.2427 
64.4 -25.1656 
64.45 -25.0888 
64.5 -25.0121 
64.55 -24.9357 
64.6 -24.8595 
64.65 -24.7836 
64.7 -24.7079 
64.75 -24.6324 
64.8 -24.5571 
64.85 -24.4821 
64.9 -24.4073 
64.95 -24.3327 
65 -24.2583 
65.05 -24.1842 
65.1 -24.1103 
65.15 -24.0366 
65.2 -23.9632 
65.25 -23.89 
65.3 -23.817 
65.35 -23.7443 
65.4 -23.6718 
65.45 -23.5994 
65.5 -23.5274 
65.55 -23.4555 
65.6 -23.384 
65.65 -23.3126 
65.7 -23.2415 
65.75 -23.1706 
65.8 -23.0999 
65.85 -23.0294 
65.9 -22.9592 
65.95 -22.8892 
66 -22.8195 
66.05 -22.7499 
66.1 -22.6807 
66.15 -22.6116 
66.2 -22.5428 
66.25 -22.4742 
66.3 -22.4058 
66.35 -22.3377 
66.4 -22.2697 
66.45 -22.2021 
66.5 -22.1346 
66.55 -22.0674 
66.6 -22.0004 
66.65 -21.9337 
66.7 -21.8672 
66.75 -21.8009 
66.8 -21.7348 
66.85 -21.6689 
66.9 -21.6034 
66.95 -21.5379 
67 -21.4728 
67.05 -21.4079 
67.1 -21.3432 
67.15 -21.2788 
67.2 -21.2145 
67.25 -21.1505 
67.3 -21.0867 
67.35 -21.0232 
67.4 -20.9598 
67.45 -20.8967 
67.5 -20.8339 
67.55 -20.7712 
67.6 -20.7088 
67.65 -20.6466 
67.7 -20.5847 
67.75 -20.5229 
67.8 -20.4614 
67.85 -20.4002 
67.9 -20.339 
67.95 -20.2782 
68 -20.2176 
68.05 -20.1572 
68.1 -20.097 
68.15 -20.0371 
68.2 -19.9774 
68.25 -19.9179 
68.3 -19.8586 
68.35 -19.7996 
68.4 -19.7407 
68.45 -19.6821 
68.5 -19.6237 
68.55 -19.5655 
68.6 -19.5076 
68.65 -19.4498 
68.7 -19.3924 
68.75 -19.3351 
68.8 -19.278 
68.85 -19.2211 
68.9 -19.1645 
68.95 -19.108 
69 -19.0518 
69.05 -18.9958 
69.1 -18.9401 
69.15 -18.8845 
69.2 -18.8292 
69.25 -18.7741 
69.3 -18.7191 
69.35 -18.6644 
69.4 -18.6099 
69.45 -18.5556 
69.5 -18.5015 
69.55 -18.4477 
69.6 -18.3941 
69.65 -18.3406 
69.7 -18.2874 
69.75 -18.2344 
69.8 -18.1816 
69.85 -18.129 
69.9 -18.0766 
69.95 -18.0244 
70 -17.9724 
70.05 -17.9206 
70.1 -17.8691 
70.15 -17.8178 
70.2 -17.7666 
70.25 -17.7156 
70.3 -17.6649 
70.35 -17.6144 
70.4 -17.5641 
70.45 -17.5139 
70.5 -17.464 
70.55 -17.4142 
70.6 -17.3647 
70.65 -17.3154 
70.7 -17.2662 
70.75 -17.2173 
70.8 -17.1686 
70.85 -17.12 
70.9 -17.0717 
70.95 -17.0235 
71 -16.9756 
71.05 -16.9278 
71.1 -16.8802 
71.15 -16.8329 
71.2 -16.7857 
71.25 -16.7387 
71.3 -16.692 
71.35 -16.6454 
71.4 -16.599 
71.45 -16.5527 
71.5 -16.5067 
71.55 -16.4609 
71.6 -16.4152 
71.65 -16.3697 
71.7 -16.3245 
71.75 -16.2794 
71.8 -16.2345 
71.85 -16.1898 
71.9 -16.1453 
71.95 -16.1009 
72 -16.0568 
72.05 -16.0128 
72.1 -15.969 
72.15 -15.9254 
72.2 -15.8819 
72.25 -15.8387 
72.3 -15.7956 
72.35 -15.7527 
72.4 -15.71 
72.45 -15.6675 
72.5 -15.6251 
72.55 -15.5829 
72.6 -15.5409 
72.65 -15.4991 
72.7 -15.4574 
72.75 -15.416 
72.8 -15.3746 
72.85 -15.3335 
72.9 -15.2925 
72.95 -15.2518 
73 -15.2111 
73.05 -15.1707 
73.1 -15.1304 
73.15 -15.0903 
73.2 -15.0504 
73.25 -15.0106 
73.3 -14.971 
73.35 -14.9315 
73.4 -14.8922 
73.45 -14.8531 
73.5 -14.8142 
73.55 -14.7754 
73.6 -14.7368 
73.65 -14.6983 
73.7 -14.66 
73.75 -14.6219 
73.8 -14.5839 
73.85 -14.5461 
73.9 -14.5084 
73.95 -14.4709 
74 -14.4336 
74.05 -14.3964 
74.1 -14.3594 
74.15 -14.3225 
74.2 -14.2858 
74.25 -14.2492 
74.3 -14.2128 
74.35 -14.1765 
74.4 -14.1405 
74.45 -14.1045 
74.5 -14.0687 
74.55 -14.033 
74.6 -13.9976 
74.65 -13.9622 
74.7 -13.927 
74.75 -13.8919 
74.8 -13.857 
74.85 -13.8223 
74.9 -13.7877 
74.95 -13.7532 
75 -13.7189 
75.05 -13.6847 
75.1 -13.6507 
75.15 -13.6168 
75.2 -13.583 
75.25 -13.5494 
75.3 -13.5159 
75.35 -13.4826 
75.4 -13.4494 
75.45 -13.4164 
75.5 -13.3835 
75.55 -13.3507 
75.6 -13.318 
75.65 -13.2855 
75.7 -13.2532 
75.75 -13.221 
75.8 -13.1889 
75.85 -13.1569 
75.9 -13.1251 
75.95 -13.0934 
76 -13.0618 
76.05 -13.0304 
76.1 -12.9991 
76.15 -12.9679 
76.2 -12.9369 
76.25 -12.9059 
76.3 -12.8752 
76.35 -12.8445 
76.4 -12.814 
76.45 -12.7836 
76.5 -12.7533 
76.55 -12.7231 
76.6 -12.6931 
76.65 -12.6632 
76.7 -12.6334 
76.75 -12.6038 
76.8 -12.5742 
76.85 -12.5448 
76.9 -12.5155 
76.95 -12.4864 
77 -12.4573 
77.05 -12.4284 
77.1 -12.3996 
77.15 -12.3709 
77.2 -12.3423 
77.25 -12.3138 
77.3 -12.2855 
77.35 -12.2573 
77.4 -12.2291 
77.45 -12.2011 
77.5 -12.1732 
77.55 -12.1455 
77.6 -12.1178 
77.65 -12.0903 
77.7 -12.0628 
77.75 -12.0355 
77.8 -12.0083 
77.85 -11.9812 
77.9 -11.9542 
77.95 -11.9273 
78 -11.9005 
78.05 -11.8738 
78.1 -11.8473 
78.15 -11.8208 
78.2 -11.7944 
78.25 -11.7682 
78.3 -11.7421 
78.35 -11.716 
78.4 -11.6901 
78.45 -11.6643 
78.5 -11.6385 
78.55 -11.6129 
78.6 -11.5874 
78.65 -11.5619 
78.7 -11.5366 
78.75 -11.5114 
78.8 -11.4862 
78.85 -11.4612 
78.9 -11.4363 
78.95 -11.4114 
79 -11.3867 
79.05 -11.3621 
79.1 -11.3375 
79.15 -11.3131 
79.2 -11.2887 
79.25 -11.2645 
79.3 -11.2403 
79.35 -11.2162 
79.4 -11.1923 
79.45 -11.1684 
79.5 -11.1446 
79.55 -11.1209 
79.6 -11.0973 
79.65 -11.0738 
79.7 -11.0503 
79.75 -11.027 
79.8 -11.0038 
79.85 -10.9806 
79.9 -10.9575 
79.95 -10.9345 
80 -10.9116 
80.05 -10.8888 
80.1 -10.8661 
80.15 -10.8434 
80.2 -10.8209 
80.25 -10.7984 
80.3 -10.776 
80.35 -10.7537 
80.4 -10.7315 
80.45 -10.7094 
80.5 -10.6873 
80.55 -10.6653 
80.6 -10.6435 
80.65 -10.6216 
80.7 -10.5999 
80.75 -10.5782 
80.8 -10.5567 
80.85 -10.5352 
80.9 -10.5138 
80.95 -10.4924 
81 -10.4712 
81.05 -10.45 
81.1 -10.4289 
81.15 -10.4079 
81.2 -10.3869 
81.25 -10.366 
81.3 -10.3452 
81.35 -10.3245 
81.4 -10.3039 
81.45 -10.2833 
81.5 -10.2628 
81.55 -10.2423 
81.6 -10.222 
81.65 -10.2017 
81.7 -10.1815 
81.75 -10.1614 
81.8 -10.1413 
81.85 -10.1213 
81.9 -10.1013 
81.95 -10.0815 
82 -10.0617 
82.05 -10.042 
82.1 -10.0223 
82.15 -10.0027 
82.2 -9.9832 
82.25 -9.96374 
82.3 -9.94435 
82.35 -9.92502 
82.4 -9.9058 
82.45 -9.88658 
82.5 -9.86748 
82.55 -9.84841 
82.6 -9.82942 
82.65 -9.8105 
82.7 -9.79163 
82.75 -9.77281 
82.8 -9.75411 
82.85 -9.73543 
82.9 -9.71681 
82.95 -9.69826 
83 -9.67977 
83.05 -9.66134 
83.1 -9.64296 
83.15 -9.62466 
83.2 -9.60642 
83.25 -9.58823 
83.3 -9.5701 
83.35 -9.55204 
83.4 -9.53403 
83.45 -9.51607 
83.5 -9.49818 
83.55 -9.48034 
83.6 -9.46257 
83.65 -9.44486 
83.7 -9.42718 
83.75 -9.40958 
83.8 -9.39203 
83.85 -9.37453 
83.9 -9.35708 
83.95 -9.3397 
84 -9.32239 
84.05 -9.30512 
84.1 -9.28787 
84.15 -9.27072 
84.2 -9.25361 
84.25 -9.23653 
84.3 -9.21953 
84.35 -9.20257 
84.4 -9.18569 
84.45 -9.16884 
84.5 -9.15204 
84.55 -9.1353 
84.6 -9.1186 
84.65 -9.10193 
84.7 -9.08535 
84.75 -9.0688 
84.8 -9.05231 
84.85 -9.03587 
84.9 -9.01948 
84.95 -9.00312 
85 -8.98682 
85.05 -8.97057 
85.1 -8.95436 
85.15 -8.93822 
85.2 -8.9221 
85.25 -8.90605 
85.3 -8.89004 
85.35 -8.87406 
85.4 -8.85815 
85.45 -8.84227 
85.5 -8.82644 
85.55 -8.81066 
85.6 -8.79493 
85.65 -8.77924 
85.7 -8.76361 
85.75 -8.74799 
85.8 -8.73244 
85.85 -8.71693 
85.9 -8.70146 
85.95 -8.68602 
86 -8.67066 
86.05 -8.65533 
86.1 -8.64002 
86.15 -8.62478 
86.2 -8.60956 
86.25 -8.59438 
86.3 -8.57927 
86.35 -8.56416 
86.4 -8.54912 
86.45 -8.53413 
86.5 -8.51917 
86.55 -8.50425 
86.6 -8.48937 
86.65 -8.47453 
86.7 -8.45973 
86.75 -8.44495 
86.8 -8.43023 
86.85 -8.41554 
86.9 -8.40091 
86.95 -8.38631 
87 -8.37175 
87.05 -8.35722 
87.1 -8.34275 
87.15 -8.32827 
87.2 -8.31386 
87.25 -8.29948 
87.3 -8.28514 
87.35 -8.27085 
87.4 -8.25659 
87.45 -8.24235 
87.5 -8.22817 
87.55 -8.21403 
87.6 -8.1999 
87.65 -8.18581 
87.7 -8.17176 
87.75 -8.15774 
87.8 -8.14378 
87.85 -8.12984 
87.9 -8.11593 
87.95 -8.10206 
88 -8.08823 
88.05 -8.07442 
88.1 -8.06067 
88.15 -8.04691 
88.2 -8.03321 
88.25 -8.01954 
88.3 -8.0059 
88.35 -7.9923 
88.4 -7.97875 
88.45 -7.9652 
88.5 -7.95172 
88.55 -7.93822 
88.6 -7.92479 
88.65 -7.91138 
88.7 -7.89801 
88.75 -7.88466 
88.8 -7.87136 
88.85 -7.85809 
88.9 -7.84485 
88.95 -7.83162 
89 -7.81843 
89.05 -7.80528 
89.1 -7.79214 
89.15 -7.77905 
89.2 -7.76599 
89.25 -7.75296 
89.3 -7.73996 
89.35 -7.72699 
89.4 -7.71405 
89.45 -7.70113 
89.5 -7.68822 
89.55 -7.67537 
89.6 -7.66253 
89.65 -7.64975 
89.7 -7.63697 
89.75 -7.62422 
89.8 -7.61152 
89.85 -7.59884 
89.9 -7.58618 
89.95 -7.57355 
90 -7.56094 
90.05 -7.54836 
90.1 -7.53581 
90.15 -7.5233 
90.2 -7.5108 
90.25 -7.49833 
90.3 -7.4859 
90.35 -7.47349 
90.4 -7.46111 
90.45 -7.44875 
90.5 -7.43641 
90.55 -7.42408 
90.6 -7.41182 
90.65 -7.39957 
90.7 -7.38732 
90.75 -7.37513 
90.8 -7.36296 
90.85 -7.3508 
90.9 -7.33868 
90.95 -7.32659 
91 -7.31449 
91.05 -7.30242 
91.1 -7.29039 
91.15 -7.27838 
91.2 -7.26641 
91.25 -7.25446 
91.3 -7.24253 
91.35 -7.23062 
91.4 -7.21875 
91.45 -7.20688 
91.5 -7.19503 
91.55 -7.18321 
91.6 -7.17142 
91.65 -7.15966 
91.7 -7.14792 
91.75 -7.13619 
91.8 -7.1245 
91.85 -7.11282 
91.9 -7.10117 
91.95 -7.08953 
92 -7.07793 
92.05 -7.06633 
92.1 -7.05478 
92.15 -7.04324 
92.2 -7.0317 
92.25 -7.02021 
92.3 -7.00872 
92.35 -6.99727 
92.4 -6.98584 
92.45 -6.97441 
92.5 -6.96302 
92.55 -6.95164 
92.6 -6.9403 
92.65 -6.92896 
92.7 -6.91764 
92.75 -6.90634 
92.8 -6.89506 
92.85 -6.88382 
92.9 -6.87258 
92.95 -6.86135 
93 -6.85016 
93.05 -6.83899 
93.1 -6.82782 
93.15 -6.81669 
93.2 -6.80557 
93.25 -6.79445 
93.3 -6.78337 
93.35 -6.7723 
93.4 -6.76124 
93.45 -6.75022 
93.5 -6.7392 
93.55 -6.7282 
93.6 -6.71722 
93.65 -6.70625 
93.7 -6.6953 
93.75 -6.68436 
93.8 -6.67345 
93.85 -6.66255 
93.9 -6.65166 
93.95 -6.64079 
94 -6.62993 
94.05 -6.61908 
94.1 -6.60825 
94.15 -6.59744 
94.2 -6.58664 
94.25 -6.57584 
94.3 -6.56507 
94.35 -6.5543 
94.4 -6.54356 
94.45 -6.53282 
94.5 -6.52209 
94.55 -6.51138 
94.6 -6.50066 
94.65 -6.48996 
94.7 -6.47928 
94.75 -6.46862 
94.8 -6.45795 
94.85 -6.44729 
94.9 -6.43663 
94.95 -6.42599 
95 -6.41537 
95.05 -6.40474 
95.1 -6.39412 
95.15 -6.3835 
95.2 -6.3729 
95.25 -6.3623 
95.3 -6.3517 
95.35 -6.34111 
95.4 -6.33052 
95.45 -6.31994 
95.5 -6.30935 
95.55 -6.29878 
95.6 -6.2882 
95.65 -6.27763 
95.7 -6.26705 
95.75 -6.25647 
95.8 -6.2459 
95.85 -6.23533 
95.9 -6.22476 
95.95 -6.21419 
96 -6.20361 
96.05 -6.19302 
96.1 -6.18244 
96.15 -6.17186 
96.2 -6.16126 
96.25 -6.15069 
96.3 -6.14009 
96.35 -6.12948 
96.4 -6.11888 
96.45 -6.10827 
96.5 -6.09766 
96.55 -6.08703 
96.6 -6.0764 
96.65 -6.06576 
96.7 -6.05512 
96.75 -6.04447 
96.8 -6.03381 
96.85 -6.02314 
96.9 -6.01246 
96.95 -6.00177 
97 -5.99108 
97.05 -5.98037 
97.1 -5.96966 
97.15 -5.95895 
97.2 -5.94821 
97.25 -5.93746 
97.3 -5.9267 
97.35 -5.91594 
97.4 -5.90517 
97.45 -5.89439 
97.5 -5.88359 
97.55 -5.87278 
97.6 -5.86196 
97.65 -5.85113 
97.7 -5.84029 
97.75 -5.82944 
97.8 -5.81858 
97.85 -5.8077 
97.9 -5.79682 
97.95 -5.78593 
98 -5.77503 
98.05 -5.76411 
98.1 -5.75318 
98.15 -5.74224 
98.2 -5.73129 
98.25 -5.72034 
98.3 -5.70938 
98.35 -5.6984 
98.4 -5.68742 
98.45 -5.67642 
98.5 -5.66542 
98.55 -5.65442 
98.6 -5.64339 
98.65 -5.63236 
98.7 -5.62134 
98.75 -5.61029 
98.8 -5.59925 
98.85 -5.5882 
98.9 -5.57714 
98.95 -5.56608 
99 -5.55502 
99.05 -5.54395 
99.1 -5.53288 
99.15 -5.52179 
99.2 -5.51071 
99.25 -5.49963 
99.3 -5.48855 
99.35 -5.47746 
99.4 -5.46637 
99.45 -5.45529 
99.5 -5.44419 
99.55 -5.43313 
99.6 -5.42205 
99.65 -5.41095 
99.7 -5.39988 
99.75 -5.3888 
99.8 -5.37773 
99.85 -5.36667 
99.9 -5.35562 
99.95 -5.34456 
100 -5.33351 
100.05 -5.32247 
100.1 -5.31145 
100.15 -5.30042 
100.2 -5.2894 
100.25 -5.27841 
100.3 -5.26741 
100.35 -5.25642 
100.4 -5.24546 
100.45 -5.2345 
100.5 -5.22356 
100.55 -5.21263 
100.6 -5.20172 
100.65 -5.19082 
100.7 -5.17993 
100.75 -5.16906 
100.8 -5.15822 
100.85 -5.14739 
100.9 -5.13657 
100.95 -5.12577 
101 -5.11501 
101.05 -5.10424 
101.1 -5.09352 
101.15 -5.0828 
101.2 -5.07211 
101.25 -5.06145 
101.3 -5.05079 
101.35 -5.04018 
101.4 -5.0296 
101.45 -5.01901 
101.5 -5.00847 
101.55 -4.99795 
101.6 -4.98747 
101.65 -4.977 
101.7 -4.96657 
101.75 -4.95616 
101.8 -4.94577 
101.85 -4.93542 
101.9 -4.92511 
101.95 -4.91482 
102 -4.90456 
102.05 -4.89433 
102.1 -4.88414 
102.15 -4.87398 
102.2 -4.86385 
102.25 -4.85375 
102.3 -4.84369 
102.35 -4.83365 
102.4 -4.82366 
102.45 -4.81369 
102.5 -4.80377 
102.55 -4.79387 
102.6 -4.78402 
102.65 -4.7742 
102.7 -4.76441 
102.75 -4.75467 
102.8 -4.74495 
102.85 -4.73528 
102.9 -4.72564 
102.95 -4.71603 
103 -4.70648 
103.05 -4.69696 
103.1 -4.68748 
103.15 -4.67802 
103.2 -4.66862 
103.25 -4.65924 
103.3 -4.64991 
103.35 -4.64062 
103.4 -4.63136 
103.45 -4.62215 
103.5 -4.61297 
103.55 -4.60384 
103.6 -4.59473 
103.65 -4.58569 
103.7 -4.57667 
103.75 -4.56769 
103.8 -4.55876 
103.85 -4.54985 
103.9 -4.54099 
103.95 -4.53218 
104 -4.5234 
104.05 -4.51467 
104.1 -4.50597 
104.15 -4.49731 
104.2 -4.4887 
104.25 -4.48011 
104.3 -4.47157 
104.35 -4.46308 
104.4 -4.45463 
104.45 -4.4462 
104.5 -4.43782 
104.55 -4.42948 
104.6 -4.42117 
104.65 -4.41292 
104.7 -4.4047 
104.75 -4.39652 
104.8 -4.38837 
104.85 -4.38026 
104.9 -4.37218 
104.95 -4.36416 
105 -4.35617 
105.05 -4.34822 
105.1 -4.34031 
105.15 -4.33243 
105.2 -4.3246 
105.25 -4.31679 
105.3 -4.30903 
105.35 -4.3013 
105.4 -4.29361 
105.45 -4.28596 
105.5 -4.27834 
105.55 -4.27076 
105.6 -4.26321 
105.65 -4.25571 
105.7 -4.24824 
105.75 -4.2408 
105.8 -4.23339 
105.85 -4.22603 
105.9 -4.2187 
105.95 -4.21141 
106 -4.20414 
106.05 -4.19691 
106.1 -4.18972 
106.15 -4.18255 
106.2 -4.17544 
106.25 -4.16834 
106.3 -4.16128 
106.35 -4.15425 
106.4 -4.14725 
106.45 -4.1403 
106.5 -4.13336 
106.55 -4.12646 
106.6 -4.11959 
106.65 -4.11276 
106.7 -4.10595 
106.75 -4.09918 
106.8 -4.09243 
106.85 -4.08572 
106.9 -4.07904 
106.95 -4.07237 
107 -4.06575 
107.05 -4.05915 
107.1 -4.05259 
107.15 -4.04605 
107.2 -4.03954 
107.25 -4.03306 
107.3 -4.02661 
107.35 -4.02017 
107.4 -4.01377 
107.45 -4.00742 
107.5 -4.00107 
107.55 -3.99476 
107.6 -3.98846 
107.65 -3.9822 
107.7 -3.97596 
107.75 -3.96973 
107.8 -3.96355 
107.85 -3.95739 
107.9 -3.95125 
107.95 -3.94514 
108 -3.93906 
108.05 -3.93299 
108.1 -3.92695 
108.15 -3.92093 
108.2 -3.91494 
108.25 -3.90898 
108.3 -3.90303 
108.35 -3.89711 
108.4 -3.89121 
108.45 -3.88534 
108.5 -3.87948 
108.55 -3.87364 
108.6 -3.86783 
108.65 -3.86205 
108.7 -3.85627 
108.75 -3.85054 
108.8 -3.84481 
108.85 -3.8391 
108.9 -3.83342 
108.95 -3.82776 
109 -3.82212 
109.05 -3.8165 
109.1 -3.81089 
109.15 -3.80531 
109.2 -3.79975 
109.25 -3.79421 
109.3 -3.78869 
109.35 -3.78318 
109.4 -3.77769 
109.45 -3.77222 
109.5 -3.76677 
109.55 -3.76134 
109.6 -3.75592 
109.65 -3.75053 
109.7 -3.74515 
109.75 -3.7398 
109.8 -3.73444 
109.85 -3.72912 
109.9 -3.72382 
109.95 -3.71852 
110 -3.71325 
110.05 -3.70799 
110.1 -3.70275 
110.15 -3.69753 
110.2 -3.69232 
110.25 -3.68712 
110.3 -3.68194 
110.35 -3.67677 
110.4 -3.67164 
110.45 -3.66651 
110.5 -3.66139 
110.55 -3.65629 
110.6 -3.65121 
110.65 -3.64614 
110.7 -3.6411 
110.75 -3.63606 
110.8 -3.63103 
110.85 -3.62603 
110.9 -3.62104 
110.95 -3.61606 
111 -3.61109 
111.05 -3.60615 
111.1 -3.60121 
111.15 -3.59629 
111.2 -3.59139 
111.25 -3.5865 
111.3 -3.58161 
111.35 -3.57676 
111.4 -3.57191 
111.45 -3.56706 
111.5 -3.56224 
111.55 -3.55742 
111.6 -3.55263 
111.65 -3.54784 
111.7 -3.54306 
111.75 -3.5383 
111.8 -3.53355 
111.85 -3.52881 
111.9 -3.52407 
111.95 -3.51936 
112 -3.51465 
112.05 -3.50996 
112.1 -3.50526 
112.15 -3.5006 
112.2 -3.49592 
112.25 -3.49128 
112.3 -3.48663 
112.35 -3.482 
112.4 -3.47738 
112.45 -3.47277 
112.5 -3.46816 
112.55 -3.46358 
112.6 -3.45899 
112.65 -3.45441 
112.7 -3.44985 
112.75 -3.4453 
112.8 -3.44076 
112.85 -3.43622 
112.9 -3.4317 
112.95 -3.42718 
113 -3.42268 
113.05 -3.41818 
113.1 -3.4137 
113.15 -3.40922 
113.2 -3.40475 
113.25 -3.40029 
113.3 -3.39585 
113.35 -3.3914 
113.4 -3.38697 
113.45 -3.38255 
113.5 -3.37813 
113.55 -3.37373 
113.6 -3.36934 
113.65 -3.36495 
113.7 -3.36056 
113.75 -3.35619 
113.8 -3.35183 
113.85 -3.34748 
113.9 -3.34313 
113.95 -3.33879 
114 -3.33446 
114.05 -3.33014 
114.1 -3.32584 
114.15 -3.32153 
114.2 -3.31724 
114.25 -3.31295 
114.3 -3.30867 
114.35 -3.3044 
114.4 -3.30014 
114.45 -3.29588 
114.5 -3.29165 
114.55 -3.28741 
