2292
0
114.55
-3.287396669
-3.283171415
-3.278950691
-3.274736166
-3.270529985
-3.266345739
-3.262156963
-3.257979631
-3.253818274
-3.249653578
-3.245500326
-3.241362095
-3.237221718
-3.233099461
-3.228983164
-3.224881172
-3.220783234
-3.216697454
-3.212621927
-3.208543062
-3.204483032
-3.20043993
-3.196395636
-3.19236517
-3.188346148
-3.184344053
-3.180339813
-3.176351309
-3.17237711
-3.168412209
-3.164457798
-3.160517454
-3.156585693
-3.152665377
-3.14876318
-3.144867182
-3.140988111
-3.137130022
-3.133274794
-3.129431248
-3.125601292
-3.1217978
-3.118005276
-3.114220858
-3.110457659
-3.106705189
-3.102975845
-3.099261522
-3.09555912
-3.091886044
-3.088223934
-3.084582329
-3.08095932
-3.077346325
-3.073767424
-3.07019949
-3.066651821
-3.06313467
-3.059636354
-3.05615449
-3.052699804
-3.049266577
-3.04585743
-3.042472839
-3.039113522
-3.035773993
-3.032472372
-3.02918911
-3.02594018
-3.022712231
-3.019518375
-3.016346216
-3.013205767
-3.010097742
-3.007019043
-3.003976583
-3.000963926
-2.997978926
-2.99502635
-2.992112398
-2.989225149
-2.9863832
-2.983576536
-2.980801582
 -2.978055
-2.975364685
-2.972699165
-2.970081568
-2.96750021
-2.964954615
-2.962458134
-2.959993839
-2.957578897
-2.955205202
-2.95287466
-2.950588465
-2.948348522
-2.946151972
-2.944007158
-2.941901445
-2.939853191
-2.937841415
-2.935890198
-2.933986902
-2.932127953
-2.930329084
-2.928582191
-2.926878929
-2.925236225
-2.923642874
-2.922112226
-2.920635939
-2.91921711
-2.917853117
-2.916545153
-2.915302038
-2.91410923
-2.912986994
-2.911921501
-2.910917044
-2.909985065
-2.909106255
-2.908293962
-2.907546997
-2.906867266
-2.906256437
-2.905714035
-2.90523839
-2.904831171
-2.904494762
-2.904230595
-2.904037476
-2.903919697
-2.903876066
-2.90389967
-2.904004574
-2.904183865
-2.904445171
-2.904774427
-2.905187607
-2.90568614
-2.906260729
-2.906915426
-2.907660007
-2.908478737
-2.90939045
-2.910377026
-2.911456585
-2.91262269
-2.913877726
-2.915212154
-2.916647673
-2.918171167
-2.919788122
-2.921499252
-2.923295975
-2.925191879
-2.92718482
-2.92927289
-2.931461811
-2.933744431
-2.936131716
-2.938614607
-2.941201448
-2.943893433
-2.946690083
-2.949583769
-2.952584982
-2.955693722
-2.958917856
-2.962242126
-2.96568203
-2.969226837
-2.972890139
-2.976662636
-2.980551004
-2.984549999
-2.988672495
-2.992907286
-2.997262478
-3.001739025
-3.006334543
-3.011046886
-3.015892982
-3.020856142
-3.025945187
-3.031160831
-3.036507845
-3.041978121
-3.047580481
-3.05331111
-3.059180737
-3.065178394
-3.071311235
-3.077579737
-3.083989859
-3.090532064
-3.097213268
-3.104036808
-3.111002207
-3.118109703
-3.125363111
-3.132763863
-3.140303135
-3.147992611
-3.155837297
-3.163825989
-3.171967745
-3.180267096
-3.188715219
-3.197317123
-3.20607996
-3.214999676
-3.224073887
-3.233314514
-3.242716551
-3.252275467
-3.262006044
-3.271903515
-3.281959295
-3.292186975
-3.30258131
-3.313154221
-3.323887587
-3.334803581
-3.345893383
-3.357158661
-3.368601084
-3.380223751
-3.392028332
-3.404011011
-3.416175127
-3.42852354
-3.441063643
-3.45378232
-3.466697454
-3.479800701
-3.493092299
-3.506577015
-3.520257473
-3.534134626
-3.548206329
-3.562476635
-3.576947689
-3.591620922
-3.606491804
-3.621573448
-3.636852026
-3.652344227
-3.668042898
-3.683946133
-3.700066328
-3.71639967
-3.732942104
-3.749705553
-3.766683817
-3.783876419
-3.801298141
-3.818937063
-3.836793423
-3.854877472
-3.873187065
-3.891727686
-3.910486937
-3.929486036
-3.948714256
-3.968181133
-3.987871885
-4.007806301
-4.027973652
-4.048381805
-4.069029808
-4.089920998
-4.111053944
-4.132432461
-4.154062748
-4.175932407
-4.198058605
-4.220433712
-4.243062496
-4.265940666
-4.289077282
-4.312466621
-4.33612442
-4.360036373
-4.384209633
-4.408648491
-4.433347702
-4.45831728
-4.483559132
-4.509062767
-4.534840107
-4.56088829
-4.587206841
-4.613800526
-4.640671253
-4.667824268
-4.695258141
-4.722970486
-4.750968933
-4.779245377
-4.807810307
-4.83666563
-4.865808487
-4.895241261
-4.924959183
-4.954975605
-4.985287666
-5.015899658
-5.046803474
-5.078011513
-5.109514236
-5.141326427
-5.173436642
-5.20585537
-5.238573074
-5.27161026
-5.304948807
-5.338602066
-5.372564793
-5.406847954
-5.441440105
-5.476353168
-5.511584759
-5.547132969
-5.583004475
-5.619202137
-5.655719757
-5.69256258
-5.729733944
-5.767235756
-5.805058956
-5.843217373
-5.881719112
-5.920547962
-5.959708214
-5.999212265
-6.039050102
-6.079226494
-6.119745255
-6.160609245
-6.201818943
-6.243368626
-6.285262108
-6.327513695
-6.370109558
-6.413054466
-6.456348896
-6.500003815
-6.544009209
-6.588366985
-6.633088589
-6.678167343
-6.723599434
-6.769399166
-6.815559864
-6.862081051
-6.908976555
-6.95623064
-7.003854752
-7.051839352
-7.100195885
-7.148938656
-7.198036671
-7.247509956
-7.297366619
-7.347587109
-7.39819479
-7.449177742
-7.500542164
-7.552283764
-7.604414463
-7.656919003
-7.709798813
-7.763066769
-7.816729069
-7.870781898
-7.925215244
-7.980045319
-8.035245895
-8.090857506
-8.146847725
-8.203235626
-8.260023117
-8.317201614
-8.374763489
-8.432741165
-8.491116524
-8.549880981
-8.60904026
-8.668614388
-8.728593826
-8.788959503
-8.849733353
-8.910907745
-8.972484589
-9.034477234
-9.096875191
-9.159676552
-9.222884178
-9.286494255
-9.350520134
-9.414968491
-9.479812622
-9.54506588
-9.610733032
-9.676817894
-9.743322372
-9.810227394
-9.877558708
-9.945301056
-10.01345825
-10.08203602
-10.15102196
-10.22042942
-10.2902565
-10.36050415
-10.4311533
-10.50224113
-10.57374096
-10.64565849
-10.71800804
-10.79076385
-10.86395454
-10.93756008
-11.01158142
-11.08603477
-11.16091442
-11.23619843
-11.31191826
-11.38806343
-11.46463203
-11.54162025
 -11.61903
-11.69685459
-11.77511406
-11.85378933
-11.93291855
-12.01243973
-12.09239864
-12.17277622
-12.25358772
-12.33481216
-12.41645813
-12.49854183
-12.58103275
-12.66396999
-12.74732304
-12.83108902
-12.91527081
-12.99989796
-13.08493519
-13.1704073
-13.25628757
-13.34259701
-13.4293232
-13.51647186
-13.60404778
-13.69204235
-13.7804594
-13.86929226
-13.95854568
-14.04822445
-14.13831711
-14.22881508
-14.31974792
-14.4110899
-14.5028429
-14.59502792
-14.68759918
-14.7806139
-14.87405109
-14.96785545
-15.06212521
-15.15674973
-15.25181675
-15.34731197
-15.44316864
-15.53947449
-15.63617516
-15.73326015
-15.83077526
-15.92868519
-16.02699661
-16.12571716
-16.22482109
-16.3243618
-16.42429924
-16.52458191
-16.62530708
-16.72642136
-16.8279171
-16.92981529
-17.03208542
-17.134758
-17.23782539
-17.34126854
-17.44512367
-17.5493412
-17.65393639
-17.75893402
-17.86431313
-17.97003746
-18.07616997
-18.1826973
-18.28955841
-18.39682007
-18.5044136
-18.61241913
-18.72077942
-18.82948303
-18.93857765
-19.04803276
-19.15783882
-19.26801682
-19.37853241
-19.48940468
-19.60065842
-19.71224022
-19.82415009
-19.93644333
-20.04906273
-20.16203499
-20.27534103
-20.38899803
-20.50298882
-20.61729813
-20.73192596
-20.84693527
-20.96224213
-21.07787704
-21.1938343
-21.31014633
-21.42671394
-21.54362679
-21.6608696
-21.77840805
-21.89625931
-22.01442909
-22.13288498
-22.2516346
-22.37070084
-22.49006271
-22.60971642
-22.72966003
-22.84988785
-22.97040367
-23.09121323
-23.21227455
-23.33365631
-23.45527267
-23.57717896
-23.69937134
-23.82179832
-23.94449615
-24.06744766
-24.19068718
-24.31415749
-24.43788147
-24.5618515
-24.6860733
-24.81051445
-24.93523788
-25.06015778
-25.18533134
-25.3107357
-25.43638229
-25.56220818
-25.68830872
-25.81457901
-25.94105721
-26.0677681
-26.19466972
-26.32181358
-26.44914818
-26.57663727
-26.70433998
-26.83224678
-26.9603138
-27.08861542
-27.21704865
-27.34565353
-27.47444153
-27.60341072
-27.73251152
-27.86185074
-27.99127388
-28.1208744
-28.25061417
-28.38052177
-28.51056099
-28.64072418
-28.77102852
-28.90149879
-29.03205872
-29.16273308
-29.29358292
-29.42446136
-29.5555439
-29.68666077
-29.81795692
-29.94927025
-30.08071899
-30.21225357
-30.343853
-30.47560883
-30.60742569
-30.73925972
-30.87119865
-31.0032177
-31.13528633
-31.26737976
-31.39958191
-31.53186035
-31.66413116
-31.79646683
-31.92882919
-32.061203
-32.19364929
-32.32614136
-32.45861053
-32.59108353
-32.72360992
-32.85610199
-32.98864365
-33.12117004
-33.25366592
-33.38617706
-33.51862335
-33.65115356
-33.78362274
-33.91603088
-34.04848099
-34.18080902
-34.31313705
-34.44538879
-34.57764053
-34.70980453
-34.84195709
-34.97399139
-35.10601425
-35.23787308
-35.36979675
-35.50157928
-35.63321686
-35.76483536
-35.89632034
-36.02770233
-36.15901947
-36.2902298
-36.42131424
-36.5522728
-36.68312073
-36.81383133
-36.94439697
-37.07483673
-37.20512009
-37.33538055
-37.46538925
-37.59522247
-37.72497559
-37.85450363
-37.98386765
-38.11310196
-38.24215317
-38.37097168
-38.49960327
-38.62811661
-38.75645447
-38.88450241
-39.01230621
-39.14002991
-39.26751709
-39.39476013
-39.52175522
-39.64857483
-39.77508163
-39.90141296
-40.0275116
-40.15338516
-40.27892685
-40.40426636
-40.52932739
-40.65409088
-40.77862549
-40.90290833
-41.02694321
-41.15063858
-41.27409363
-41.39718628
-41.51999664
-41.64247513
-41.76477432
-41.88665009
-42.00828552
-42.12957764
-42.25052643
-42.37115479
-42.49145126
-42.61138916
-42.73104477
-42.85032654
-42.96926117
-43.08782196
-43.20602036
-43.32384872
-43.44131851
-43.55849075
-43.67522049
-43.79157639
-43.90749359
-44.02307892
-44.13827515
-44.25305557
-44.36739349
-44.48143005
-44.59497452
-44.70814514
-44.82094574
-44.93316269
-45.04506302
-45.15646362
-45.26747513
-45.37805939
-45.48823166
-45.59790802
-45.70711136
-45.81585312
-45.92415237
-46.03194427
-46.13936234
-46.24625015
-46.3526268
-46.45861435
-46.56409454
-46.66901016
-46.77343369
-46.87742615
-46.98088455
-47.08385849
-47.18634796
-47.28828049
-47.3897438
-47.4906044
-47.59098053
-47.69079208
-47.79014206
-47.88893127
-47.98722076
-48.08493805
-48.18208313
-48.27868652
-48.37476349
-48.47022247
-48.5651741
-48.65959549
-48.75341797
-48.84664917
-48.93928528
-49.0314064
-49.12290192
-49.21379471
-49.30413818
-49.39390564
-49.48313141
-49.57161713
-49.65967941
-49.74697495
-49.83374405
-49.91979218
-50.00534058
-50.0902977
-50.17459106
-50.258255
-50.341362
-50.42373276
-50.50551224
-50.58662415
-50.66716385
-50.74702072
-50.82629013
-50.90490341
-50.98286819
-51.06017685
-51.13679504
-51.21278763
-51.28808594
-51.3626976
-51.43675232
-51.51013184
-51.58287811
-51.65490341
-51.72612381
-51.79680252
-51.86679077
-51.9360199
-52.00471497
-52.07263565
-52.13991165
-52.2065239
-52.27241516
-52.33750534
-52.40198517
-52.46570587
-52.52883148
-52.59127808
-52.65291977
-52.71396255
-52.77419662
-52.83375168
-52.8925972
-52.950737
-53.00815582
-53.06485748
-53.12086105
-53.17614746
-53.23078156
-53.28458786
-53.33773804
-53.39009857
-53.44174576
-53.49266815
-53.54285812
-53.59239197
-53.64112854
-53.68918991
-53.73644257
-53.78297043
-53.82878876
-53.87387466
-53.91817093
-53.96173096
-54.00463104
-54.04676437
-54.08815002
-54.12880707
-54.16871643
-54.20779037
-54.24619293
-54.28382111
-54.3207283
-54.35689163
-54.39234161
-54.42699814
-54.4609108
-54.49409103
-54.52644348
-54.55811691
-54.58901596
-54.61915588
-54.6485405
-54.67722321
-54.70516205
-54.73233795
-54.75876999
-54.78438568
-54.80924988
-54.83337402
-54.85668182
-54.87933731
-54.90123367
-54.92241287
-54.94273758
-54.96240234
-54.98124695
-54.99934769
-55.01663589
-55.03322983
-55.04911423
-55.06424332
-55.0785675
-55.09220886
-55.10507965
-55.11711502
-55.12851334
-55.13911057
-55.14895248
-55.15800095
-55.16637802
-55.17405319
-55.18085098
-55.18701172
-55.19241333
-55.19705582
-55.20093155
-55.20409393
-55.20644379
-55.20816803
-55.20903397
-55.20928192
-55.20871353
-55.20746231
-55.20544815
-55.20275497
-55.19927979
-55.19510269
-55.19007492
-55.18436432
-55.1780014
-55.17091751
-55.16309357
-55.15457535
-55.14526367
-55.13524628
-55.12462234
-55.11310577
-55.10086823
-55.08800125
-55.07446671
-55.06015778
-55.04515076
-55.02946472
-55.01309967
-54.99596786
-54.97819519
-54.95969391
-54.94038391
-54.9204483
-54.89986038
-54.87857056
-54.85663986
-54.83398056
-54.81056976
-54.78658676
-54.76184845
-54.73643494
-54.71038818
-54.68357468
-54.65616226
-54.62801361
-54.59925079
-54.56984711
-54.53971863
-54.50899887
-54.47756958
-54.44552231
-54.41279984
-54.3793602
-54.34523392
-54.31062317
-54.27523422
-54.23931122
-54.20269012
-54.16546249
-54.12753677
-54.0891037
-54.04988861
-54.01016998
-53.96972656
-53.92864609
-53.8870163
-53.84480667
-53.80189514
-53.75847626
-53.71435165
-53.66965485
-53.62443924
-53.57850647
-53.53202057
-53.48482895
-53.43716431
-53.38891602
-53.34005737
-53.29066086
-53.24065781
-53.19007111
-53.13899612
-53.08723068
-53.03494644
-52.98206711
-52.9286499
-52.87465668
-52.82004929
-52.76501083
-52.70940399
-52.65325165
-52.59653091
-52.53930283
-52.48144913
-52.4231987
-52.36429977
-52.30496597
-52.24498749
-52.18457413
-52.12365723
-52.06223297
-52.0002861
-51.93782806
-51.87485504
-51.81138611
-51.7474823
-51.68304062
-51.61808395
-51.55262756
-51.48667526
-51.42031097
-51.35344315
-51.28612137
-51.21837997
-51.15005112
-51.08134079
-51.01216507
-50.94256592
-50.87248611
-50.80192947
-50.73089218
-50.65943146
-50.58761978
-50.51529694
-50.44258499
-50.36944962
-50.29590607
-50.22192383
-50.14754486
-50.07271957
-49.99751663
-49.92186356
-49.84576797
-49.76931763
-49.69252396
-49.61529541
-49.53770447
-49.45973587
-49.3813324
-49.30260849
-49.22351837
-49.14400864
-49.06414795
-48.98397446
-48.90335083
-48.82245636
-48.74115372
-48.65955353
-48.5775795
-48.49521637
-48.41264343
-48.32965469
-48.24635696
-48.16273499
-48.07878113
-47.99454498
-47.90991974
-47.82500076
-47.73974609
-47.65428543
-47.56845856
-47.48234558
-47.39598846
-47.30929565
-47.22229004
-47.13512421
-47.04751205
-46.95967484
-46.87166214
-46.78325272
-46.69470215
-46.60575104
-46.51660156
-46.42726517
-46.33761597
-46.24777603
-46.15765381
-46.06725311
-45.97664261
-45.88583755
-45.79478073
-45.70346451
-45.61198044
-45.52026749
-45.42830276
-45.33613968
-45.24380493
-45.15120316
-45.05849457
-44.9654541
-44.87238312
-44.77903748
-44.68551254
-44.59181976
-44.4978981
-44.40379333
-44.30953598
-44.21515274
-44.1205368
-44.02581406
-43.93087006
-43.83581543
-43.74064255
-43.64531326
-43.54978561
-43.45419693
-43.35837173
-43.26245499
-43.16638565
-43.07016373
-42.97386932
-42.8774147
-42.78087616
-42.68421555
-42.58742142
-42.49054337
-42.39354324
-42.29644394
-42.19927216
-42.10194778
-42.00455093
-41.90710449
-41.80947876
-41.7117691
-41.61407852
-41.51618195
-41.41830826
-41.32034683
-41.2223587
-41.1242485
-41.02606964
-40.92787552
-40.82958603
-40.73123932
-40.6329155
-40.53446198
-40.43597031
-40.33743286
-40.23891449
-40.14025497
-40.04161835
-39.94295502
-39.84427643
-39.74556351
-39.64684296
-39.54808044
-39.44936371
-39.35054016
-39.25177383
-39.15300751
-39.05412292
-38.95534134
-38.85649872
-38.75769424
-38.65893173
-38.56014633
-38.46136475
-38.36255264
-38.26385498
-38.16512299
-38.06637573
-37.96774292
-37.86906815
-37.77043533
-37.67179108
-37.57323074
-37.47472763
-37.37627411
-37.2777977
-37.17939377
-37.08105087
-36.98267365
-36.88445663
-36.78627014
-36.68815231
-36.5900116
-36.49203873
-36.39402771
-36.29616547
-36.19834137
-36.10055161
-36.00296402
-35.90530396
-35.80774307
-35.71030426
-35.6129303
-35.51561356
-35.41839981
-35.32131577
-35.22430038
-35.12732697
-35.03052902
-34.93378448
-34.8371315
-34.74055862
-34.64410019
-34.54774475
-34.45157242
-34.35540009
-34.25939941
-34.16344452
-34.06766891
-33.97205353
-33.87648773
-33.78110504
-33.68571091
-33.59052277
-33.49543762
-33.40058517
-33.30570602
-33.21098709
-33.116436
-33.02208328
-32.9277916
-32.83369827
-32.73966217
-32.64574432
-32.55204773
-32.45851135
-32.36502457
-32.27173996
-32.17860031
-32.08563995
-31.99283218
-31.90014458
-31.8075943
-31.71520805
-31.62303352
-31.53099442
-31.43909836
-31.34736252
-31.25581169
-31.1643734
-31.07313156
-30.98209763
-30.89121056
-30.80048752
-30.70992851
-30.61959076
-30.52933693
-30.43932343
-30.34945679
-30.259758
-30.17024994
-30.08096123
-29.99184418
-29.90292358
-29.81411934
-29.72551918
-29.63714409
-29.54895401
-29.46090317
-29.37306786
-29.28546333
-29.19796753
-29.11074257
-29.02370644
-28.93682861
-28.85014725
-28.76364136
-28.67737007
-28.59131622
-28.50543976
-28.41974449
-28.33427429
-28.24898148
-28.16392708
-28.0790844
-27.99440765
-27.90996742
-27.8257103
-27.74164391
-27.6578083
-27.57417679
-27.49079132
-27.40756416
-27.32458496
-27.24180984
-27.15921402
-27.07684898
-26.99468422
-26.91277695
-26.83104515
-26.7495594
-26.66827583
-26.58722687
-26.50636292
-26.42571259
-26.34529495
-26.2650528
-26.1851387
-26.10534859
-26.02584839
-25.94653511
-25.86741829
-25.78858566
-25.70990753
-25.63147354
-25.55325317
-25.47528648
-25.39751625
-25.32001114
-25.24270439
-25.16562462
-25.08878899
-25.01213455
-24.93572426
-24.85952759
-24.78360558
-24.707901
-24.63238907
-24.55710983
-24.48208237
-24.40729141
-24.3326931
-24.25833702
-24.1841774
-24.11029625
-24.03662682
-23.96319771
-23.89000893
-23.81703949
-23.74427223
-23.67176056
-23.5994339
-23.5273819
-23.45554924
-23.38396263
-23.31258583
-23.24145126
-23.17057419
-23.09988594
-23.02944183
-22.95922852
-22.88921738
-22.8194561
-22.74994469
-22.68065643
-22.61159897
-22.54277229
-22.47418594
-22.40581894
-22.33767128
-22.26974678
-22.20205307
-22.13460922
-22.06741714
-22.0004406
-21.93366432
-21.86715698
-21.8008728
-21.73477745
-21.66894913
-21.6033535
-21.53794861
-21.47279358
-21.40791702
-21.34319305
-21.27876091
-21.21453094
-21.1505127
-21.08672333
-21.02318764
-20.95983696
-20.89673424
-20.83385849
-20.77122498
-20.70879555
-20.64664459
-20.58467865
-20.52292633
-20.4614315
-20.40015793
-20.33903503
-20.27821159
-20.21757317
-20.15719795
-20.09704018
-20.03709602
-19.9773674
-19.91788673
-19.85863304
-19.79957199
-19.74071121
-19.68208122
-19.62368393
-19.56552315
-19.50757408
-19.44984818
-19.39235878
-19.33508682
-19.27797699
-19.22111511
-19.16445541
-19.10803604
-19.05181885
-18.99583817
-18.94005203
-18.88450623
-18.82918358
-18.77405167
-18.71912003
-18.6644249
-18.60993576
-18.55562401
-18.50152397
-18.44769096
-18.39406967
-18.34062767
-18.28742218
-18.23437881
-18.18158722
-18.12900925
-18.07661629
-18.02443123
-17.97241592
-17.92064667
-17.86908531
-17.81776619
-17.76662636
-17.71563911
-17.66493034
-17.6143856
-17.56406212
-17.51391602
-17.46396828
-17.41419792
-17.36465073
-17.31535721
-17.26622391
-17.21728134
-17.16855812
-17.12002373
-17.07170677
-17.02354431
-16.97558403
-16.9278183
-16.8802433
-16.83288574
-16.78569984
-16.73872375
-16.69196129
-16.64535713
-16.59895897
-16.552742
-16.50671959
-16.46091461
-16.41524315
-16.36974907
-16.32447052
-16.27939987
-16.23451042
-16.18977547
-16.14527893
-16.10093117
-16.05677032
-16.01280022
-15.96899223
-15.92539787
-15.8819313
-15.83868313
-15.79562092
-15.75272369
-15.71000004
-15.66746807
-15.62514019
-15.5829401
-15.5409317
-15.49913597
-15.45744896
-15.41597843
-15.37464333
-15.33348846
-15.29254055
-15.25177097
-15.21114922
-15.17067528
-15.13041592
-15.09029007
-15.05036068
-15.01059914
-14.97097778
-14.93152332
-14.89223003
-14.85312843
-14.81417656
-14.77538204
-14.73676395
-14.69830227
-14.66002369
-14.62189293
-14.58390045
-14.54610634
-14.50844097
-14.47090721
-14.43355656
-14.39638424
-14.35937881
-14.32247734
-14.28578472
-14.24921989
-14.21280766
-14.17654705
-14.14045334
-14.10449028
-14.0687151
-14.03303719
-13.99755383
-13.96219921
-13.92700958
-13.89192677
-13.85703182
-13.82227516
-13.78766537
-13.75319004
-13.71887302
-13.68468761
-13.6506567
-13.61675835
-13.58300972
-13.54940701
-13.51593304
-13.48260212
-13.4494133
-13.41636467
-13.38345051
-13.35068512
-13.31804085
-13.28553295
-13.25317383
-13.22095203
-13.18886948
-13.15689373
-13.12506771
-13.09337234
-13.06181526
-13.0303812
-12.99909306
-12.96788788
-12.93688393
-12.90594482
-12.87518311
-12.84450722
-12.81398869
-12.78358173
-12.75330448
-12.72314262
-12.69312286
-12.66322327
-12.63343716
-12.60379887
-12.57424736
-12.54483414
-12.5155468
-12.48638058
-12.45732307
-12.42838955
-12.39957142
-12.37087345
-12.34230614
-12.31383324
-12.2854805
-12.25725365
-12.22913265
-12.20113373
-12.17324162
-12.14547825
-12.11779976
-12.09026241
-12.06281853
-12.03549957
-12.00827885
-11.98116398
-11.95416832
-11.92727757
-11.90051365
-11.87382126
-11.8472662
-11.8208046
-11.79443741
-11.76819706
-11.74205685
-11.71601105
-11.69007778
-11.66425037
-11.63850212
-11.61286831
-11.58735847
-11.56191921
-11.53660011
-11.51136017
-11.4862442
-11.46122169
-11.43629265
-11.41144276
-11.38671875
-11.36209011
-11.33754158
-11.31309986
-11.28873253
-11.2644825
-11.24032116
-11.21624184
-11.19229507
-11.1683979
-11.14457512
-11.12089157
-11.09728909
-11.07377434
-11.05033493
-11.02698708
-11.00375748
-10.98059273
-10.95752144
-10.93452549
-10.91162491
-10.88880348
-10.86608696
-10.84344864
-10.82088661
-10.79842091
-10.77602959
-10.75372028
-10.73150444
-10.70935822
-10.68732548
-10.66534996
-10.64345264
-10.62162781
-10.59991837
-10.57824802
-10.556674
-10.53518963
-10.51378727
-10.4924469
-10.47117615
-10.45000076
-10.42890263
-10.40785027
-10.38691521
-10.36604881
-10.34524918
-10.32451916
-10.30385876
-10.28328705
-10.26276302
-10.24234486
-10.22199726
-10.20170498
-10.18150043
-10.16135025
-10.14126015
-10.12126446
-10.1013422
-10.08147335
-10.06166649
-10.04196453
-10.02232456
-10.00270939
-9.983198166
-9.963740349
-9.944350243
-9.925024986
-9.905797005
-9.886575699
-9.86747551
-9.848409653
-9.829422951
-9.810499191
-9.791625023
-9.772813797
-9.754113197
-9.735431671
-9.71681118
-9.698259354
-9.67977047
-9.661336899
-9.642962456
-9.624660492
-9.606423378
-9.588232994
-9.570102692
-9.552036285
-9.534026146
-9.516072273
-9.49818325
-9.480342865
-9.462572098
-9.444864273
-9.427182198
-9.409582138
-9.392034531
-9.374527931
-9.357081413
-9.339701653
-9.322390556
-9.305119514
-9.287872314
-9.270720482
-9.253605843
-9.236533165
-9.219527245
-9.202569008
-9.185687065
-9.168838501
-9.152044296
-9.135295868
-9.118596077
-9.101934433
-9.085346222
-9.068802834
-9.052307129
-9.035865784
-9.019477844
-9.003118515
-8.986821175
-8.970570564
-8.954359055
-8.938217163
-8.922096252
-8.906051636
-8.890035629
-8.874061584
-8.858148575
-8.842270851
-8.826440811
-8.810659409
-8.79492569
-8.77923584
-8.763605118
-8.747991562
-8.732437134
-8.71693325
-8.701463699
-8.686019897
-8.670655251
-8.655329704
-8.640016556
-8.62477684
-8.60956192
-8.594376564
-8.579265594
-8.564157486
-8.549118996
-8.534126282
-8.519166946
-8.50425148
-8.4893713
-8.47453022
-8.459730148
-8.44494915
-8.430230141
-8.415540695
-8.400906563
-8.386306763
-8.371747971
-8.357217789
-8.34275341
-8.32827282
-8.313856125
-8.299480438
-8.285143852
-8.270846367
-8.256585121
-8.242351532
-8.228172302
-8.214027405
-8.199900627
-8.185811043
-8.171761513
-8.157736778
-8.143776894
-8.129836082
-8.115930557
-8.102063179
-8.088233948
-8.074422836
-8.060670853
-8.046908379
-8.033207893
-8.019538879
-8.005900383
-7.99229908
-7.978749275
-7.965201855
-7.951718807
-7.938223362
-7.924788475
-7.911381721
-7.898009777
-7.88465929
-7.871364594
-7.858089924
-7.844848633
-7.831624031
-7.818432808
-7.805276394
-7.792143822
-7.779050827
-7.765992165
-7.752955914
-7.739955902
-7.72699213
-7.714045525
-7.701128483
-7.688224316
-7.675374031
-7.662530422
-7.649753094
-7.63696909
-7.624222755
-7.611517429
-7.598837376
-7.586183548
-7.573548317
-7.560943127
-7.548356056
-7.535810471
-7.523301125
-7.51079607
-7.498334885
-7.485901356
-7.47348547
-7.4611063
-7.448749065
-7.436409473
-7.424077988
-7.411817074
-7.399565697
-7.38732481
-7.375125408
-7.362956524
-7.350801468
-7.338680744
-7.326587677
-7.31448555
-7.302415848
-7.290391922
-7.278382301
-7.266409874
-7.254460812
-7.242527485
-7.230618954
-7.218749046
-7.206877232
-7.195031166
-7.183212757
-7.171421528
-7.159662724
-7.147917747
-7.136189461
-7.124499321
-7.112822056
-7.10117054
-7.089529514
-7.077927113
-7.066333771
-7.054781437
-7.043241501
-7.03169632
-7.020207405
-7.008715153
-6.997270584
-6.985836506
-6.974407673
-6.963018417
-6.951638699
-6.940296173
-6.928956032
-6.917638779
-6.906341553
-6.895060062
-6.883815765
-6.872581482
-6.861352921
-6.850161076
-6.83898735
-6.827821255
-6.816686153
-6.805571079
-6.794451714
-6.78336525
-6.772302628
-6.761240959
-6.750216961
-6.739200592
-6.72819519
-6.717219353
-6.706249714
-6.695301056
-6.684363365
-6.673453808
-6.662545204
-6.651664734
-6.640786171
-6.629929066
-6.619079113
-6.608246803
-6.597436905
-6.586637497
-6.575841427
-6.565069675
-6.554302692
-6.543558598
-6.532817841
-6.522092819
-6.511377811
-6.500662804
-6.489956856
-6.479282379
-6.468620777
-6.457949162
-6.447288036
-6.436625481
-6.425992489
-6.415371418
-6.404744625
-6.394118309
-6.383498669
-6.372900009
-6.362295151
-6.351700783
-6.341107368
-6.330520153
-6.319937229
-6.309352875
-6.298776627
-6.288197041
-6.277629375
-6.267046928
-6.256474018
-6.245899677
-6.235325813
-6.224760532
-6.214188099
-6.203605175
-6.193022251
-6.182439804
-6.17185688
-6.16126442
-6.15068531
-6.140089989
-6.129484653
-6.118881702
-6.108271599
-6.097655773
-6.087032318
-6.076397419
-6.065758228
-6.0551157
-6.044473171
 -6.033813
-6.023142815
-6.012460709
-6.001772881
-5.991079807
-5.980371952
-5.969662189
-5.958945751
-5.948208809
-5.937461853
-5.926704884
-5.915941238
-5.905166626
-5.894393921
-5.883587837
-5.8727808
-5.861962318
-5.851130009
-5.840293884
-5.829440594
-5.818576813
-5.807704926
-5.796820641
-5.785928249
-5.775031567
-5.76410675
-5.75317955
-5.742238045
-5.731292248
-5.720342636
-5.709376335
-5.698402405
-5.687418461
-5.676421165
-5.665416718
-5.654415607
-5.643389702
-5.632363796
-5.621339798
-5.610294819
-5.599252701
-5.588199139
-5.57713604
-5.566081524
-5.555020809
-5.543948174
-5.532878876
-5.521791935
-5.510709286
-5.499627113
-5.488548279
-5.477460861
-5.466371536
-5.45528841
-5.444194317
-5.43312645
-5.422049046
-5.410953522
-5.399881363
-5.388801575
-5.377734184
-5.366672516
-5.355617523
-5.344564438
-5.333513737
-5.322472095
-5.311451435
-5.3004179
-5.289404392
-5.278412342
-5.267408848
-5.256424904
-5.245461464
-5.2345047
-5.223563671
-5.212628365
-5.201723576
-5.190823555
-5.179934502
-5.169061661
-5.158217907
-5.147394657
-5.136566639
-5.125768185
-5.115008354
-5.104243755
-5.093524456
-5.082801819
-5.07211113
-5.06144762
-5.050794601
-5.040179253
-5.029596806
-5.019014359
-5.008471966
-4.997954845
-4.987467289
-4.977000237
-4.966567516
-4.956157207
-4.945774555
-4.935423851
-4.925107956
-4.914823532
-4.90456152
-4.894333363
-4.884139538
-4.873980045
-4.863852978
-4.853745461
-4.843687057
-4.833654404
-4.82365799
-4.813690186
-4.803765774
-4.793869495
-4.784019947
-4.774199009
-4.764409065
-4.754667282
-4.744948387
-4.73527956
-4.725641727
-4.716034889
-4.70648098
-4.696958065
-4.687476158
  -4.67802
-4.668618202
-4.65924263
-4.649911404
-4.640619755
-4.631361961
-4.622149467
-4.612973213
-4.60383749
-4.594734669
-4.58568716
-4.576672077
-4.567688942
-4.558758259
-4.549854755
-4.540985584
-4.53218174
-4.523403645
-4.514672756
-4.505971432
-4.497312546
-4.488698959
-4.480106354
-4.47157383
-4.463078976
-4.454626083
-4.446200371
-4.437822342
-4.429478168
-4.421173096
-4.412919521
-4.404698372
-4.396516323
-4.388373375
-4.380255222
-4.372184277
-4.364159584
-4.356170177
-4.348216534
-4.340306282
-4.332430363
-4.324595451
-4.316790581
-4.309030056
-4.301295757
-4.293605328
-4.285959721
-4.27834177
-4.270763874
-4.263211727
-4.255714417
-4.248237133
-4.240799904
-4.233394623
-4.226032734
-4.218704224
-4.211408615
-4.204142094
-4.196912289
-4.189722538
-4.182547092
-4.175439358
-4.168338776
-4.161280155
-4.154250145
-4.14725399
-4.140295982
-4.133364201
-4.126455307
-4.119589806
-4.112755775
-4.105947971
-4.099183083
-4.092431068
-4.085718632
-4.079035282
-4.07237196
-4.065750122
-4.05915308
-4.052593708
-4.046053886
-4.039540291
-4.03305769
-4.026607513
-4.020165443
-4.013774395
-4.007416725
-4.001068592
-3.994755983
-3.988456011
-3.982197762
-3.975955248
-3.969734669
-3.963546753
-3.957389116
-3.951251507
-3.945144653
-3.939059496
-3.932989597
-3.926952124
-3.920929193
-3.914937735
-3.908976078
-3.903029203
-3.897107363
-3.89121294
-3.885336161
-3.879476309
-3.873643398
-3.867832899
-3.862046957
-3.856274366
-3.850535631
-3.844813108
-3.839104414
-3.833423615
-3.827762365
-3.822119951
-3.816498756
-3.810890198
-3.805306673
-3.79975009
-3.794210672
-3.788688898
-3.783181429
-3.777686357
-3.772220612
-3.766770363
-3.76134038
-3.755924225
-3.750527859
-3.74515295
-3.739796877
-3.734443188
-3.729119062
-3.723815918
-3.718521118
-3.71324563
-3.707994938
-3.702745438
-3.697525024
-3.692320108
-3.687122822
-3.681938887
-3.67677474
-3.67163682
-3.666507721
-3.661391497
-3.656293392
-3.65121007
-3.646144867
-3.641095877
-3.636059999
-3.631033182
-3.626027584
-3.621038675
-3.616060019
-3.611092091
-3.606152058
-3.601213455
-3.596289396
-3.591388226
-3.586504936
-3.581613779
-3.576756954
-3.571906328
-3.567061424
-3.562244892
-3.557424068
-3.552630663
-3.547842264
-3.543064356
-3.538301468
-3.533548355
-3.528809309
-3.524074316
-3.519359827
-3.514652729
-3.50995779
-3.505264997
-3.500595331
-3.49592495
-3.491279602
-3.486632586
-3.482003689
-3.477376223
-3.472765207
-3.46816206
-3.463575602
-3.45898819
-3.454407454
-3.449854136
-3.445299625
-3.440757275
-3.436224222
-3.431695223
-3.427184582
-3.422678709
-3.418180466
-3.413703203
-3.409218073
-3.404753685
-3.400292158
-3.395847082
-3.391403675
-3.386967659
-3.38255024
-3.378131151
-3.373728752
-3.369335651
-3.364945412
-3.360560417
-3.356192112
-3.35182929
-3.347476244
-3.343131304
-3.338793993
-3.33446312
-3.330143213
-3.325835943
-3.321530104
-3.317238569
-3.312953234
-3.308674574
-3.304397583
-3.300137997
-3.295881987
-3.291648388
-3.287409544
