2292
0
114.55
0.2663674057
0.2649382353
0.2635097504
0.2620807588
0.2606528997
0.2592217922
0.2577928305
0.2563605607
0.2549324334
0.2535022795
0.252070725
0.2506427467
0.2492117584
0.2477813512
0.2463493347
0.2449189276
0.243485108
0.2420545071
0.2406184524
0.2391830832
0.237747252
0.2363095433
0.2348714769
0.2334311455
0.231987685
0.230543986
0.2291021943
0.2276462466
0.226197347
0.224741295
0.2232880443
0.2218277901
0.2203645855
0.2188964039
0.2174241394
0.2159512192
0.2144699544
0.2129870206
0.2114969045
0.2100012898
0.2084999979
0.2069955617
0.2054817677
0.2039595097
0.2024333924
0.2008943558
0.1993542612
0.1978017986
0.1962394565
0.1946694255
0.1930889636
0.1914998144
0.1899006814
0.1882888377
0.1866668463
0.1850303113
0.1833814383
0.1817215532
0.1800477058
0.1783607453
0.1766546369
0.1749365926
0.1732024401
0.1714531928
0.1696855128
0.1678990126
0.1660953611
0.1642756015
0.1624346524
0.1605727673
0.1586938351
0.1567945033
0.1548701674
0.152925685
0.1509565413
0.1489661336
0.1469495296
0.1449115723
0.1428467333
0.1407524049
0.1386350989
0.1364913285
0.134318158
0.1321156323
0.129885748
0.1276234537
0.125331521
0.1230071858
0.1206545904
0.1182653904
0.1158446074
0.1133880317
0.1108971611
0.1083709374
0.1058099717
0.1032113135
0.1005748883
0.09789996594
0.0951859951
0.0924302116
0.08963796496
0.08680001646
0.08392307907
0.08100306243
0.07803731412
0.07502786815
0.07197218388
0.06887300313
0.06572564691
0.06253073364
0.05928894877
0.05599766597
0.05265608802
0.04926250502
0.04581909254
0.04232521728
0.03877703846
0.0351723507
0.03151687235
0.02780410089
0.02403357066
0.02020969056
0.01632472314
0.01238265913
0.008379173465
0.004316125065
0.0001936145418
-0.003992081154
-0.008243327029
-0.0125549566
-0.0169328507
-0.02137585171
-0.02588632517
-0.03046381287
-0.0351097472
-0.0398222059
-0.0446084924
-0.04946525767
-0.05439266935
-0.0593928583
-0.06446822733
-0.06961651146
-0.07484150678
-0.08014150709
-0.08551999182
-0.09097794443
-0.09651309997
-0.1021287888
-0.1078268513
-0.1136068478
-0.1194689125
-0.1254173368
-0.1314489841
-0.1375671178
-0.1437728703
-0.1500661373
-0.1564475745
-0.1629209369
-0.1694839746
-0.1761408895
-0.1828911602
-0.1897350997
-0.1966719329
-0.2037079781
-0.2108381391
-0.218069315
-0.2253991365
-0.2328290939
-0.240361616
-0.2479943633
-0.255734086
-0.2635757625
-0.2715248466
-0.279581219
-0.287745446
-0.2960174084
-0.3044014871
-0.3128956854
-0.3215029538
-0.3302250504
-0.3390603662
-0.3480102122
-0.3570790291
-0.366265744
-0.3755732477
-0.3849978149
-0.3945473433
-0.4042187035
-0.4140135944
-0.4239331484
-0.4339818954
-0.4441571832
-0.4544597864
-0.4648935497
-0.4754585922
-0.4861544967
-0.496984452
-0.5079509616
-0.5190518498
-0.5302917361
-0.5416694283
-0.5531876683
-0.5648450851
-0.5766466856
-0.5885902643
-0.6006813645
-0.6129174829
-0.6253002882
-0.6378317475
-0.6505147815
-0.6633479595
-0.6763333082
-0.6894721985
-0.7027686238
-0.716219902
-0.7298297882
-0.7435975671
-0.7575266361
-0.771617651
-0.7858718038
-0.8002897501
-0.8148744106
-0.8296256065
-0.8445463777
-0.8596362472
-0.8748993874
-0.8903326392
-0.9059410095
-0.9217244983
-0.9376843572
-0.953823626
-0.9701423049
-0.9866403341
-1.003319144
-1.020186424
-1.037236929
-1.054473758
-1.071898818
-1.089513302
-1.107318401
-1.125313997
-1.143504381
-1.161890864
-1.180474401
-1.199253678
-1.218233228
-1.237415195
-1.256797671
-1.276383281
-1.296176076
-1.31617558
-1.336382389
-1.356798887
-1.37742734
-1.398265958
-1.419318676
-1.440588832
-1.462075114
-1.483778477
-1.505703092
-1.527848959
-1.550219059
-1.572810054
-1.595628619
-1.618674397
-1.641948938
-1.665453792
-1.689191103
-1.713161469
-1.73736465
-1.761806011
-1.78648448
-1.811401129
-1.836562514
-1.861961484
-1.887606859
-1.913496852
-1.939632773
-1.966017127
-1.992651463
-2.019538879
-2.046676397
-2.074069738
-2.101716042
-2.129625797
-2.157790661
-2.186214209
-2.214900494
-2.243850231
-2.27306819
-2.302547932
-2.332296371
-2.362315893
-2.392607212
-2.423167229
-2.454004049
-2.485112906
-2.516500473
-2.548170328
-2.580112696
-2.612340212
-2.644850731
-2.67764616
-2.710726261
-2.74409461
-2.777748823
-2.811698198
-2.845935583
-2.880467653
-2.915294409
-2.950416565
-2.98583746
-3.021556616
-3.057576418
-3.093898773
-3.130522251
-3.167453051
-3.204688311
-3.242233992
-3.280087709
-3.318251848
-3.356730461
-3.395517588
-3.434626341
-3.474045753
-3.513784647
-3.553843498
-3.594221354
-3.634926319
-3.675951242
-3.717298746
-3.758974791
-3.800974369
-3.843310356
-3.885973215
-3.928966522
-3.97229743
-4.015956402
-4.059954643
-4.104290962
-4.148959637
-4.193975449
-4.239329815
-4.285023689
-4.331067562
-4.377448082
-4.424179077
-4.471262932
-4.518688679
-4.566464424
-4.614593983
-4.66307497
-4.711911678
-4.761096001
-4.810642719
-4.860549927
-4.910807133
-4.961433411
-5.012416363
-5.063762665
-5.115469933
-5.167543888
-5.219984531
-5.272788048
-5.32596302
-5.379504681
-5.433413506
-5.487694263
-5.542355537
-5.597384453
-5.652787685
-5.708564281
-5.764720917
-5.821250916
-5.878167152
-5.935451984
-5.993122101
-6.051179409
-6.109614372
-6.168434143
-6.227632523
-6.2872262
-6.347198963
-6.407559872
-6.468307972
-6.529448509
-6.590973854
-6.652888775
-6.715195179
-6.777894497
-6.840990067
-6.90447998
-6.968360901
-7.032639027
-7.09731102
-7.162381172
-7.227843285
-7.293711662
-7.359976768
-7.426638603
-7.493701935
-7.561164856
-7.629028797
-7.69728756
-7.765961647
-7.835037708
-7.904508114
-7.974390507
-8.044667244
-8.115350723
-8.186445236
-8.257947922
-8.329855919
-8.402168274
-8.474884987
-8.548015594
-8.621545792
-8.695491791
-8.769835472
-8.844596863
-8.91976738
-8.995337486
-9.071333885
-9.147733688
-9.224536896
-9.301758766
-9.379389763
-9.457421303
-9.53586483
-9.614730835
-9.693992615
-9.77367878
-9.853765488
-9.93426609
-10.01518726
-10.0965023
-10.17824078
-10.26038456
-10.34294987
-10.42590904
-10.50928116
-10.59306622
-10.6772728
-10.76185608
-10.84688091
-10.93230915
-11.01813412
-11.10438251
-11.19103432
-11.27809429
-11.36556816
-11.45342922
-11.54171562
-11.63039875
-11.71948814
-11.80899334
-11.8988924
-11.98919392
-12.07990265
-12.17102146
-12.26254082
-12.35445404
-12.44677067
-12.5395031
-12.63261318
-12.72613239
-12.8200407
-12.914361
-13.00906754
-13.10417461
-13.19967651
-13.29557419
-13.39186096
-13.4885397
-13.58560658
-13.68307877
-13.7809248
-13.87916851
-13.97779179
-14.07679749
-14.17619038
-14.27597141
-14.37614155
-14.47668839
-14.57760334
-14.67891216
-14.78058052
-14.88263226
-14.98507023
-15.08788586
-15.19104671
-15.29460812
-15.39851761
-15.50279713
-15.60744572
-15.71246147
-15.81784344
-15.92357445
-16.02965546
-16.13612556
-16.24292755
-16.35009956
-16.45760155
-16.56547928
-16.67369843
-16.78225708
-16.89117432
-17.00042915
-17.11003113
-17.21996307
-17.33023453
-17.44085121
-17.55178642
-17.66306877
-17.77466202
-17.88658714
-17.99886513
-18.11141586
-18.22435379
-18.33756065
-18.45111465
-18.56494522
-18.6791172
-18.79360199
-18.90837288
-19.0234623
-19.1388588
-19.2545433
-19.37052345
-19.4867897
-19.6033783
-19.72023964
-19.8373909
-19.95482063
-20.07254791
-20.19052696
-20.30880356
-20.42735672
-20.54617691
-20.66525459
-20.78460503
-20.9042244
-21.02410889
-21.14423561
-21.26464081
-21.38525581
-21.50615311
-21.62727928
-21.74863625
-21.8702774
-21.99213028
-22.11418915
-22.2365036
-22.35905266
-22.48182487
-22.60480881
-22.72797394
-22.8514061
-22.97503471
-23.09886169
-23.22290802
-23.34713745
-23.47157288
-23.59619141
-23.72101784
-23.84599686
-23.97120476
-24.09655952
-24.22212029
-24.34782219
-24.47372246
-24.59974289
-24.7259655
-24.85234451
-24.97886086
-25.10552406
-25.23235321
-25.35931778
-25.48641968
-25.61365128
-25.74103165
-25.86853027
-25.99615288
-26.12390327
-26.2517643
-26.37973976
-26.50780869
-26.63601875
-26.76429749
-26.89269257
-27.02116203
-27.14971733
-27.27837563
-27.4071064
-27.53593254
-27.66478348
-27.79374123
-27.92275047
-28.05181503
-28.18091393
-28.31011391
-28.43932915
-28.5685997
-28.69789314
-28.82725525
-28.95660591
-29.08600616
-29.21541595
-29.34483719
-29.47430611
-29.60374832
-29.73319244
-29.86266518
-29.99207497
-30.12155724
-30.25092316
-30.38038254
-30.50970078
-30.63910103
-30.76838684
-30.89767075
-31.02694893
-31.156147
-31.28528214
-31.41435814
-31.54338074
-31.67237663
-31.80125237
-31.93003464
-32.05883026
-32.1874733
-32.31602097
-32.4445076
-32.57286835
-32.7011795
-32.82940674
-32.95738983
-33.08531952
-33.2131958
-33.34089661
-33.46843338
-33.59589386
-33.72316742
-33.85030746
-33.97728348
-34.10417175
-34.23085403
-34.35735321
-34.4836998
-34.60985565
-34.73587036
-34.86169434
-34.98730469
-35.11275482
-35.23800659
-35.36299896
-35.48784637
-35.61245346
-35.73691177
-35.86102676
-35.98500824
-36.10870361
-36.23218536
-36.35545349
-36.47842407
-36.60113144
-36.72367096
-36.84589005
-36.96788025
-37.08955765
-37.21088791
-37.33207703
-37.45288467
-37.57352829
-37.69375229
-37.81373215
-37.9333992
-38.05274963
-38.17177582
-38.29046249
-38.40888977
-38.52693176
-38.64468765
-38.76210022
-38.87911224
-38.99581909
-39.11219025
-39.22814941
-39.34379578
-39.45908737
-39.57400894
-39.68849945
-39.80259705
-39.91639328
-40.02976227
-40.14273071
-40.25531006
-40.36745834
-40.4792099
-40.59051895
-40.70145798
-40.81191254
-40.92206573
-41.03173065
-41.14087677
-41.24967194
-41.35797882
-41.46583176
-41.57327271
-41.68021774
-41.78668976
-41.89272308
-41.99826813
-42.10335159
-42.20797729
-42.31204987
-42.41566467
-42.51874542
-42.62142181
-42.72353745
-42.82521057
-42.9262619
-43.02685165
-43.12690353
-43.22642136
-43.32546616
-43.42391968
-43.52186966
-43.61925125
-43.71614456
-43.81243515
-43.90819931
-44.0033989
-44.09799957
-44.19205475
-44.28553009
-44.37845993
-44.47083664
-44.56261826
-44.65379333
-44.74435425
-44.83436203
-44.9237175
-45.0125351
-45.10071182
-45.1883049
 -45.27528
-45.36167145
-45.44739914
-45.53248978
-45.61694717
-45.70080948
-45.78406525
-45.866642
-45.94853973
-46.0298996
-46.11052704
-46.1905365
-46.26981354
-46.34853745
-46.42658234
-46.50388718
-46.58060074
-46.65662384
-46.73202133
-46.80664062
-46.88056564
-46.95389557
-47.02653122
-47.0984993
-47.16970062
-47.24023438
-47.31007385
-47.37919998
-47.44768906
-47.51535797
-47.58242035
-47.64870453
-47.71427155
-47.77908707
-47.84329605
-47.90667725
-47.9694252
-48.03139114
-48.09267807
-48.15319061
-48.21290207
-48.27190781
-48.33018875
-48.38772583
-48.44453049
-48.50060654
-48.55587006
-48.61042786
-48.66425705
-48.71725845
-48.76954651
-48.821064
-48.87181473
-48.92174911
-48.97099686
-49.01944733
-49.06710815
-49.11401367
-49.16016006
-49.20558167
-49.25009155
-49.29388428
-49.3368988
-49.37913132
-49.42058182
-49.46127319
-49.50114441
-49.5402298
-49.57850266
-49.6160202
-49.65271759
-49.68863297
-49.72376251
-49.75808334
-49.79156876
-49.82432938
-49.85626984
-49.88741684
-49.91770935
-49.94725418
-49.9759903
-50.00390625
-50.03100586
-50.05727005
-50.08273697
-50.10743713
-50.1313324
-50.15441513
-50.17662811
-50.19804001
-50.21873474
-50.23853302
-50.25754547
-50.27570343
-50.29314041
-50.30970001
-50.32543564
-50.34037018
-50.35448074
-50.36782837
-50.38031769
-50.39200211
-50.40288162
-50.41294098
-50.42216492
-50.43057632
-50.43815613
-50.44499207
-50.45097351
-50.45614243
-50.46051788
-50.464077
-50.4667778
-50.46866989
-50.4698143
-50.47006226
-50.46954346
-50.46822739
-50.46607971
-50.46313095
-50.45931625
-50.4548111
-50.44945908
-50.44328308
-50.43629456
-50.42846298
-50.41985703
-50.4105072
-50.40024948
-50.38930511
-50.37747955
-50.36486053
-50.35148621
-50.33726501
-50.32226181
-50.30651474
-50.28992081
-50.2725563
-50.2544136
-50.23538589
-50.21567917
-50.19507599
-50.17379761
-50.15175629
-50.12889481
-50.10519409
-50.08082199
-50.05558014
-50.02959442
-50.00283813
-49.97527695
-49.94696808
-49.91787338
-49.88807297
-49.85748291
-49.82609177
-49.79400253
-49.76105881
-49.72749329
-49.69304657
-49.65792847
-49.62202454
-49.58539581
-49.54800797
-49.50981522
-49.47093201
-49.43134308
-49.39092255
-49.34985733
-49.30807877
-49.26551056
-49.22222519
-49.17825317
-49.13354111
-49.08804321
-49.04190445
-48.99506378
-48.94747543
-48.89913177
-48.85017395
-48.80044937
-48.74997711
-48.69894409
-48.64717484
-48.59462357
-48.54148483
-48.4875946
-48.43305206
-48.37783813
-48.32195663
-48.26525497
-48.20804214
-48.15005493
-48.09150314
-48.03225708
-47.97232819
-47.91173553
-47.85052109
-47.78860855
-47.72613144
-47.66291809
-47.5991478
-47.53466415
-47.46962357
-47.40385437
-47.33752823
-47.27053833
-47.20296478
-47.13477325
-47.06594086
-46.99649429
-46.92645645
-46.85583878
-46.78461075
-46.71275711
-46.64028168
-46.56730652
-46.49369431
-46.41949081
-46.34477234
-46.26944733
-46.19346619
-46.11701202
-46.03998947
-45.96238327
-45.88419342
-45.80549622
-45.72627258
-45.64645004
-45.56613541
-45.48521042
-45.40380478
-45.32182312
-45.23939896
-45.15633011
-45.07283401
-44.98874664
-44.90421677
-44.81920242
-44.73363876
-44.64758301
-44.56108093
-44.47397614
-44.38648224
-44.29846191
-44.20999146
-44.12104416
-44.03164291
-43.9417572
-43.85138702
-43.76053238
-43.66923141
-43.57751083
-43.48532867
-43.39269257
-43.29964066
-43.2061882
-43.11225128
-43.01792908
-42.92318344
-42.82798767
-42.73237228
-42.63638306
-42.53995514
-42.44311905
-42.34595871
-42.24834824
-42.15036774
-42.05192184
-41.95314789
-41.85403442
-41.75449753
-41.65463638
-41.55438614
-41.45381165
-41.35290909
-41.25157166
-41.14989471
-41.04791641
-40.94553757
-40.84294891
-40.73989868
-40.63656616
-40.53293228
-40.42893219
-40.32464981
-40.22004318
-40.1151886
-40.00991821
-39.90445328
-39.79870605
-39.69261932
-39.58627319
-39.47962952
-39.37273026
-39.26551819
-39.15805817
-39.05038834
-38.94234467
-38.83413315
-38.72565842
-38.6169548
-38.50798035
-38.39875793
-38.28928757
-38.17963028
-38.06967926
-37.95956802
-37.84925842
-37.73871231
-37.62791061
-37.51700211
-37.4058342
-37.29444504
-37.18287277
-37.07112122
-36.95923996
-36.84712601
-36.73478317
-36.62232971
-36.50968552
-36.39690018
-36.28393173
-36.17078018
-36.05752563
-35.94412231
-35.83052063
-35.71677399
-35.6029892
-35.48897552
-35.37492752
-35.26070023
-35.14633942
-35.03187561
-34.91733551
-34.80260849
-34.68777084
-34.57293701
-34.45791626
-34.34287262
-34.22764206
-34.11236954
-33.99697495
-33.8815918
-33.7660408
-33.65050888
-33.53484344
-33.41913223
-33.3033638
-33.18751907
-33.07170486
-32.95578766
-32.83978653
-32.72380829
-32.60778427
-32.49162674
-32.37554169
-32.25938797
-32.14325714
-32.02704239
-31.91084862
-31.79460907
-31.67838287
-31.56217957
-31.44587135
-31.32964897
-31.21339226
-31.09717941
-30.98097992
-30.86478806
-30.74860573
-30.63241386
-30.5163002
-30.40019608
-30.28412628
-30.16810799
-30.05210114
-29.93614769
-29.82019043
-29.70435524
-29.58851433
-29.47271729
-29.35703278
-29.24139977
-29.12577438
-29.0102253
-28.89481735
-28.77943039
-28.66411018
-28.54890633
-28.43377304
-28.31871986
-28.20373726
-28.08884048
-27.97406006
-27.85939217
-27.74477196
-27.63030434
-27.51590919
-27.40163231
-27.28746986
-27.1734333
-27.05948639
-26.94565773
-26.83195114
-26.71837807
-26.60494423
-26.49164391
-26.3784523
-26.26539993
-26.15250969
-26.03976059
-25.92713356
-25.81466866
-25.70233154
-25.59013367
-25.47812843
-25.36623001
-25.25453568
-25.14296913
-25.03157806
-24.92038727
-24.80933571
-24.69845772
-24.58772659
-24.47723389
-24.36684608
-24.25664711
-24.14666939
-24.03684235
-23.92725372
-23.81778526
-23.70854378
-23.59947395
-23.4906311
-23.38198853
-23.27352524
-23.16527939
-23.05720139
-22.94939041
-22.84173203
-22.73428726
-22.62704277
-22.5200386
-22.41324043
-22.30669212
-22.20033073
-22.0941925
-21.98826981
-21.88258362
-21.77712631
-21.67191887
-21.56689453
-21.46213722
-21.35757446
-21.25329208
-21.14920616
-21.0453949
-20.94182014
-20.83845901
-20.73534012
-20.63253021
-20.5298996
-20.4275322
-20.32545662
-20.22359276
-20.12200546
-20.02063942
-19.91952896
-19.81868744
-19.7181282
-19.61780357
-19.5177536
-19.4179554
-19.31843758
-19.21917343
-19.12016296
-19.02146339
-18.92298126
-18.82479286
-18.72689819
-18.62924957
-18.53186417
-18.43477058
-18.33794785
-18.24140739
-18.1451416
-18.04914474
-17.95347023
-17.85804176
-17.76294708
-17.66804886
-17.57350731
-17.47921181
-17.38523865
-17.29153824
-17.19811249
-17.10497284
-17.012146
-16.91959763
-16.82734489
-16.73538017
-16.64372444
-16.55236626
-16.46126747
-16.37048912
-16.28001022
-16.18984032
-16.09995651
-16.01035881
-15.92108727
-15.83210754
-15.74340439
-15.65499687
-15.56694126
-15.47915268
-15.39169216
-15.30450344
-15.21765709
-15.13110447
-15.04483509
-14.95889759
-14.87324429
-14.78789806
-14.70291328
-14.61820126
-14.53377247
-14.44967079
-14.36588001
-14.28239822
-14.1992178
-14.11635113
-14.03381634
-13.95155621
-13.86963463
-13.78801632
-13.70671463
-13.62572002
-13.54503727
-13.46467781
-13.38460732
-13.30486202
-13.22542095
-13.1462965
-13.06751442
-12.98901749
-12.91084862
-12.8329792
-12.75541687
-12.67817307
-12.60125542
-12.52464294
-12.44834614
-12.3723774
-12.29670811
-12.22134781
-12.14632225
-12.0715847
-11.99716568
-11.92307663
-11.84929371
-11.77580261
-11.70265865
-11.62981606
-11.55727673
-11.485075
-11.41315746
-11.34156895
-11.27027988
-11.19931221
-11.12866402
-11.05831528
-10.98829174
-10.91858196
-10.84917164
-10.78006935
-10.71127415
-10.64280224
-10.57463932
-10.50678635
-10.4392519
-10.3720026
-10.30508137
-10.23846912
-10.17215538
-10.10614586
-10.0404768
-9.975087166
-9.909999847
-9.845229149
-9.780749321
-9.716599464
-9.652747154
-9.589193344
-9.525953293
-9.463001251
-9.400362968
-9.338036537
-9.275988579
-9.214287758
-9.152838707
-9.091731071
-9.030899048
-8.970374107
-8.910140991
-8.850212097
-8.790585518
-8.731250763
-8.672216415
-8.613469124
-8.555046082
-8.496890068
-8.439043999
-8.381494522
-8.324230194
-8.267253876
-8.210586548
-8.154196739
-8.098108292
-8.04229641
-7.986776352
-7.931563854
-7.87663269
-7.822006702
-7.767640114
-7.713558674
-7.659781456
-7.606275558
-7.553058147
-7.500137329
-7.447491646
-7.395120144
-7.343035698
-7.291233063
-7.239718914
-7.188467979
-7.137503147
-7.086825371
-7.036405087
-6.986268044
-6.936420918
-6.886851788
-6.837535858
-6.788510323
-6.73974514
-6.691256046
-6.643024445
-6.595082283
-6.547403812
-6.499987125
-6.452854633
-6.405981064
-6.359376907
-6.313037395
-6.266947746
-6.221138477
-6.175596714
-6.130302906
-6.085267067
-6.040502548
-5.995997906
-5.951746464
-5.907758236
-5.864018917
-5.820542812
-5.77732563
-5.734359741
-5.691629887
-5.649172306
-5.60695219
-5.565000057
-5.52328968
-5.481824398
-5.440609932
-5.399639606
-5.358930588
-5.318457603
-5.278220654
-5.23822403
-5.198489666
-5.158997536
-5.11973238
-5.080704689
-5.041924953
-5.003379345
-4.96507597
-4.926995754
-4.889165401
-4.851566792
-4.814190865
-4.777069569
-4.74015522
-4.703493118
-4.667047501
-4.630829334
-4.594852448
-4.55909729
-4.523564339
-4.488246441
-4.453176022
-4.418314934
-4.383681774
-4.349259377
-4.315074921
-4.281095028
-4.247336388
-4.213795185
-4.180478096
-4.147369862
-4.114475727
-4.08179903
-4.049338341
-4.017084599
-3.985040188
-3.953207254
-3.921579361
-3.89017725
-3.858968019
-3.82797718
-3.797179699
-3.766574383
-3.736196518
-3.706009865
-3.676026583
-3.646241426
-3.616661787
-3.587277889
-3.558097363
-3.529095888
-3.500311375
-3.471709251
-3.443318605
-3.415099382
-3.387085676
-3.359258413
-3.33162117
-3.304174662
-3.276919842
-3.249850988
-3.222958326
-3.19626689
-3.169753075
-3.143431664
-3.117283344
-3.09130621
-3.065528631
-3.039926529
-3.014504671
-2.989251852
-2.964182138
-2.939296007
-2.914580584
-2.890037775
-2.865674973
-2.841480732
-2.817440033
-2.793604612
-2.769915342
-2.746401548
-2.723059416
-2.699882984
-2.676879406
-2.6540277
-2.631347895
-2.608827829
-2.586475849
-2.564284801
-2.54225111
-2.520384789
-2.498667955
-2.477127075
-2.455733061
-2.434488773
-2.41340518
-2.392486334
-2.371703625
-2.351091146
-2.330608368
-2.310288906
-2.290134907
-2.270113707
-2.250246763
-2.230525017
-2.210959911
-2.19152832
-2.172256708
-2.153110504
-2.134127617
-2.115281343
-2.096571207
-2.077999115
-2.059590101
-2.041297913
-2.023153305
-2.005139112
-1.987267613
-1.969534397
-1.951928973
-1.934463978
-1.917128563
-1.89992702
-1.882866859
-1.86592567
-1.849124312
-1.832441807
-1.815906644
-1.79948616
-1.783196688
-1.767032623
-1.75099659
-1.735080242
-1.719291687
-1.703627467
-1.688081503
-1.672668695
-1.657349706
-1.642174006
-1.627133012
-1.612177491
-1.597355008
-1.582656145
-1.568063259
-1.553591371
-1.539232016
-1.524986744
-1.510855794
-1.496838689
-1.482933283
-1.469133973
-1.455448747
-1.441892028
-1.428413868
-1.415054917
-1.401810884
-1.38866353
-1.375632048
-1.362701774
-1.349871039
-1.337146521
-1.324534893
-1.312017083
-1.29959178
-1.287302852
-1.275083423
-1.262980461
-1.250962138
-1.239039779
-1.227226734
-1.215518832
-1.203899503
-1.192362547
-1.180937409
-1.169609547
-1.158360362
-1.147205591
-1.136147261
-1.125196695
-1.114315987
-1.103536248
-1.092850208
-1.082240701
-1.071724892
-1.061305761
-1.05097115
-1.040709019
-1.030553102
-1.020465255
-1.010469556
-1.000568151
-0.9907459021
-0.9810050726
-0.9713333845
-0.9617612958
-0.9522590041
-0.9428477883
-0.9335080981
-0.9242500663
-0.9150753021
-0.9059718847
-0.8969494104
-0.8880072832
-0.8791389465
-0.8703499436
-0.8616339564
-0.8529871106
-0.8444233537
-0.8359310627
-0.8275153041
-0.8191655278
-0.8108922243
-0.8026853204
-0.7945542336
-0.7864963412
-0.7785052657
-0.7705826163
-0.7627339959
-0.7549474239
-0.7472363114
-0.7395794392
-0.7320002317
-0.7245016098
-0.7170280814
-0.7096501589
-0.7023245692
-0.6950798035
-0.6878862381
-0.6807518005
-0.6736819148
-0.6666789055
-0.6597464681
-0.6528583765
-0.6460404396
-0.6392844915
-0.6325795054
-0.6259456873
-0.6193644404
-0.6128351092
-0.6063761711
-0.5999708772
-0.5936194062
-0.5873219967
-0.5810879469
-0.5749005079
-0.5687824488
-0.5627058744
-0.5566955209
-0.5507272482
-0.5448289514
-0.538967371
-0.5331543684
-0.5274066329
-0.521705091
-0.5160534978
-0.5104577541
-0.5049061179
-0.499414295
-0.4939678907
-0.4885668159
-0.4832163453
-0.4779200852
-0.4726568758
-0.4674458802
-0.462300092
-0.4571868777
-0.4521197975
-0.4471043646
-0.442122668
-0.4372001886
-0.4323090613
-0.4274666011
-0.4226725101
-0.4179139435
-0.4132043719
-0.4085424542
-0.4039219916
-0.3993465006
-0.3947981596
-0.3903042972
-0.3858439028
-0.3814311624
-0.3770593107
-0.3727122247
-0.3684163392
-0.3641578257
-0.3599456251
-0.3557688296
-0.3516232371
-0.3475235701
-0.3434628844
-0.3394314051
-0.3354381025
-0.3314753771
-0.3275623918
-0.3236830235
-0.3198342323
-0.3160263598
-0.3122503161
-0.3085031509
-0.3047946692
-0.3011265695
-0.2974898517
-0.2938877046
-0.2903110981
-0.2867711484
-0.2832686603
-0.2797888517
-0.2763443291
-0.2729363739
-0.2695505321
-0.2662066519
-0.2628898025
-0.259604156
-0.2563436925
-0.253118366
-0.2499236465
-0.2467540801
-0.2436131984
-0.2405033559
-0.2374257147
-0.2343702614
-0.2313436717
-0.2283455431
-0.2253782749
-0.2224311829
-0.219522506
-0.2166359276
-0.2137700021
-0.2109337598
-0.2081205547
-0.2053351849
-0.2025870681
-0.1998490095
-0.1971361488
-0.1944576204
-0.191801697
-0.1891654134
-0.1865537614
-0.1839631796
-0.1814015657
-0.1788591146
-0.1763509065
-0.1738504469
-0.1713835597
-0.1689362377
-0.1665085852
-0.1641048193
-0.1617230028
-0.1593593508
-0.1570255458
-0.1547026187
-0.1524046659
-0.1501266062
-0.1478678137
-0.1456363201
-0.1434219182
-0.1412270367
-0.139057681
-0.1368897855
-0.1347607821
-0.1326380968
-0.1305395663
-0.1284631789
-0.1263972968
-0.1243537366
-0.1223289669
-0.1203194261
-0.1183382571
-0.1163603812
-0.1144038662
-0.1124669686
-0.1105460525
-0.1086423844
-0.1067596972
-0.1048868522
-0.1030360162
-0.101195775
-0.09937483072
-0.09756717086
-0.09578149021
-0.09400323778
-0.09224285185
-0.09050086141
-0.08876711875
-0.08704604208
-0.08535385877
-0.08366886526
-0.0820004046
-0.08034291863
-0.07869262248
-0.07706585526
-0.0754526481
-0.07384084165
-0.07225851715
-0.07068561018
-0.06912016869
-0.06756412238
-0.06603575498
-0.0645160526
-0.0629946664
-0.06149845198
-0.06000712514
-0.05853385851
-0.05707012117
-0.05562146753
-0.05417443067
-0.05274549127
-0.05132544041
-0.04991667718
-0.04852140322
-0.04713226855
-0.04575824365
-0.04439771548
-0.04304347187
-0.04169922695
-0.04036366567
-0.03903291374
-0.03772098571
-0.03641712666
-0.03512091562
-0.03383738175
-0.03255343065
-0.03128909692
-0.03002567217
-0.02877485752
-0.02753141522
-0.02629896253
-0.02507073432
-0.02385348827
-0.02264138684
-0.02143679373
-0.02024283819
-0.01905338466
-0.01786554977
-0.01668859832
-0.01552698947
-0.01436387282
-0.01320768893
-0.01205724664
-0.01091474481
-0.009777597152
-0.008646130562
-0.007516795304
-0.006396691315
-0.005283718929
-0.00416240748
-0.003060853342
-0.001957105938
-0.0008538240218
0.0002437972289
0.001335685374
0.00242190389
0.003508799477
0.004591294099
0.005673343781
0.006759167649
0.00782924518
0.008910945617
0.00997834187
0.01105629094
0.01212189905
0.01320303697
0.01427463256
0.01534186397
0.016420912
0.01749325357
0.01857449859
0.01965930685
0.02072868124
0.02181673981
0.02290631086
0.02399481088
0.0250880979
0.02618676424
0.02728668228
0.0283962395
0.02950560115
0.03062611632
0.03175719082
0.03288824856
0.03402763605
0.03517444059
0.0363358371
0.03750101849
0.03867153451
0.03985391557
0.04105079174
0.04225151241
0.04347109422
0.04469850659
0.04594213143
0.04719127715
0.04845615104
0.04973568767
0.05103304982
0.05234069377
0.05366804451
0.05500198528
0.05635796487
0.05772426352
0.05910949409
0.06052022055
0.06194079667
0.06338061392
0.06483826786
0.0663158223
0.06781443208
0.06932852417
0.07086502016
0.07242016494
0.07399689406
0.07560557872
0.07721648365
0.07885114849
0.08051347733
0.08220393211
0.08390904218
0.0856397599
0.08738604188
0.08916599303
0.09095514566
0.09278320521
0.09462562948
0.09649480134
0.09838402271
0.1002977192
0.1022423506
0.1042030379
0.1061867774
0.1082008481
0.1102335602
0.112289615
0.1143714115
0.1164699644
0.1186034679
0.1207526624
0.1229279488
0.125126645
0.1273469478
0.1295900345
 0.1318544
0.1341425627
0.1364559084
0.1387875825
0.1411356032
0.1435122192
0.1459051073
0.1483186334
0.1507579386
0.1532129198
0.1556824148
0.1581764817
0.1606901139
0.1632152945
0.1657591164
0.1683226377
0.1709026396
0.1734916568
0.1761073172
0.1787307262
0.1813751608
0.1840267628
0.1866970807
0.1893710792
0.1920668632
0.1947639883
0.1974818707
0.200205937
0.202938959
0.2056816816
0.2084364593
0.2111945897
0.2139642388
0.2167376578
0.219509244
0.2222958505
0.2250795811
0.2278732359
0.2306653559
0.2334620059
0.236261636
0.2390564978
0.241856128
0.2446550578
0.2474520802
0.2502435148
0.2530402839
0.2558273077
0.2586074173
0.2613902688
0.2641682327
0.2669392228
0.2696939707
0.272449553
0.2751986086
0.2779359519
0.2806663811
0.2833849192
0.2860929668
0.288787961
0.2914685309
0.2941466868
0.2968021333
0.2994496226
0.3020761311
0.3046953678
0.3072946072
0.3098754287
0.3124448061
0.314994216
0.3175248504
0.3200381398
0.3225331306
0.3250071406
0.3274665475
0.32989797
0.332308948
0.3347029984
0.3370750844
0.3394210935
0.3417502046
0.3440487087
0.3463298976
0.3485850692
0.3508191705
0.353018254
0.355203867
0.3573561013
0.359484762
0.3615919054
0.3636687994
0.3657183349
0.3677408099
0.3697359562
0.3717069328
0.3736459911
0.3755592108
0.3774418235
0.3792975843
0.3811241388
0.3829208016
0.3846910298
0.3864286244
0.388138622
0.3898182213
0.3914727867
0.3930944502
0.3946862221
0.3962444067
0.3977754712
0.3992785811
0.4007497132
0.4021897912
0.4035982192
0.4049812257
0.4063285887
0.4076464474
0.4089375138
0.410195142
0.4114204049
0.412617445
0.413780719
0.4149172902
0.4160257578
0.4171060026
0.4181448519
0.4191641808
0.4201483727
0.4211028218
0.4220310748
0.4229228497
0.4237909913
0.424628973
0.425437361
0.4262143075
0.4269634187
0.4276811481
0.4283712208
0.4290382564
0.4296666384
0.4302742183
0.4308517873
0.4313964844
0.4319189191
0.4324129224
0.4328764677
0.4333163202
0.4337285459
0.4341157377
0.4344705343
0.434802413
0.4351055622
0.4353838861
0.435637027
0.435865581
0.4360668063
0.4362445772
0.4363934994
0.4365210533
0.4366239905
0.4367026985
0.4367543161
0.4367825985
0.4367895126
0.4367698431
0.4367247224
0.4366648793
0.4365796745
0.4364694655
0.4363339841
0.4361833632
0.4360033572
0.4358105361
0.4355911911
0.4353496432
0.4350892305
0.4348103702
0.434504658
0.4341840148
0.4338432252
0.4334821701
0.4331017435
0.4327016771
0.4322834611
0.4318425953
0.4313842058
0.43091169
0.4304187298
0.4299096763
0.4293770194
0.428829968
0.428267628
0.4276914597
0.4270916581
0.4264782667
0.4258488417
0.4252028763
0.424541533
0.4238637388
0.4231688678
0.4224599898
0.4217368364
0.4209989905
0.4202476442
0.4194766879
0.4186964929
0.4179003239
0.4170918465
0.4162681103
0.4154270291
0.4145816565
0.4137162864
0.4128422737
0.4119523764
0.4110527635
0.4101393223
0.4092146456
0.4082776904
0.4073302448
0.4063651264
0.4053909481
0.4044123292
0.4034163654
0.4024111927
0.4013959169
0.4003726244
0.3993329704
0.3982880116
0.397228986
0.3961608112
0.3950840235
0.3939982653
0.392903924
0.3917985857
0.390687108
0.3895654976
0.3884320259
0.3872919679
0.3861419559
0.3849846125
0.3838178217
0.3826464117
0.3814635873
0.3802722394
0.3790745437
0.3778677583
0.3766582608
0.3754380345
0.3742063046
0.3729732931
0.3717253804
0.3704772592
0.3692190051
0.3679556549
0.3666832745
0.3654025495
0.3641180098
0.3628260493
0.36152637
0.3602221012
0.3589055836
0.3575899899
0.3562663496
0.3549381495
0.3536077738
0.3522666693
0.3509255946
0.3495762348
0.3482248187
0.3468676507
0.3455083966
0.3441482186
0.3427776694
0.341406554
0.3400348425
0.3386564553
0.3372769654
0.3358927965
0.334505707
0.3331207633
0.3317306936
0.330336839
0.3289425671
0.3275432289
0.3261452615
0.3247454166
0.3233385682
0.3219308853
0.3205249906
0.3191148043
0.3177048862
0.3162911832
0.3148776293
0.3134622574
0.3120468557
0.3106293678
0.3092091382
0.3077873588
0.3063647449
0.3049449921
0.3035182059
0.3020930886
0.3006700575
0.2992430329
0.2978182733
0.2963901162
0.2949652374
0.2935365438
0.292104125
0.290676862
0.2892485857
0.2878185213
0.2863895595
0.2849597931
0.2835301757
0.2821010649
0.2806688249
0.2792379558
0.2778071761
0.2763783336
0.2749499381
0.2735169232
0.272086978
0.2706586719
0.2692278326
0.2677979767
0.266367197
