2646
0
132.25
1.246123195
1.242807627
1.239500999
1.236204624
1.232916832
1.229640961
1.226371646
1.223112941
 1.2198627
1.216625571
1.213395953
1.210172176
1.206963778
1.203762293
1.200572371
1.197391748
1.194219351
1.191057086
1.187907577
1.18476522
1.181634665
 1.1785115
1.175401092
1.172298431
1.169206381
1.166123986
1.163053513
1.159993529
1.156941056
1.153901815
1.150870204
1.147849202
1.144839644
1.141838908
1.138851881
1.135872722
1.132902145
1.129946113
1.126998544
1.124061227
1.121135473
1.118217111
1.115311027
1.112420321
1.109536767
1.10666275
1.103801131
1.100949407
1.098110795
1.095283747
1.092463017
1.089657307
1.086860418
1.08407867
1.081308842
1.07854557
1.075797558
1.073062181
1.070334673
1.067620993
1.064917922
1.062231421
1.059553027
1.05688715
1.054234147
1.051592946
1.048967838
1.046350241
1.043748379
1.041159272
1.038581252
1.036019087
1.033467889
1.030929804
1.028408051
1.025898337
1.023403168
1.020918131
1.018450618
1.015993953
1.013552547
1.011128664
1.008715153
1.006317139
1.003934383
1.001566529
0.9992115498
0.9968743324
0.994551301
0.9922425151
0.9899506569
0.9876716137
0.9854109883
0.9831656218
0.9809343219
0.9787173271
0.976519227
0.974336803
0.9721726775
0.9700230956
0.9678887725
0.9657734632
0.9636742473
0.9615910053
0.9595268369
0.9574759007
0.9554453492
0.9534327984
0.9514365792
0.94945544
0.9474949837
0.9455534816
0.9436248541
0.9417191148
0.9398319721
0.9379608631
0.9361091256
0.9342743158
0.9324601293
0.9306641817
0.928886354
0.9271298647
0.9253885746
0.9236706495
0.9219694734
0.92028898
0.9186287522
0.9169847369
0.9153636694
0.9137629867
0.9121820927
0.9106190801
0.9090793729
0.9075564146
0.906055212
0.90457654
0.9031182528
0.9016783237
0.9002601504
0.8988621831
0.8974896073
0.8961337805
0.8948001862
0.8934901953
0.892200768
0.8909324408
0.8896840811
0.8884586692
0.8872584105
0.8860750198
0.8849158287
0.8837820292
0.8826665282
0.8815749884
0.8805036545
0.8794565201
0.8784357905
0.8774321675
0.8764533997
0.8754980564
0.8745669127
0.8736552596
0.8727709055
0.8719076514
0.8710703254
0.8702542186
0.8694608212
0.8686929345
0.8679493666
0.8672290444
0.8665321469
0.865858674
0.8652101159
0.8645854592
0.8639860153
0.8634103537
0.8628609776
0.8623337746
0.8618323803
0.8613564372
0.8609012961
0.8604747653
0.8600734472
0.8596972823
0.8593425155
0.8590168357
0.8587171435
0.8584393263
0.8581883311
0.8579631448
0.8577640057
0.8575899601
0.8574436307
0.8573192954
0.8572229743
0.8571533561
0.8571075201
0.8570896387
0.8570972085
0.8571327925
0.8571933508
0.8572790623
0.857393086
0.8575329781
0.8576993942
0.8578907847
0.8581112027
0.8583583236
0.858630836
0.8589313626
0.8592590094
0.8596127033
0.8599939346
0.8604024053
0.8608384728
0.8613014817
0.8617914915
0.862308383
0.862855792
0.8634272814
0.8640262485
0.8646558523
0.8653098345
0.8659923673
0.8667032719
0.8674407601
0.8682080507
0.869002223
0.8698241711
0.8706748486
0.8715530634
0.8724595904
0.8733943701
0.8743571043
0.8753475547
0.8763671517
0.8774138093
0.8784891367
0.8795945048
0.8807271719
0.8818876743
0.8830770254
0.8842964172
0.8855440617
0.886818409
0.8881229758
0.8894557953
0.890817821
0.8922073245
0.8936260343
0.895074904
0.896550715
0.898058176
0.8995934129
0.901155889
0.9027486444
0.9043704867
0.9060215354
0.9077008367
0.9094110727
0.9111484289
0.9129157066
0.9147129059
0.916538775
0.9183942676
0.9202777743
0.9221920371
0.9241350889
0.9261074066
0.9281093478
0.9301409721
0.9322028756
0.9342921972
0.9364119768
0.9385603666
0.9407401681
0.9429476857
0.9451852441
0.9474525452
0.9497494698
0.9520756602
0.9544317722
0.9568164349
0.9592323899
0.9616781473
0.9641516209
0.9666560888
0.9691901803
0.9717534184
0.9743480682
0.9769713283
0.9796239734
0.9823055267
0.9850174785
0.9877601266
0.9905315638
0.9933342934
0.9961646199
0.9990258217
1.001916528
1.004838109
1.007787824
1.010768056
1.01377809
1.016816497
1.019887924
1.022987604
1.026115894
1.029276371
1.032464147
1.03568244
1.038930655
1.042211056
1.045517683
1.048855186
1.052223563
1.055621147
1.059048533
1.06250453
1.065991402
1.069508195
1.073054194
1.076630592
1.080236793
1.083873749
1.087537408
1.091234088
1.094957948
1.098711967
1.102496147
1.106310368
1.110154033
1.114027023
1.117930174
1.121861935
1.125825644
1.129817486
1.133838296
1.137888432
1.141970754
1.146081209
1.150220275
1.154389143
1.158589602
1.162816763
1.16707325
1.171362281
1.175677896
1.180025458
1.184399486
1.188803554
1.193239093
1.197701931
1.202196002
1.20671916
1.211269498
1.215849042
1.220460415
1.225098372
1.22976768
1.234464407
1.239191532
1.243947268
1.248732448
1.253546476
1.258389115
1.263260961
1.268161297
1.273091912
1.278051138
1.283038378
1.288055062
1.293100238
1.298174381
1.303277731
1.30840981
1.313569903
1.318758488
1.323976755
1.329222798
1.334497333
1.339802265
1.345134616
1.350494266
1.355884194
1.361300707
1.366748333
1.372221589
1.37772429
1.383254886
1.388815165
1.394402385
1.400016308
1.405660391
1.411333084
1.417032003
1.422760129
1.428515673
1.434300184
1.440111756
1.445952415
1.451818824
1.457713246
1.463637829
1.469587445
1.475565434
1.481570601
1.487603426
1.493664503
1.49975276
1.505870461
1.512013674
1.518182755
1.52438128
1.530606627
1.536858559
1.543138862
1.549445271
1.555779219
1.562140584
1.568526745
1.574940801
1.581382751
1.587850809
1.594347715
1.600868702
1.607417941
1.613992214
1.620594025
1.627223134
1.633879066
1.640560269
1.647266865
1.654002905
1.66076076
1.667547584
1.674362898
1.68120122
1.688065767
1.694955826
1.701874375
1.708816051
1.715786934
1.722778082
1.729798317
1.736845016
1.743917704
1.751013875
1.758137703
1.765284538
1.772458911
1.779655099
1.786882758
1.794131517
1.801405668
1.808705926
1.81603086
1.823381662
1.830757022
1.838155031
1.845579863
1.853029966
1.860501766
1.868001103
1.875524998
1.883073807
1.89064312
1.898244619
1.905861497
1.913510203
1.921176553
1.928871632
1.936589718
1.944332957
1.952098012
1.959885836
1.967699409
1.975536466
1.983399153
1.991283417
1.999190807
2.007124901
2.015076399
2.023054361
2.031057596
2.039083242
2.047130108
2.055202484
2.063295841
2.071414948
2.079555035
2.087718248
2.09590435
2.10411334
2.112344265
2.120598078
2.128871202
2.137172699
2.145494223
2.153838158
2.162203074
2.170589209
2.178999186
2.187429428
2.19588685
2.204361439
2.212857485
2.221376896
2.229916573
2.238479614
2.247064352
2.255667925
2.264294624
2.272942781
2.281612158
2.290302753
2.299014568
2.30774498
2.316497564
2.325275183
2.334068775
2.34288311
2.35172081
2.36057663
2.369455338
2.378350735
2.387269258
2.396207333
2.405163527
2.414143562
2.423141003
2.432159424
2.441196203
2.450255871
2.459332705
2.468430519
2.477547646
2.486682177
2.495838404
2.50501442
2.514207363
2.523420811
2.532654047
2.54190588
2.551175117
2.560463428
2.569772005
2.579098225
2.588443518
2.597806692
2.607187986
2.616588354
2.626007557
2.635448456
2.644901514
2.654375076
2.663862944
2.67337513
2.682899237
2.692444086
2.702006817
2.711585283
2.721185207
2.730797529
2.740427971
2.750077248
2.759744644
2.769426584
2.779124022
2.788845062
2.798578262
2.808328867
2.818094969
2.82787919
2.83767724
2.847495317
2.857328415
2.867177725
2.877041817
2.886923313
2.896821499
2.906732798
2.916661978
2.926605463
2.936567545
2.946542263
2.95653367
2.96653986
 2.9765625
2.986599207
2.996649504
3.006719351
3.016795635
3.026896477
3.037006855
3.047136784
3.057273865
3.067428827
3.077598333
3.087783575
3.097980738
3.108192921
3.118419409
3.128662586
3.138919592
3.149181843
3.159465075
3.169760704
3.180069923
3.190390587
3.200731277
3.211080074
3.221436501
 3.2318151
3.242203474
3.252600908
3.263020039
3.27344346
3.28388381
3.294332027
3.304801941
3.315275669
3.325764894
3.33627224
3.346786737
3.357304573
3.367848396
3.378393173
3.388955593
3.399529219
3.410111189
3.420712709
3.431314707
3.441939592
3.452561855
3.463205814
3.473854303
3.484517097
3.495193481
3.505878448
3.516570568
3.527276516
3.537992954
3.548717737
3.559458494
3.570204258
3.580964327
3.591730118
3.602507591
3.613292694
3.624090195
3.634898186
3.645709038
3.65653491
3.66737318
3.678218126
3.689073086
3.699934483
3.710808277
3.721691608
3.73257494
3.743473053
3.754376173
3.765294313
3.776221514
3.787155151
3.798092127
3.809040308
3.819999218
3.83095789
3.84193635
3.852921009
3.863906145
3.874903202
3.885902405
3.896912575
3.907934189
3.918962717
3.92999649
3.941031933
3.952082634
3.963128567
3.974194288
3.985267401
3.996338844
4.007417202
4.018505096
4.029600143
4.040702343
4.051811695
4.06291914
4.074037552
4.085155964
4.096282482
4.107426167
4.118564606
4.129712582
4.14086771
4.152022839
4.163184643
4.174354553
4.185528278
4.196701527
4.207883835
4.21907568
4.230270386
4.241464615
4.25266552
4.263868809
4.275078773
4.286295891
4.297511101
4.308735371
4.319965839
4.331193924
 4.3424263
4.35367012
4.364907742
4.376151562
4.387401104
4.39865303
4.409906864
4.421170235
4.43242836
4.443687439
4.454959869
4.466225624
4.477499485
4.488772869
4.500054836
4.511329174
4.522615433
 4.5338974
4.545182705
4.556469917
4.567762375
4.579055786
4.590355396
4.601646423
4.612943172
4.624234676
4.63554287
4.646842957
4.658144951
4.669446468
4.680754662
4.692058563
4.703362465
4.714669704
4.725976944
4.737288952
4.748597622
4.759904385
4.771216869
4.782524109
4.793835163
4.805142879
4.816456795
4.827764988
4.83906889
4.850380421
4.861690044
4.872995377
4.88430357
4.89561367
4.906924725
4.918220997
4.929526329
 4.9408288
4.952132702
4.963430882
4.974731445
4.986026287
4.997318268
 5.0086236
5.019912243
5.031201363
5.042488575
5.053780556
5.065063953
5.076345921
5.087628365
5.098906517
5.110176563
5.121453762
5.132727623
5.143993855
5.155259132
5.16652441
5.177784443
5.189041138
5.20029068
5.211536407
5.222787857
5.234036922
5.245274544
5.256510735
5.267736912
5.27896595
5.290197849
5.301413059
5.312632561
5.323843002
5.335058212
5.346256733
5.357462406
5.368653774
5.379837513
5.391035557
5.402219296
5.413385868
5.424561501
5.43572998
5.446890831
5.458049297
5.469204903
5.480347157
5.491489887
5.502626896
5.513753891
5.524875164
5.53599453
5.547106743
5.558214664
5.569315434
5.580413818
5.591496468
5.602583885
5.613658905
5.624723434
5.635790825
5.646846771
5.657894611
5.66893816
5.679980755
5.691004276
5.702028275
5.713043213
5.724048615
5.735053539
5.746043682
5.757026672
5.768006802
5.778972626
5.789943695
5.800902843
5.811838627
5.822782516
5.833715916
5.844633102
5.855555058
5.866458416
5.877361298
5.888250351
5.899126053
5.910001278
5.920865536
5.931725025
5.942564964
5.953405857
5.964235306
5.975051403
5.985868454
5.996663094
6.007452488
6.018238544
6.029007435
6.039772034
6.050528526
6.061275959
6.072011948
6.082730293
6.093438625
6.104153156
6.114845276
6.12553072
6.136199474
6.14686203
6.157520294
6.168160915
6.178791046
6.18941164
6.200026989
6.210628033
6.221216679
6.231786251
6.242352009
6.252905846
6.263449192
6.273987293
6.284502029
6.29501915
6.305517673
6.316007137
6.326473236
6.336941242
6.347391129
6.357832432
6.368253231
6.378678799
6.389085293
6.399459839
6.409852028
6.420220852
6.430578232
6.440908909
6.451235294
6.461557388
6.471862793
6.48214817
6.492431641
6.502700806
6.512952805
6.523181915
6.533409595
6.543616295
6.553822517
6.564005852
6.574178219
6.58434248
6.594483852
6.604617119
6.614733219
6.624835968
6.634928226
6.645013809
6.655067444
6.665118217
6.675151825
6.685177803
6.695175171
6.705160618
6.715144157
6.725108147
6.735049725
6.74498415
6.754897594
6.764812469
6.774690151
6.784562111
6.794417858
6.804260254
6.814089298
6.82390213
6.83370924
6.843492508
6.853261471
6.863007545
6.872737408
6.882444859
6.892158985
6.901848316
6.911531925
6.921186447
6.930830002
6.940451622
6.950064659
6.959658146
6.969231129
6.978785992
6.988324165
6.997856617
7.007375717
7.016860485
7.026337147
7.03579855
7.045248032
7.054676533
7.064082623
7.073479652
7.082864761
7.092214108
7.101554394
7.110885143
7.120202065
7.129486561
7.138754368
7.148012161
7.157247066
7.16647768
7.175672531
7.184864044
7.194036484
7.203177929
7.212303638
7.221419811
7.23051548
7.239594936
7.248664856
7.257700443
7.266725063
7.275726318
7.284725189
7.293689728
7.302636147
7.311569214
7.320489883
7.32937479
7.338253021
7.347113132
7.355945587
7.364769936
7.373562336
7.38235569
7.391120434
7.39986515
7.408592701
7.417302132
7.42596674
7.434639931
7.443293571
7.45192194
7.460520267
7.469115257
7.477679253
7.486238003
7.494767189
7.503283978
7.511775494
7.520243645
7.528697491
7.537127972
7.545543194
7.553918362
7.562303543
7.57065773
7.578979015
7.587288857
7.595575333
7.603856087
7.612102985
7.620337963
7.628546238
7.636725903
7.64488554
7.653033257
7.661162376
7.669287682
7.677351475
7.685409069
7.693450928
7.701480389
7.709472179
7.717453003
7.72541523
7.733357906
7.74126482
7.749170303
7.75703764
7.764883041
7.772725105
7.780534744
7.788312435
7.796072006
7.803834438
7.81154108
7.819243908
7.826934338
7.834591866
7.842225552
7.849840641
7.857434273
7.865004063
7.872553825
7.880075455
7.887580395
7.895064831
7.902513504
7.909958363
7.917372227
7.924772739
7.932137489
7.939489841
7.946802139
7.954114914
7.961395741
7.968659878
7.975888729
7.983106136
7.990306854
7.997458458
8.004602432
8.01172924
8.018827438
8.02589798
8.032967567
8.039980888
8.047007561
8.053981781
8.06094265
8.067877769
8.074803352
8.08170414
8.088564873
8.095409393
8.102238655
8.109028816
8.11580658
8.122555733
8.12929821
8.135993958
8.142674446
8.14934063
8.155960083
8.162590981
8.169158936
8.175718307
8.182278633
8.188790321
8.195284843
8.201753616
8.208205223
8.214621544
8.221007347
8.227376938
8.233728409
8.240062714
8.246360779
8.252631187
8.258888245
8.265116692
8.271319389
8.27750206
8.283659935
8.289804459
8.295897484
8.301979065
8.308051109
8.31408596
8.320094109
8.326078415
8.332035065
8.337964058
8.343891144
8.349773407
8.355630875
8.361474037
8.367284775
8.373076439
8.378842354
8.38458252
8.390299797
8.395987511
8.40166378
8.407297134
8.412917137
8.418511391
8.424060822
8.429608345
8.435132027
8.440621376
8.446086884
8.451536179
8.456942558
8.462340355
8.467692375
8.473031044
8.478351593
8.483650208
8.48891449
8.494141579
8.499361038
8.50455761
8.509711266
8.514865875
8.519975662
8.525046349
8.530115128
8.535161972
8.540171623
8.545147896
8.550109863
8.555058479
8.559957504
8.564846992
8.569705963
8.574518204
8.57933712
8.584130287
 8.5888834
8.593614578
8.598311424
8.60299778
8.607645988
8.612285614
8.616888046
8.621459007
8.62600708
8.630533218
8.635034561
8.63950634
8.643951416
8.648370743
8.652770996
8.65713501
8.661493301
8.665808678
8.670088768
8.674359322
8.678609848
8.682821274
8.686995506
8.691159248
8.695308685
8.699419975
8.703507423
8.707553864
8.711593628
8.71558857
8.719574928
8.723529816
8.727458954
8.731360435
8.735230446
8.739094734
8.742916107
8.746703148
8.750476837
8.75422287
8.757945061
8.761631966
8.765295029
8.76895237
8.77256012
8.776133537
8.779701233
8.783240318
8.786745071
8.790236473
8.793693542
8.797119141
8.800526619
8.803905487
8.807256699
 8.8105793
8.81387043
8.817131996
8.820396423
8.823599815
8.826804161
8.829963684
8.833120346
8.836232185
8.839310646
8.84237957
8.845410347
8.848420143
 8.8513937
8.854352951
8.857291222
8.86019516
8.863070488
8.865926743
8.868751526
8.871538162
8.87432003
8.87706089
8.879760742
8.882472992
8.885134697
8.887768745
8.89038372
 8.8929739
8.89552784
8.898059845
8.900568008
8.903047562
8.905493736
8.90792942
8.910340309
8.912695885
8.915050507
8.917387962
8.919687271
8.921937943
8.924193382
8.926391602
8.928590775
8.930757523
8.932894707
8.93499279
8.937082291
8.939148903
8.941177368
8.943181038
8.945168495
 8.9471035
8.949037552
8.950933456
8.952829361
8.95465374
8.956474304
8.958271027
8.960050583
8.961788177
8.963499069
8.96518898
8.966856003
8.968483925
8.97010994
8.971681595
8.973248482
8.974783897
8.976291656
8.977763176
8.979214668
8.980629921
8.982032776
8.983417511
8.984745026
8.986078262
8.987350464
8.988635063
8.989879608
8.991091728
8.992302895
8.993457794
8.994597435
8.99569416
8.99678421
8.997843742
8.998874664
8.999881744
9.000870705
9.001832962
9.00274086
9.003641129
9.00452137
9.005400658
9.006214142
9.007003784
9.007790565
9.008540154
9.009254456
9.00994873
9.010613441
9.011253357
9.011862755
9.012468338
9.013031006
9.013562202
9.014084816
9.014572144
9.015015602
9.01546669
9.015875816
9.016264915
9.01662159
9.016949654
9.017261505
9.017539024
9.01779747
9.018023491
9.018237114
9.018404961
9.018568993
9.018697739
9.018791199
9.018878937
9.018913269
9.018945694
9.018957138
9.018922806
9.018871307
9.018797874
9.018690109
9.018565178
9.018403053
9.018235207
9.018032074
9.017792702
9.017537117
9.017266273
9.016958237
9.016622543
9.01627636
9.015884399
9.015479088
9.015051842
9.014595032
9.014105797
9.013614655
9.013083458
9.01252079
9.011942863
9.011335373
9.010687828
9.010035515
9.009358406
9.008654594
9.007915497
9.007158279
9.006383896
9.005577087
9.004750252
9.003894806
9.003005981
9.002109528
9.001173973
9.000217438
8.999236107
8.998232841
8.997199059
8.996152878
8.995066643
8.993972778
8.992829323
8.991676331
8.990506172
8.98929882
8.988077164
8.986818314
8.985544205
8.984241486
8.982932091
8.981577873
8.980214119
8.978816986
8.977394104
8.975943565
8.974481583
8.972998619
8.971471786
8.969938278
8.968358994
8.966773987
8.965148926
8.963531494
8.961853027
8.960177422
8.958475113
8.956754684
8.954978943
8.953210831
8.95139122
8.949570656
8.947720528
8.945843697
8.943951607
8.942018509
8.940078735
8.938100815
8.936112404
8.934096336
8.932057381
8.929990768
8.927912712
8.925787926
8.923654556
8.921509743
8.919326782
8.917119026
8.914894104
8.912637711
8.910357475
8.908074379
8.905744553
8.903388977
8.901039124
8.898654938
8.896247864
8.893801689
8.891366005
8.888875961
8.886387825
8.883845329
8.881291389
8.878715515
8.87612915
8.873522758
8.870875359
8.868221283
8.865555763
8.862835884
8.860104561
8.857357025
8.854576111
8.851775169
8.848960876
8.84610939
8.843247414
8.840378761
8.837460518
8.834525108
8.831577301
8.828601837
8.825612068
8.822585106
8.819562912
8.816509247
8.813400269
8.810292244
8.807177544
8.804016113
8.800845146
8.797655106
8.794449806
8.791207314
8.78794384
8.784687996
8.781378746
8.778046608
8.774719238
8.771366119
8.767961502
8.764544487
8.76112175
8.757671356
8.754210472
8.750709534
8.747197151
8.743659019
8.740106583
8.736544609
8.73293972
8.729301453
8.725668907
8.722017288
8.718336105
8.714647293
8.71091938
8.707166672
8.703409195
8.699611664
8.695809364
8.691988945
8.688139915
8.68426609
8.680387497
8.676477432
8.672558784
8.668604851
8.664637566
8.660652161
8.656630516
8.652606964
8.648556709
8.644492149
8.640387535
8.636301041
8.632166862
8.628009796
8.623843193
8.61965847
8.615454674
8.611213684
8.606967926
 8.6027174
8.598424911
8.594115257
8.589784622
8.585438728
8.581091881
8.576705933
8.572285652
8.567873955
8.563435555
8.558964729
8.554481506
8.549987793
8.545475006
8.540940285
8.53638649
8.531803131
8.527227402
8.522596359
8.517974854
8.513327599
8.508658409
8.503966331
8.499258995
8.494544983
8.489811897
8.485037804
8.480261803
8.475474358
8.470639229
8.465813637
8.460949898
8.456101418
8.451187134
8.446297646
8.441361427
8.436420441
8.431456566
8.426476479
8.421478271
8.416461945
8.411439896
8.406386375
8.401299477
8.396215439
8.391114235
8.385998726
8.380854607
8.375722885
8.370528221
8.365338326
8.360118866
8.354892731
8.349658966
8.344407082
8.339129448
8.333834648
8.328536987
8.32318306
8.31784153
8.312484741
8.307090759
8.301720619
8.29630661
8.290881157
8.285422325
8.27995491
8.274478912
8.268998146
8.263464928
8.257945061
8.252402306
8.246843338
8.241254807
8.235668182
8.23005867
8.224431992
8.218806267
8.213135719
8.207456589
8.201780319
8.196072578
8.190349579
8.184597015
8.178863525
8.173084259
8.167300224
8.161497116
8.155685425
8.14984417
8.143985748
8.138134956
8.132259369
8.126354218
8.120449066
8.114533424
8.108595848
8.102632523
8.096661568
8.090683937
8.084682465
8.07865715
8.072628975
8.066595078
8.060537338
8.054463387
8.048372269
8.042271614
8.036144257
8.030014038
8.02385807
8.017705917
8.01153183
8.005338669
7.999132633
7.992932796
7.986703873
7.980443001
7.974193573
7.967904091
7.961636543
7.955317497
7.948996544
7.942667007
7.936321259
7.929960728
7.923593521
7.917196751
7.910801888
7.904386997
7.897967815
7.891531467
7.885073662
7.878600597
7.872123241
7.865650654
7.859127045
7.85259819
7.846075058
7.839524269
7.832979679
7.826406479
7.819817066
7.813213825
7.806615353
7.799993515
7.793355465
7.786705494
7.780040741
7.77336359
7.766680717
7.759974003
7.753267765
7.746536732
7.739805698
7.73306179
7.726302624
7.719516277
7.712742805
7.705937386
7.699135303
7.692306042
7.685459137
7.678631783
7.671771049
7.66490984
7.658022881
7.651138306
7.644225597
7.637301922
7.630373478
7.623438835
7.616491318
7.609540462
7.602558136
7.595565319
7.588593483
7.581578255
7.574549675
7.567525864
7.560475349
7.553425312
7.546362877
7.539289951
7.532217026
7.525113106
7.518013477
7.510885239
7.503768921
7.496645927
7.489480495
7.482311249
7.475142956
7.467979908
7.460781097
7.453576088
7.446376324
7.439157009
7.431923389
7.424681187
7.417422295
7.410174847
7.402893066
7.395599842
7.38834095
7.381020069
7.373725891
7.366390228
7.359070301
7.351715088
7.344373226
7.337022781
7.329649925
7.322289944
7.314889431
7.307490349
7.300086021
7.292669773
7.285236835
7.277817726
7.270365238
7.262908459
7.255463123
7.247992992
7.240512848
7.233028412
7.225520134
7.218022823
7.210513115
7.203002453
7.195462227
7.187911034
7.180355549
7.172807217
7.165244102
7.157662868
7.150093079
7.142494678
7.134900093
7.127287388
7.11967802
7.112054348
7.104413033
7.096777916
7.08913517
7.081477642
7.073818684
7.066139698
7.058460236
7.050778389
7.043092251
7.035385132
7.027683258
7.019958019
7.012238503
7.004494667
6.996756554
6.989008427
6.981247425
6.973492622
6.965731144
6.957960606
6.950160503
6.942376137
6.934576988
6.926784515
6.918967247
6.911143303
6.903317451
6.895490646
6.887653828
6.879811764
6.871945381
6.864095211
6.856230736
6.848350048
6.840479851
6.832583904
6.824697018
6.816801071
6.808904648
6.80099678
6.793067455
6.785135746
6.777222157
6.769293785
6.761345863
6.753398418
6.745434761
6.73749876
6.729531288
6.721545219
6.713581562
6.705581665
6.697599411
6.689610481
6.681619167
6.673613548
6.665595531
6.657577038
6.64956665
6.641529083
6.633500576
6.625451565
6.617420197
6.609372616
6.601313591
6.593260765
6.58519268
6.577125549
6.569051743
6.560992718
6.552890778
6.544803143
6.536706924
6.52862072
6.520516872
6.512402058
6.504280567
6.496172905
6.488060474
6.479928493
6.471806526
6.463673592
6.455528259
6.447397232
6.439229488
6.431083202
6.422924519
6.414773464
6.406599045
6.39842701
6.390259743
6.382086277
6.373905182
6.365707397
6.35751915
6.349332809
6.341136932
6.332913876
6.324721336
6.316514969
6.308294773
6.300076962
6.291861534
6.283641815
6.275405407
6.267185211
6.258946896
6.250702858
6.242465973
6.234220505
6.225965977
6.217719555
6.209468365
6.201202869
6.192944527
6.184679508
6.176412582
6.16814518
6.159871578
6.151589394
6.14332056
6.135033607
6.126742363
6.11845541
6.110162735
6.101873398
6.093572617
6.085277081
6.076981068
6.068670273
6.060371399
6.052047729
6.04374218
6.03541708
6.027107716
6.018792152
6.010464191
6.002141953
5.993817806
5.985479832
 5.9771595
5.968820572
5.960479259
5.952141285
5.943802834
5.935462952
5.927123547
5.918773174
5.910425186
5.902082443
5.893723488
5.885370731
5.877010345
5.868662834
5.860289574
5.851938248
5.843571663
5.835209846
5.826841354
5.818472862
5.810110092
5.801733017
5.793362141
5.784985542
5.776607513
5.768229485
5.759860992
5.751486301
5.743102551
5.734714508
5.726333618
5.717945099
5.709561825
5.701165199
5.692783356
5.684398174
5.676008224
5.667620182
5.659225464
5.650832653
5.64244175
5.634054661
5.625650883
5.617252827
5.608852863
5.600447655
5.592054844
5.583655357
5.575262547
5.566846371
5.558441162
5.550038815
5.541633606
5.533233643
5.524829865
5.516426086
5.508012295
5.499610901
5.491202831
5.482801914
5.474389076
5.465977669
5.457568169
5.449155807
5.440752506
5.432346821
5.423930168
5.415513515
5.407104015
5.398700237
5.390286922
5.381872177
5.373460293
5.365061283
5.356641293
5.348231316
5.339821815
5.331408978
5.322999954
5.314591408
5.306180954
5.297763824
5.289352417
5.280955315
5.272535324
5.264130592
5.255708694
5.247299671
5.23889637
5.230484486
5.222082138
5.213672161
5.205258846
5.196853161
5.188448906
5.180035591
5.171634674
5.163222313
5.154822826
5.14641571
5.138019562
5.129620075
5.121211052
5.112806797
5.104404926
5.096007347
5.087610722
5.07920742
5.070803165
5.06240797
5.054013252
5.045617104
5.037219524
5.02882719
5.02043581
5.012033939
5.003649235
4.995257378
4.986873627
4.978487015
4.970089912
4.961704254
4.953321934
4.944935322
4.936553478
4.928161621
4.919777393
4.911398888
4.903028965
4.894638062
4.88627243
4.877891064
4.869510651
4.861135006
4.852767467
4.84439373
4.836023331
4.827653885
4.819284439
4.810922146
4.802562237
4.794195175
4.785826683
4.77746439
4.769114494
4.760757923
4.752395153
4.744030476
4.735688686
4.727336884
4.71899128
4.710633755
4.702283382
4.693939209
4.685595036
4.677249908
4.668918133
4.660570145
4.652228355
4.643897057
4.635561466
4.627229214
4.618898869
4.610569954
4.602241993
4.593917847
4.585594654
4.577267647
4.56894207
4.560630798
4.552308083
4.544003963
4.53567791
4.527368069
4.51905632
4.510752201
4.502452374
4.494144917
4.48584795
4.477544308
4.469245911
4.460954666
4.452660561
4.444374084
4.436073303
4.427792549
4.419509888
4.411227226
4.402944088
4.394664288
4.386388302
4.37811327
4.369842052
4.361577988
4.353310108
4.345038414
4.33677578
4.328512669
4.320260048
4.311996937
4.303757668
4.295488834
4.287245274
4.279007912
4.270771027
4.262517929
4.254282951
4.246040821
4.237810135
4.229583263
4.221354485
4.213127613
4.204910278
4.196679592
4.188465595
4.180250645
4.172035694
4.163826942
4.155628681
4.147417545
4.139225006
4.13101387
4.122824192
4.114631653
4.10643959
4.09825325
4.09005928
4.081878662
4.073705196
4.065529823
4.057356834
 4.0491786
4.04102087
4.032858849
4.024693012
4.016538143
4.008377075
4.000230789
3.992080212
3.983935833
3.975795507
3.967658281
3.959525108
3.951387405
3.943259716
3.935139418
3.927017927
3.918896675
3.910782099
3.902667046
3.89456296
3.886467695
3.878362656
3.870259285
3.862170696
3.854087353
3.845990181
3.837914705
3.829840422
3.821760416
3.813696623
3.805628538
3.797565222
3.78950429
3.781456709
3.773405313
3.765353441
3.757318974
3.749281883
3.74124527
3.733213425
3.725191355
3.717176199
3.709153891
3.701150417
3.693141699
3.685135365
3.677141666
3.669144869
3.661159039
3.653176785
3.645205498
3.637223005
3.629246235
3.621284485
3.613323212
3.605373144
3.597419262
3.589480877
3.581552267
3.573613167
3.565680742
3.557759762
3.549847841
3.541931391
3.534028769
3.526126146
3.518230915
3.510336161
3.502455711
3.494573832
3.486707449
3.478838444
3.470985174
3.463128567
3.455282688
3.447441578
3.439603806
3.431779385
3.423955917
3.416141033
3.408327818
3.400526762
3.392734289
3.384938002
3.377156019
3.369378567
3.361609459
3.35385108
3.346095562
3.338347912
3.330610991
3.322876692
3.315155745
3.307434082
3.299719095
3.292017698
3.284325361
3.276643515
3.268959522
3.261287212
3.253624201
3.24597311
3.238321781
3.230682373
3.223057747
3.215433121
3.207822561
3.20021081
3.192619801
3.185034513
3.177459717
3.169882774
3.162330151
3.15477562
3.147238016
3.139704943
3.13217926
3.124668598
3.117159843
3.109668732
3.102185011
3.09470582
3.087240458
3.079788685
3.072343588
3.06491065
3.057485819
3.050069571
3.042668581
3.03527379
3.027896643
3.020523071
3.013160229
3.005810738
2.998472691
2.991148233
2.983829021
2.976527691
2.969228745
2.961951256
2.954679251
2.947416544
2.940171957
2.932936668
2.925713778
2.918500423
2.911306143
2.904113054
2.896941185
2.889778376
2.882626772
2.875487089
2.868359566
2.861248732
2.854151249
2.847064018
2.839987516
2.832926989
2.825880051
2.818845272
2.811822653
2.804814577
2.797817469
2.790834427
2.783866167
2.776912212
2.769973278
2.763045073
2.756125927
2.74922967
2.742340088
2.73546648
2.728605747
2.721759319
2.714929104
2.708112717
2.70131278
2.694522381
2.687744617
2.680985451
2.674243927
2.66751194
2.660792351
2.654087782
2.647405624
2.640731335
2.634070873
2.627424002
2.620798111
2.614181519
2.607578516
2.600994825
2.594424248
2.58787322
2.581326962
2.574800253
2.568291903
2.561796904
2.555318594
2.548846483
2.542394638
2.53596139
2.529541254
2.523135662
2.516744375
2.510365963
2.504010201
2.49766326
2.491335392
2.485018492
2.478718758
2.472438574
2.466170788
2.459918022
 2.4536798
2.447459221
2.441254139
2.435060024
2.428887129
2.422731161
2.416583776
2.41045475
2.404342175
2.398253918
2.392166376
2.386104107
2.380053759
2.374022961
2.368004799
2.362006426
2.356021881
2.350052357
2.344105482
2.338163853
2.332244635
2.326343775
2.320458174
2.314592361
2.308732748
2.302901983
2.297078371
2.29127574
2.285488605
2.279719353
2.273968697
2.268232584
2.262517452
2.256814957
2.251128912
2.245461702
2.23981452
2.234184742
 2.2285676
2.222971916
2.217395782
2.211829901
2.206290483
2.20075798
2.195247173
2.189763784
2.184290409
2.178835869
2.17339325
2.167978287
2.162575483
2.157195568
2.151826382
2.146478176
2.141149521
2.135837078
2.130542755
2.125271559
2.120012522
2.114771843
2.109550953
2.104348421
2.099164486
2.093994141
2.088845015
2.083717108
2.078601599
2.073506832
2.068428993
2.063365936
2.058331251
2.053300858
2.048293829
2.043306112
2.038333654
2.033379078
2.028440714
2.023517847
2.018613815
2.013731956
2.008861542
2.004006863
1.999168873
1.99434936
1.989546299
1.984762311
1.979989648
1.975235105
1.970496058
1.965770841
1.96106267
1.956372499
1.95169723
1.947029233
1.942381859
1.937750936
1.933132052
1.928526402
1.923940659
1.919365525
1.914799929
1.910255551
1.905720353
1.90119648
 1.8966887
1.892195344
1.88771081
1.883238912
1.878783703
1.874338388
1.869904041
1.865479946
1.86107111
1.856675386
1.85228169
1.847905159
1.843540907
1.839185119
1.834838748
1.830505013
1.826176167
1.821861625
1.817559958
1.813265324
1.808976293
1.804700255
1.80042994
1.796172619
1.791922808
1.787677407
1.783442497
1.779216409
1.774999022
1.770788908
1.766587853
1.762395501
1.75820744
1.754023075
1.749854445
1.745690346
1.741526723
1.737381101
1.733233809
1.729092836
1.724959612
1.720832348
1.716717005
1.712601662
1.708492994
1.704394102
1.700296998
1.696208477
1.692123175
1.688046575
1.683972955
1.679904461
1.675843239
1.671789408
1.667738795
1.663691044
1.659649849
1.655617833
1.651584387
1.647560596
1.643540502
1.639524579
1.635512948
1.631509066
1.627509117
1.623513937
1.619525433
1.615539908
1.61155951
1.607583165
1.603613257
1.599645495
1.595688343
1.59173131
1.587780833
1.583831906
1.579890132
1.575957656
1.572023273
1.568097472
1.564173222
1.560257316
1.556344986
1.552436948
1.548535824
1.544639587
1.540745378
1.536858201
1.532978058
1.529101849
1.525229096
1.521361589
1.517500758
1.513646722
1.509793997
1.505947828
1.502110124
1.498272896
1.494445682
1.490620852
1.486802578
1.482988715
1.479181647
1.475378633
1.471578598
1.467789888
1.464004517
1.460225224
1.456449986
1.452681065
1.44891727
1.44516027
1.441408992
1.437661529
1.433920145
1.43018508
1.42645812
1.422735333
1.419018626
1.415308118
1.41160202
1.40790534
1.404213071
1.400530219
1.396855474
1.393186331
1.389520526
1.385865808
1.382217526
1.378574371
1.374941826
1.371313095
1.367693543
1.364081979
1.360476255
1.356880665
1.353289604
1.349709034
1.34613502
1.34256947
1.339012027
1.335458517
1.331917048
1.328383565
1.324859619
1.321341395
1.317830563
1.314331055
1.310837388
1.307351112
 1.3038764
1.300408959
1.296950221
1.29349649
1.290057659
1.286624551
1.28319943
1.279784083
1.276375771
1.272980094
1.269589782
1.266209483
1.262838244
1.259477973
1.256124854
1.252783298
1.24944818
1.246123075
