1023
0
1022
25.14767075
25.1436615
25.13065147
25.10896683
25.0789299
25.04085159
24.9950428
24.94179916
24.88141441
24.81417274
24.74034691
24.66020966
24.57401848
24.48202896
24.38448334
24.28161812
24.17366791
24.06084824
23.94337845
23.82146454
23.69530487
23.56509399
23.43101501
23.29324913
23.15196609
23.00732994
22.85950279
22.70863152
22.55486488
22.39834213
22.23919678
22.0775547
21.91353798
21.74726295
21.57883835
21.40837288
21.23596573
21.06171036
20.88569641
20.70800972
20.52873039
20.34793663
20.16569519
19.98207664
19.79714203
19.61095238
19.42355919
19.23501396
19.04536629
18.85465622
18.66292381
18.47020721
18.27653503
18.0819397
17.88644791
17.69007874
17.49285316
17.29478645
17.09589386
16.89618492
16.69566536
16.4943409
16.29221153
16.08927727
15.88553047
15.68096733
15.47557545
15.26934338
 15.062253
14.85428715
14.64542389
14.43563843
14.22490311
14.01318836
13.80045986
13.58668137
13.37181377
13.15581226
12.93863392
12.72022629
12.50053787
12.27951241
12.05708981
11.83320427
11.60778999
11.38077354
11.15207958
10.92162704
10.6893301
10.45509815
10.21883678
9.980443954
9.739813805
9.496834755
9.251386642
9.003346443
8.752580643
8.498950958
8.24230957
7.982503891
7.719368935
7.45273304
7.182414532
6.908222675
6.629955292
6.347399712
6.060331345
5.768514156
5.471699238
5.169624329
4.862012863
4.548575401
4.229005337
3.902982235
3.570169449
3.230213642
2.882745504
2.527378798
2.163710117
1.791320443
1.409774423
1.018621683
0.617397964
0.2056265622
-0.217179209
-0.6515135169
-1.097874522
-1.556760073
-2.02866292
-2.514064789
-3.013428688
-3.527192116
-4.055757999
-4.59948349
-5.158670902
-5.733556271
-6.324295998
-6.930957317
-7.553504944
-8.191791534
-8.84554863
-9.51437664
-10.19774437
-10.89498234
-11.60528851
-12.32772636
-13.06123924
-13.80465984
-14.55672359
-15.31608486
-16.08133888
-16.85103989
-17.62371826
-18.39791107
-19.17216873
-19.94507408
-20.71526527
-21.48144341
-22.24238014
-22.99693108
-23.74403954
-24.48273468
-25.21214104
-25.93147469
-26.64003372
-27.33721352
-28.02248383
-28.69539642
-29.35557175
-30.00270653
-30.6365509
-31.25692177
-31.8636837
-32.45674896
-33.03607178
-33.60165405
-34.15352249
-34.69173431
-35.21638489
-35.72758102
-36.22545624
-36.71016312
-37.18186569
-37.64074707
-38.08699417
-38.52081299
-38.9424057
-39.35199738
-39.74979782
-40.13603592
-40.51094055
-40.87473297
-41.22764969
-41.56991959
-41.90177155
-42.22343063
-42.53512955
-42.83709335
-43.12953949
-43.41269684
-43.68677902
-43.95199966
-44.20857239
-44.456707
-44.6966095
-44.92847443
-45.15250397
-45.36888885
-45.57782364
-45.77949142
-45.9740715
-46.16174698
-46.34268951
-46.51706696
-46.68505096
-46.84680176
-47.00247574
-47.15222931
-47.29621124
-47.43457413
-47.56746292
-47.69501114
-47.81735992
-47.93464279
-48.04698944
-48.15452957
-48.25738144
-48.35566711
-48.44950867
-48.53901291
-48.6242981
-48.70546722
-48.78263092
-48.85589218
-48.92534637
-48.99109268
-49.05323029
-49.11185074
-49.16703796
-49.21888733
-49.26747894
-49.31290054
-49.35523224
-49.39454651
-49.43093109
-49.46445084
-49.49518585
-49.5232048
-49.54857254
-49.57136536
-49.59164047
-49.60946274
-49.624897
-49.63800049
-49.64883804
-49.65746307
-49.66392899
-49.668293
-49.67060852
-49.67092514
-49.66929245
-49.66576385
-49.66038513
-49.65319824
-49.64425659
-49.63359451
-49.6212616
-49.6072998
-49.59174728
-49.574646
-49.55603027
-49.53594208
-49.51441574
-49.49148941
-49.4671936
-49.44157028
-49.41464233
-49.38645172
-49.35702133
-49.32638931
-49.29458237
-49.2616272
-49.22755814
-49.19239426
-49.15617371
-49.11891174
-49.0806427
-49.04138947
-49.00117493
-48.96002197
-48.91795349
   -48.875
-48.83117294
-48.78649902
-48.74100113
-48.69469833
-48.64760971
-48.59975815
-48.55115509
-48.50182724
-48.45178986
-48.40106201
-48.34965897
-48.29759979
-48.24489975
-48.1915741
-48.13764191
-48.08311844
-48.02801132
-47.97234726
-47.91613007
-47.85937881
-47.80210876
-47.74433136
-47.68605804
-47.62730026
-47.56807709
-47.50839996
-47.44827271
-47.38771439
-47.32673645
-47.26534653
-47.20355606
-47.1413765
-47.07881927
-47.01589584
-46.95261002
-46.88898087
-46.82500839
-46.76070786
-46.69608688
-46.63115692
-46.56592178
-46.50039291
-46.43457794
-46.3684845
-46.30212402
-46.23550034
-46.16862106
-46.10149765
-46.03413391
-45.96653748
-45.89871597
-45.83067703
-45.76242828
-45.69397354
-45.62531662
-45.55647278
-45.48744202
-45.41822815
-45.34884262
-45.27928925
-45.20957565
-45.13970184
-45.06967926
-44.9995079
-44.9291954
-44.85874939
-44.78817368
-44.71746826
-44.64664459
-44.57570648
-44.50465393
-44.43349457
-44.36223602
-44.29087448
-44.21942139
-44.14787674
-44.07624817
-44.00453568
-43.93274689
-43.86088562
-43.78895187
-43.71695328
-43.64488983
-43.57276535
-43.50058746
-43.42835999
-43.3560791
-43.28375244
-43.21138763
-43.13897705
-43.06653595
-42.9940567
-42.92155075
-42.84901428
-42.77645493
-42.70387268
-42.63127136
-42.55865479
-42.48602295
-42.41338348
-42.34073257
-42.26807404
-42.19541168
-42.12274933
-42.05008698
-41.97743225
-41.90477753
-41.83213425
-41.7594986
-41.68687439
-41.61426544
-41.54167175
-41.46909714
-41.3965416
-41.32400894
-41.25149918
-41.17901611
-41.10655975
-41.0341301
-40.96173477
-40.88937378
-40.8170433
-40.74475098
-40.6724968
-40.60028076
-40.52810287
-40.45597076
-40.38388062
-40.31183624
-40.23984146
-40.16789246
-40.09598923
-40.0241394
-39.95234299
-39.88059998
-39.80891037
-39.73727798
-39.66569901
-39.59418106
-39.52272415
-39.45132446
-39.37998581
-39.30871201
-39.23750305
-39.16635513
-39.09527588
-39.02426529
-38.95331955
-38.88244247
-38.81163788
-38.74090195
-38.67023849
-38.59964752
-38.52912903
-38.45868301
-38.38831711
-38.31802368
-38.24780655
-38.17766571
-38.10760498
-38.03762436
-37.96772385
-37.89789963
-37.82815933
-37.75849915
-37.68892288
-37.61943054
-37.55002213
-37.48069382
-37.41145325
-37.34230042
-37.27322769
-37.20424652
-37.13535309
-37.06654358
-36.99782562
-36.92919159
-36.86065292
-36.79219818
-36.72383881
-36.65556717
-36.58738708
-36.51929855
-36.45130157
-36.38339615
-36.31558609
-36.24786758
-36.18024445
-36.11271286
-36.04527664
-35.97793198
-35.91068649
-35.84353256
-35.77647781
-35.70951843
-35.64265442
-35.57588577
-35.50921249
-35.4426384
-35.37616348
-35.30978394
-35.24349976
-35.17731857
-35.11123276
-35.04524612
-34.97935486
-34.91356659
-34.84787369
-34.78228378
-34.71679306
-34.65139771
-34.58610535
-34.52091217
-34.45581818
-34.39082718
-34.32593155
-34.26114273
-34.19644928
-34.13185883
-34.06736755
-34.00297546
-33.93868637
-33.87450027
-33.81041336
-33.74642563
-33.68254089
-33.61875916
-33.5550766
-33.49149323
-33.42801666
-33.36463547
-33.30136108
-33.23818588
-33.17510986
-33.11213684
-33.04926682
-32.98649597
-32.92382812
-32.86126328
-32.79879761
-32.73643494
-32.67417145
-32.61201096
-32.54994965
-32.48799133
-32.4261322
-32.36437607
-32.30272293
-32.24116898
-32.1797142
-32.11836243
-32.05711365
-31.99596214
-31.93491173
-31.8739624
-31.81311417
-31.75236702
-31.69171906
-31.63117027
-31.57072258
-31.51037598
-31.45012856
-31.38998032
-31.32993126
-31.26998329
-31.2101326
-31.150383
-31.09073257
-31.03117943
-30.97172737
-30.91237259
-30.85311699
-30.79395866
-30.73489952
-30.67593765
-30.61707497
-30.55830956
-30.49964142
-30.44107056
-30.38259697
-30.32422066
-30.26593971
-30.20775795
-30.14967155
-30.09168053
-30.03378677
-29.97598839
-29.91828537
-29.86067772
-29.80316544
-29.74574852
-29.68842697
-29.63119888
-29.57406616
-29.5170269
-29.46008301
-29.40323067
-29.34647369
-29.28981018
-29.23323822
-29.17675972
-29.12037277
-29.06407928
-29.00787735
-28.95176888
-28.89575005
-28.83982277
-28.78398705
-28.72824097
-28.67258644
-28.61702347
-28.56154823
-28.50616455
-28.45086861
-28.39566231
-28.34054565
-28.28551674
-28.23057747
-28.17572594
-28.12096214
-28.06628609
-28.01169586
-27.95719337
-27.90277672
-27.8484478
-27.79420471
-27.74004745
-27.68597412
-27.63198662
-27.57808495
-27.5242672
-27.47053337
-27.41688347
-27.36331749
-27.30983353
-27.25643349
-27.20311737
-27.14988136
-27.09672737
-27.0436554
-26.99066544
-26.93775558
-26.88492775
-26.83217812
-26.77950859
-26.72691917
-26.67440987
-26.62197876
-26.56962395
-26.51734924
-26.46515274
-26.41303253
-26.36099052
-26.30902481
-26.25713539
-26.20532036
-26.15358353
-26.10191917
-26.05033112
-25.99881744
-25.94737625
-25.89601135
-25.84471703
-25.79349709
-25.74234962
-25.69127274
-25.64026833
-25.58933449
-25.53847313
-25.48768044
-25.43695831
-25.38630676
-25.33572197
-25.28520775
-25.23476028
-25.18438148
-25.13407135
-25.08382607
-25.03364754
-24.98353577
-24.93349075
-24.88350868
-24.83359146
-24.78373909
-24.73395157
-24.68422508
-24.63456345
-24.58496284
-24.53542328
-24.48594666
-24.43652916
-24.3871727
-24.33787727
-24.28864098
-24.2394619
-24.19034195
-24.14127922
-24.09227562
-24.04332733
-23.99443436
-23.9455986
-23.89681816
-23.84809113
-23.7994175
-23.75079918
-23.70223236
-23.65371895
-23.60525703
-23.55684471
-23.50848389
-23.46017456
-23.41191292
-23.36369896
-23.31553459
-23.26741791
-23.21934891
-23.17132378
-23.12334633
-23.07541275
-23.02752304
-22.9796772
-22.93187523
-22.88411522
-22.83639526
-22.78871918
-22.74108124
-22.69348145
-22.64592361
-22.59840202
-22.55091667
-22.50346947
-22.45605659
-22.40867996
-22.36133766
-22.31402779
-22.26675034
-22.21950531
-22.17229271
-22.12510872
-22.07795334
-22.03082848
-21.98372841
-21.93665695
-21.8896122
-21.84259033
-21.79559326
-21.74861908
-21.70166779
-21.65473747
-21.60782623
-21.56093597
-21.51406288
-21.46720695
-21.42036629
-21.37354279
-21.32673264
-21.27993393
-21.23314857
-21.18637466
-21.13960838
-21.09285164
-21.04610252
-20.99935913
-20.95262146
-20.9058876
-20.85915565
-20.81242561
-20.76569366
-20.71896172
-20.67222595
-20.62548828
-20.57874298
-20.53199196
-20.4852314
-20.43846321
-20.39168167
-20.34488869
-20.29808044
-20.25125694
-20.20441628
-20.15755463
-20.1106739
-20.0637722
-20.0168438
-19.96989059
-19.92291069
-19.87590027
-19.82885742
-19.78178215
-19.73467255
-19.6875248
-19.6403389
-19.59311104
-19.54584122
-19.49852371
-19.45116043
-19.40374756
-19.35628128
-19.3087616
-19.26118469
-19.21354866
-19.16584969
-19.11808968
-19.070261
-19.02236176
-18.97439194
-18.92634773
-18.87822533
-18.83002281
-18.78173828
-18.73336411
-18.68490219
-18.63634872
-18.58769798
-18.53894806
-18.49009705
-18.44113922
-18.39207077
-18.34289169
-18.29359436
-18.24417686
-18.19463348
-18.14496422
-18.09515953
-18.04522133
-17.99514008
-17.94491386
-17.89453888
-17.8440094
-17.7933197
-17.74246788
-17.6914444
-17.64024925
-17.58887482
-17.53731537
-17.48556519
-17.43362045
-17.38147354
-17.32911873
-17.2765522
-17.22376442
-17.17074966
-17.11750412
-17.06401825
-17.01028442
-16.95629692
-16.90205002
-16.84753227
-16.79273987
-16.73766136
-16.68228912
-16.62661743
-16.57063484
-16.51433182
-16.45770073
-16.40073204
-16.34341621
-16.28574181
-16.22769928
-16.16927719
-16.1104641
-16.05125046
-15.99162292
-15.93157005
-15.87107944
-15.8101368
-15.74873066
-15.68684673
-15.62447071
-15.56158733
-15.49818134
-15.43423939
-15.36974239
-15.3046751
-15.2390213
-15.17276096
-15.10587788
-15.03835201
-14.97016239
-14.90129089
-14.83171558
-14.76141453
-14.69036579
-14.61854458
-14.545928
-14.47249031
-14.39820671
-14.32304859
-14.2469883
-14.16999817
-14.09204674
-14.01310444
-13.93313694
-13.85211277
-13.76999474
-13.68674946
-13.60233688
-13.51671886
-13.42985535
-13.34170246
-13.25221825
-13.16135597
-13.06906891
-12.97530556
-12.88001633
-12.78314781
-12.68464184
-12.58444214
-12.48248768
-12.37871361
-12.27305603
-12.16544437
-12.05580807
-11.94407082
-11.83015442
-11.71397686
-11.59545326
-11.47449493
-11.35100651
-11.22489071
-11.09604549
-10.96436501
-10.82973671
-10.69204235
-10.55116081
-10.4069643
-10.25931644
-10.108078
-9.953102112
-9.794232368
-9.631309509
-9.464162827
-9.292615891
-9.116482735
-8.93556881
-8.749670982
-8.558574677
-8.362059593
-8.159890175
-7.951824665
-7.737607479
-7.516973019
-7.289645195
-7.055335522
-6.813743591
-6.564558029
-6.30745554
-6.042103291
-5.768155098
-5.485257149
-5.193045616
-4.891148567
-4.579187393
-4.256781101
-3.92354393
-3.579093218
-3.223049641
-2.855042934
-2.474715233
-2.081728458
-1.675768495
-1.256553888
-0.8238427043
-0.3774410486
0.08278754354
0.556912899
1.044928193
1.546740413
2.062160254
2.590893984
3.132535458
 3.6865592
4.252316952
4.829035282
5.415816307
6.011641502
6.615377903
7.22578907
7.841546535
8.461245537
9.083421707
9.706570625
10.32916546
10.94967842
11.56659794
12.17844868
12.78380394
13.38130379
13.96966267
14.54768276
15.11425877
15.66838074
16.20914268
16.73573685
17.2474575
17.7436924
18.22392845
18.68774033
19.13478661
19.56480789
19.97761726
20.37309647
20.75119209
21.11190414
21.45528793
21.78144455
22.09051514
22.38268089
22.65815353
22.91717339
23.16000938
23.38694954
23.59829903
23.79438019
23.97553062
24.14209557
24.29442978
24.43289566
24.55785751
24.66968727
24.76875687
24.85543442
24.93009567
24.99310684
25.04483604
25.08564758
25.11590195
25.135952
25.14614868
25.14683533
25.13835144