2646
0
132.25
0.2285879999
0.2311314642
0.2336647362
0.2361874282
0.2386991531
0.2411995381
0.2436882108
0.2461648583
0.248629123
0.2510806918
0.253519237
0.2559444606
0.2583561242
0.2607538998
0.2631375194
0.2655067444
0.2678613067
0.2702009976
0.2725255489
0.2748347819
0.277128458
0.2794063985
0.281668365
0.2839142382
0.2861437798
0.2883568406
0.2905532718
0.2927328646
0.2948955595
0.2970411181
0.299169451
0.3012804389
0.3033739328
0.3054498136
0.307507962
0.3095482886
0.311570704
0.3135750294
0.3155612648
0.3175292611
0.3194789588
0.3214102387
0.323323071
0.3252173662
0.3270930052
0.3289499879
0.3307882249
0.3326076269
0.334408164
0.3361898065
0.337952435
0.3396960199
0.3414205611
0.3431259692
0.3448122144
0.3464792371
0.3481270075
0.3497554958
0.351364702
0.3529545367
0.3545249701
0.3560760319
0.3576076627
0.3591198027
0.3606124818
0.3620856702
0.3635393083
0.3649734259
0.3663879931
0.3677829802
0.3691583872
0.370514214
0.371850431
0.373167038
0.3744640648
0.3757414222
0.3769991994
0.3782373369
0.3794558644
0.3806547523
0.38183406
0.3829937279
0.3841338158
0.3852542937
0.3863551915
0.3874365389
0.3884983063
0.3895405233
0.3905632198
0.3915664256
0.3925501406
0.393514365
0.394459188
0.3953845501
0.3962905407
0.3971771598
0.3980444372
0.3988924325
0.3997211456
0.4005306065
0.4013208747
0.40209198
0.402843982
0.4035768509
0.4042907059
0.4049855471
0.4056614339
0.4063183963
0.4069564939
0.4075757861
0.4081763029
0.4087581038
0.4093212187
0.409865737
0.4103917181
0.4108991623
0.4113881886
0.4118587971
0.4123111069
0.4127451181
0.4131609201
0.4135586023
0.4139381945
0.4142997563
0.4146433473
0.4149690568
0.4152769446
0.4155670702
0.4158394933
0.4160942733
0.4163315296
0.4165512621
0.4167535901
0.4169385731
0.4171062708
0.4172567427
0.4173900783
0.4175063372
0.4176055789
0.4176878929
0.4177533686
0.4178020358
0.4178339839
0.4178492725
0.417847991
0.4178301692
0.4177959561
0.4177453518
0.4176784456
0.4175952971
0.4174959958
0.4173806012
0.4172491729
0.4171018004
0.4169385433
0.4167594314
0.4165645838
0.4163540602
0.4161278605
0.4158861339
0.4156289101
0.4153562188
0.4150681794
0.4147648215
0.4144462049
0.4141123891
0.4137634337
0.4133994281
0.4130203724
0.4126263857
0.412217468
0.4117937088
0.4113551378
0.4109018445
0.4104338288
0.40995121
0.4094539583
0.4089421928
0.4084159434
0.4078752398
0.407320112
0.406750679
0.4061669111
0.4055688977
0.4049566686
0.4043302536
0.4036897421
0.4030351043
0.4023664594
0.4016837776
0.4009871483
0.4002766013
0.3995521665
0.3988139033
0.3980618417
0.3972960114
0.3965164721
0.3957232237
0.3949163556
0.3940958679
0.3932618499
0.3924143016
0.3915532529
0.3906787634
0.3897908926
0.3888896704
0.3879751563
0.3870473504
0.3861063421
0.3851521313
0.3841848373
0.3832044303
0.3822110295
0.3812046349
0.3801853359
0.3791531622
0.3781082034
0.3770504594
0.3759800494
0.3748970032
0.3738014102
0.3726933002
0.3715727627
0.370439887
0.369294703
0.3681373298
0.3669677973
0.3657862246
0.3645926714
0.3633872271
0.362169981
0.3609410226
0.3597004116
0.358448267
0.3571847081
0.3559097946
0.3546236455
0.3533263505
0.3520180285
0.3506987691
0.3493686914
0.348027885
0.3466765285
0.3453146517
0.3439424634
0.3425600231
0.34116745
0.3397649229
0.3383525312
0.3369304538
0.3354987502
0.3340576291
0.3326071799
0.3311475813
0.3296789825
0.3282015026
0.3267153203
0.3252205849
0.3237174451
0.32220608
0.3206866086
0.3191592693
0.3176241517
0.3160814941
0.3145314455
0.3129741848
0.3114098907
0.309838742
0.3082609177
0.306676656
0.3050860763
0.3034894168
0.3018868864
0.3002786338
0.2986648977
0.2970458567
0.2954217196
0.2937927246
0.2921590507
0.2905209064
0.2888785005
0.2872320414
0.2855817676
0.2839278877
0.2822705805
0.2806101143
0.2789466679
0.2772804797
0.2756117582
0.273940742
0.2722676396
0.2705926299
0.2689159811
0.2672379017
0.2655586004
0.2638783157
0.2621972263
0.2605156004
0.2588335872
0.2571514845
0.2554694116
0.2537876666
0.2521063983
0.2504258454
0.2487462163
0.2470677048
0.2453905344
0.2437148839
0.242040962
0.2403689921
0.2386991382
0.2370315939
0.2353665829
0.233704254
0.2320448309
0.2303884774
0.2287353724
0.2270857096
0.2254396528
0.2237973809
0.2221590728
0.2205248773
0.2188949883
0.2172695249
0.2156486809
0.2140326053
0.212421447
0.2108153552
0.2092144638
0.2076189369
0.2060289085
0.2044445127
0.2028658837
0.2012931556
0.1997264475
0.1981658787
0.1966115981
0.1950636804
0.1935222745
0.1919874847
0.1904594153
0.1889381558
0.1874238402
0.1859165281
0.1844163388
0.1829233617
0.1814376861
0.1799593866
0.1784885675
0.1770252734
0.1755696088
0.1741216481
0.1726814359
0.1712490767
0.1698246002
0.1684080809
0.1669995785
0.1655991524
0.1642068475
0.1628227234
0.1614468247
0.1600791812
0.1587198675
0.1573688835
0.1560263038
0.1546921432
0.1533664316
0.1520491987
0.1507404894
0.1494403034
0.1481486857
0.1468656361
0.1455911994
0.1443253607
0.1430681497
0.1418195814
0.1405796558
0.1393484026
0.1381257921
0.1369118541
0.1357065737
0.1345099658
0.1333220303
0.1321427524
0.1309721321
0.1298101544
0.1286568195
0.1275121123
0.1263760328
0.1252485514
0.1241296679
0.1230193526
0.1219175979
0.1208243817
0.1197396815
0.1186634824
0.1175957546
0.1165364757
0.1154856235
0.1144431755
0.1134090945
0.1123833582
0.1113659367
0.1103567928
0.1093559116
0.1083632484
0.1073787659
0.1064024419
0.1054342389
0.1044741124
0.1035220399
0.1025779694
0.1016418785
0.100713715
0.09979344904
0.09888103604
0.0979764387
0.09707961231
0.09619051963
0.09530911595
0.09443535656
0.09356920421
0.09271060675
0.09185953438
0.09101592749
0.09017975628
0.08935096115
0.08852951229
0.08771535009
0.08690842986
0.08610871434
0.08531615883
0.08453070372
0.08375230432
0.08298092335
0.08221650869
0.08145901561
0.08070838451
0.0799645856
0.07922755182
0.07849725336
0.07777363062
0.0770566389
0.07634623349
0.07564236224
0.07494498044
0.0742540285
0.0735694766
0.0728912577
0.07221934199
0.07155366242
0.07089418173
0.07024085522
0.06959363073
0.06895245612
0.06831728667
0.06768807769
0.06706477702
0.06644733995
0.06583572179
0.06522986293
0.06462973356
0.06403527409
0.0634464398
0.062863186
0.06228546798
0.06171323732
0.06114644557
0.06058504805
0.06002900377
0.05947826058
0.05893277377
0.05839250237
0.05785739794
0.05732741579
0.05680251122
0.0562826395
0.05576775968
0.05525782704
0.05475279689
0.05425262451
0.05375726521
0.05326668173
0.05278082937
0.05229966342
0.05182314292
0.05135122314
0.05088386685
0.05042103305
0.04996267706
0.04950876161
0.04905924201
0.04861407727
0.04817323387
0.0477366671
0.04730433598
0.04687620699
0.04645223543
0.04603238776
0.04561662301
0.04520490021
0.04479718581
0.04439343885
0.04399362579
0.04359770566
0.04320564494
0.04281740636
0.04243295267
0.04205224663
0.04167525843
0.04130194336
0.04093227535
0.04056621715
0.04020373151
0.03984478861
0.03948934749
0.03913738206
0.03878885508
0.03844373301
0.03810198233
0.03776357695
0.03742847592
0.03709665313
0.03676807508
0.03644270822
0.03612052649
0.03580149263
0.03548558056
0.03517275676
0.03486299515
0.0345562622
0.03425253183
0.03395177051
0.03365395218
0.03335904703
0.03306702524
0.03277786076
0.03249152377
0.03220799193
0.03192722797
0.03164921328
0.03137391433
0.03110130876
0.03083136864
0.03056406789
0.03029938042
0.03003728017
0.02977774292
0.02952074073
0.02926625125
0.0290142484
0.0287647061
0.02851760387
0.02827291377
0.02803061344
0.02779068053
0.02755308896
0.02731781639
0.02708484232
0.02685414068
0.02662568912
0.02639946714
0.0261754524
0.02595362067
0.02573395334
0.02551642805
0.02530102246
0.02508771606
0.02487648837
0.02466731705
0.02446018532
0.02425506897
0.02405194938
0.02385080792
0.0236516241
0.02345437743
0.02325904928
0.02306562103
0.02287407406
0.02268438973
0.02249654755
0.02231053263
0.02212632447
0.02194390446
0.02176325582
0.02158436179
0.02140720375
0.02123176493
0.02105802856
0.02088597789
0.02071559429
0.02054686286
0.02037976868
0.02021429129
0.02005041949
0.01988813281
0.01972742006
0.01956826076
0.01941064373
0.0192545522
0.01909996942
0.0189468842
0.01879527792
0.01864513755
0.01849644817
0.0183491949
0.01820336655
0.01805894636
0.01791591942
0.01777427457
0.0176339969
0.01749507338
0.01735748909
0.01722123288
0.01708629169
0.01695265062
0.01682029851
0.01668922231
0.01655940898
0.01643084548
0.01630352065
0.0161774233
0.01605253853
0.01592885703
0.01580636576
0.01568505354
0.01556490827
0.01544591784
0.01532807294
0.01521136146
0.01509577129
0.01498129219
0.01486791391
0.01475562435
0.01464441419
0.01453427225
0.0144251883
0.01431715209
0.01421015244
0.01410418097
0.01399922557
0.0138952788
0.01379232854
0.01369036641
0.01358938217
0.01348936744
0.01339031104
0.01329220552
0.01319504064
0.01309880707
0.01300349552
0.01290909853
0.01281560585
0.01272301003
0.01263130084
0.01254047081
0.01245051157
0.0123614138
0.01227316912
0.01218577102
0.01209921017
0.01201347727
0.01192856673
0.01184446923
0.01176117733
0.01167868357
0.01159697957
0.01151605882
0.01143591199
0.01135653351
0.01127791591
0.01120005082
0.01112293079
0.01104655024
0.0109709017
0.01089597773
0.01082177088
0.01074827556
0.01067548431
0.01060339063
0.01053198799
0.01046126895
0.01039122883
0.01032185927
0.01025315467
0.01018510852
0.01011771522
0.01005096827
0.009984862059
0.009919389151
0.009854544885
0.009790321812
0.009726716205
0.009663720615
0.009601330385
0.009539538994
0.009478340857
0.009417730384
0.009357702918
0.009298251942
0.009239371866
0.009181058966
0.009123306721
0.009066109546
0.009009463713
0.008953362703
0.00889780093
0.008842775598
0.008788280189
0.008734309115
0.008680858649
0.008627924137
0.008575499989
0.008523582481
0.008472165093
0.008421245031
0.008370816708
0.008320875466
0.008271417581
0.008222438395
0.008173933253
0.008125897497
0.008078326471
0.008031217381
0.00798456464
0.007938364521
0.007892612368
0.007847305387
0.007802437991
0.007758006919
0.007714007981
0.007670436986
0.007627290674
0.007584564388
0.007542254869
0.007500357926
0.007458870299
0.007417787798
0.007377106696
0.00733682327
0.007296934258
0.007257435936
0.007218324579
0.007179596927
0.007141249254
0.007103278302
0.007065680809
0.007028452586
0.006991591305
0.006955093239
0.006918955129
0.00688317325
0.006847745273
0.006812667008
0.006777936127
0.006743549369
0.006709503476
0.006675795186
0.006642421708
0.00660937978
0.006576666608
0.0065442794
0.006512214895
0.006480470765
0.006449043751
0.006417930592
0.006387129426
0.006356636528
0.006326450035
0.006296566222
0.006266983226
0.006237698253
0.006208708044
0.006180010736
0.006151603069
0.006123483181
0.006095647812
0.006068095099
0.006040821783
0.006013826001
0.005987105425
0.005960656796
0.005934478249
0.005908567924
0.005882922094
0.005857539829
0.005832417868
0.005807554349
0.005782946944
0.005758593325
0.005734491162
0.005710638128
0.005687032826
0.005663671996
0.005640554707
0.0056176777
0.005595039111
0.005572637543
0.005550470203
0.005528535228
0.005506831221
0.005485354923
0.005464105401
0.005443079863
0.005422277376
0.005401695147
0.005381331313
0.005361184478
0.005341252312
0.005321533419
0.005302025471
0.00528272707
0.005263635889
0.005244750064
0.005226068664
0.005207589362
0.005189310294
0.005171230063
0.005153346807
0.005135658663
0.005118164234
0.005100861657
0.005083749071
0.005066825543
0.005050088745
0.00503353728
0.005017169751
0.005000984762
0.004984979983
0.004969154485
0.004953506868
0.004938035272
0.004922737833
0.00490761362
0.004892661236
0.004877878819
0.00486326497
0.00484881876
0.00483453786
0.004820421804
0.004806468729
0.004792677239
0.004779045936
0.004765573423
0.004752258305
0.004739099648
0.004726096056
0.004713245668
0.004700548016
0.004688000772
0.004675603937
0.004663354717
0.004651253577
0.004639297724
0.004627486691
0.004615819547
0.00460429443
0.004592910409
0.004581666086
0.00457056053
0.00455959281
0.004548761528
0.004538065288
0.004527503159
0.004517074209
0.004506777041
0.004496610723
0.004486574326
0.004476665985
0.004466885701
0.004457231611
0.004447702784
0.004438298289
0.004429017659
0.004419859033
0.004410821479
0.004401904065
0.004393106326
0.004384426866
0.004375864286
0.004367418587
0.004359087907
0.004350871313
0.004342768341
0.004334778059
0.004326899536
0.004319131374
0.004311472643
0.004303923342
0.004296481609
0.004289146978
0.004281918053
0.004274794832
0.004267775919
0.004260860849
0.004254048225
0.004247337114
0.004240727518
0.004234217573
0.00422780728
0.004221495241
0.004215281457
0.004209164064
0.004203143064
0.004197217058
0.004191385582
0.004185648169
0.004180003423
0.004174451344
0.004168990534
0.004163620528
0.004158340394
0.004153149202
0.004148046952
0.004143032245
0.004138104618
0.004133263603
0.00412850827
0.004123837687
0.004119251389
0.004114748444
0.004110328853
0.004105991218
0.004101735074
0.004097559955
0.00409346493
0.004089449998
0.004085513297
0.004081655294
0.00407787459
0.004074171185
0.00407054415
0.004066993017
0.004063516855
0.0040601152
0.004056787584
0.004053533543
0.004050351679
0.004047242459
0.00404420495
0.004041237757
0.004038341809
0.004035515245
0.004032758065
0.004030069336
0.004027449526
0.004024896771
0.004022411071
0.00401999196
0.004017638974
0.004015351646
0.004013129044
0.004010970704
0.004008876625
0.004006845877
0.004004877992
0.004002972506
0.004001128487
0.003999346402
0.003997624852
0.003995963838
0.003994362429
0.00399282109
0.003991337959
0.003989913967
0.003988547716
0.003987238742
0.003985987511
0.003984792158
0.003983653616
0.003982570488
0.003981542774
0.003980569541
0.003979650792
0.003978786524
0.003977975342
0.003977217246
0.003976511769
0.003975858912
0.003975257743
0.003974707797
0.003974209074
0.003973761108
0.003973362967
0.003973015118
0.003972716164
0.003972466569
0.003972265404
0.003972112667
0.003972007427
0.003971950151
0.003971939441
0.003971975762
0.00397205865
0.003972187173
0.00397236133
0.003972580656
0.003972845152
0.003973153885
0.003973507322
0.003973904066
0.003974344581
0.003974827938
0.003975354135
0.003975923173
0.003976534121
0.003977186512
0.003977880813
0.003978616092
0.003979391884
0.003980208654
0.003981065005
0.003981961869
0.003982897848
0.003983872943
0.003984887153
0.003985939547
0.003987030592
0.00398815982
0.003989326302
0.003990530502
0.003991771489
0.003993049264
0.003994363826
0.003995714244
0.003997100983
0.003998523112
0.003999980632
0.004001473077
0.004003000446
0.004004562274
0.004006158561
0.004007788841
0.004009452648
0.004011149984
0.004012880381
0.00401464384
0.004016440362
0.004018268548
0.00402012933
0.004022021778
0.00402394589
0.004025901668
0.004027888644
0.004029905889
0.004031954333
0.004034033045
0.004036142025
0.004038280807
0.004040449392
0.004042647313
0.004044874571
0.0040471307
0.0040494157
0.004051729571
0.004054071382
0.004056441598
0.004058839288
0.004061264917
0.004063717555
0.004066198133
0.004068705253
0.004071239382
0.004073800053
0.004076386802
0.004079000093
0.004081638996
0.004084303975
0.004086994566
0.004089710303
0.004092451185
0.004095217213
0.004098007921
0.004100823309
0.004103662912
0.004106526729
0.004109414294
0.004112326074
0.004115261137
0.004118219949
0.004121202044
0.004124206956
0.004127234686
0.004130285233
0.004133358598
0.004136453848
0.004139571451
0.004142710939
0.004145872314
0.004149055574
0.004152260255
0.004155485891
0.004158732947
0.004162000958
0.004165289924
0.004168599378
0.004171929322
0.004175279755
0.004178650212
0.004182040691
0.004185450729
0.00418888079
0.004192330409
0.00419579912
0.004199287388
0.004202794749
0.004206320737
0.004209865816
0.004213429522
0.004217011388
0.004220611881
0.004224230535
0.00422786735
0.00423152186
0.00423519453
0.00423888443
0.004242592026
0.00424631685
0.004250058904
0.004253818188
0.004257594235
0.004261387046
0.004265196621
0.00426902296
0.004272865597
0.004276724532
0.004280599765
0.004284490831
0.004288397729
0.00429232046
0.004296259023
0.004300212953
0.004304182716
0.004308167379
0.00431216741
0.004316182341
0.004320212174
0.004324256908
0.004328316543
0.004332390614
0.00433647912
0.004340582062
0.004344698973
0.00434883032
0.004352975637
0.004357134923
0.004361307714
0.004365494475
0.00436969474
0.004373908509
0.004378135782
0.004382376093
0.004386629909
0.004390896764
0.004395176191
0.004399468657
0.004403773695
0.004408091772
0.004412422422
0.004416765179
0.00442112051
0.004425487947
0.004429867957
0.004434259608
0.004438663367
0.004443078768
0.004447506275
0.004451945424
0.004456396215
0.004460858647
0.004465332255
0.004469817039
0.004474313464
0.004478821065
0.004483339377
0.004487868864
0.004492409062
0.004496960435
0.004501522053
0.004506094847
0.004510677885
0.004515271634
0.004519875161
0.004524489399
0.004529113881
0.004533748608
0.004538393579
0.00454304833
0.004547712859
0.004552387167
0.004557071254
0.004561765119
0.004566468764
0.004571181722
0.004575903993
0.004580636043
0.004585376941
0.004590127617
0.004594887141
0.004599655513
0.004604433198
0.00460921973
0.00461401511
0.004618819803
0.004623632412
0.004628454335
0.00463328464
0.004638123326
0.004642970394
0.00464782631
0.004652690142
0.004657562356
0.004662442952
0.004667331465
0.004672228359
0.004677133169
0.004682045896
0.004686966538
0.004691894632
0.004696830641
0.004701774567
0.004706726409
0.004711685237
0.00471665198
0.004721626174
0.004726607352
0.004731596448
0.004736592527
0.004741596058
0.004746606573
0.004751624074
0.004756649025
0.004761680961
0.004766719416
0.004771765321
0.004776817746
0.004781877156
0.004786943085
0.004792016
0.004797095433
0.004802181385
0.004807273857
0.004812372848
0.004817478359
0.004822590388
0.004827708472
0.004832833074
0.00483796373
0.004843100905
0.004848243669
0.004853392951
0.004858548287
0.004863709677
0.004868876655
0.004874049686
0.004879228771
0.004884413909
0.004889604636
0.00489480095
0.004900002852
0.004905210808
0.004910423886
0.004915643018
0.004920867272
0.004926097114
0.004931332543
0.004936573096
0.004941819236
0.004947070964
0.004952327348
0.004957589321
0.004962856416
0.004968128633
0.004973405972
0.004978688899
0.004983976018
0.004989268724
0.004994566087
0.004999868572
0.005005176179
0.005010487977
0.005015805364
0.005021126941
0.00502645364
0.005031784996
0.005037120543
0.005042461213
0.005047806539
0.005053156056
0.005058510695
0.005063869525
0.005069232546
0.005074600689
0.005079972558
0.005085349083
0.005090730265
0.005096115172
0.005101504736
0.00510689849
0.005112296436
0.005117698573
0.0051231049
0.005128515419
0.005133930128
0.005139348563
0.005144771188
0.005150198005
0.005155628547
0.00516106328
0.005166501738
0.005171944387
0.005177390762
0.005182840861
0.005188294686
0.005193752702
0.005199213978
0.005204679444
0.005210148636
0.005215621088
0.00522109773
0.005226577632
0.005232061259
0.005237548612
0.005243039224
0.005248533562
0.005254031625
0.005259532947
0.005265037995
0.005270545837
0.005276057869
0.005281572696
0.005287091248
0.005292613059
0.00529813813
0.005303666927
0.005309198517
0.005314733833
0.005320271943
0.005325813312
0.005331357941
0.00533690583
0.005342456978
0.005348011386
0.005353568587
0.005359129049
0.00536469277
0.005370259285
0.00537582906
0.005381401628
0.005386977457
0.005392556079
0.005398137495
0.005403722171
0.005409309641
0.00541490037
0.005420493428
0.005426089745
0.005431688856
0.005437290762
0.005442895927
0.00544850342
0.005454113707
0.005459726788
0.005465343129
0.005470961798
0.005476583261
0.005482207518
0.005487834103
0.005493463948
0.005499096122
0.005504731089
0.00551036885
0.00551600894
0.005521651823
0.005527297035
0.005532945041
0.00553859584
0.005544248968
0.00554990489
0.005555563141
0.005561223719
0.005566887092
0.005572553258
0.005578221288
0.005583892111
0.005589565262
0.005595241208
0.005600919016
0.005606599618
0.005612283014
0.005617968272
0.005623655859
0.00562934624
0.005635038484
0.005640733521
0.005646430887
0.005652130581
0.005657832604
0.005663536489
0.005669243168
0.005674952175
0.005680663511
0.005686376709
0.005692092702
0.005697810557
0.00570353074
0.005709253252
0.005714978091
0.005720704794
0.00572643429
0.00573216565
0.005737899337
0.005743634887
0.005749372765
0.005755112972
0.005760855507
0.005766599905
0.005772346631
0.005778095685
0.005783846602
0.005789599847
0.005795354955
0.005801112391
0.00580687169
0.005812633317
0.005818397272
0.00582416309
0.005829930771
0.00583570078
0.005841473117
0.005847246852
0.00585302338
0.005858801771
0.005864582025
0.005870364606
0.005876149051
0.005881935358
0.005887723994
0.005893514492
0.005899307318
0.005905102007
0.005910898559
0.005916697439
0.005922498181
0.005928300787
0.005934105255
0.005939912051
0.005945721176
0.005951531697
0.005957344547
0.005963159259
0.005968975835
0.005974794738
0.005980615504
0.005986438133
0.005992262624
0.005998089444
0.006003918126
0.006009748671
0.006015581079
0.006021415815
0.006027251948
0.006033090409
0.006038931198
0.006044773385
0.0060506179
0.006056464277
0.006062312517
0.00606816262
0.006074014585
0.006079868879
0.006085725036
0.006091583055
0.006097442936
0.00610330468
0.006109168753
0.006115034688
0.006120902486
0.006126772147
0.00613264367
0.006138517521
0.006144393235
0.006150270812
0.006156150252
0.006162031554
0.006167915184
0.006173800211
0.006179687567
0.006185576785
0.006191468332
0.006197361276
0.006203256547
0.006209153682
0.006215052679
0.006220954005
0.006226856727
0.006232761778
0.006238668691
0.006244577467
0.006250488572
0.006256401539
0.006262316369
0.006268233061
0.006274152081
0.006280072499
0.006285995245
0.006291920319
0.00629784679
0.00630377559
0.006309706252
0.006315639243
0.006321574096
0.006327510811
0.00633344939
0.006339390296
0.006345333066
0.006351278163
0.006357224658
0.006363173947
0.006369124632
0.006375077646
0.006381032523
0.006386989728
0.006392948795
0.006398909725
0.006404872984
0.00641083857
0.006416805554
0.006422774866
0.006428746507
0.00643472001
0.006440695841
0.006446673535
0.006452653557
0.006458635442
0.00646461919
0.006470605731
0.00647659367
0.006482584402
0.006488576531
0.006494571455
0.006500568241
0.00650656689
0.006512568332
0.006518571638
0.006524576806
0.006530584302
0.006536594126
0.006542606279
0.006548620295
0.006554636639
0.006560655311
0.006566675846
0.006572698709
0.0065787239
0.00658475142
0.006590780802
0.006596812978
0.006602847017
0.006608883385
0.00661492208
0.006620963104
0.006627005991
0.006633051671
0.00663909968
0.006645149551
0.006651201751
0.006657256745
0.006663313601
0.006669373251
0.006675434764
0.006681498606
0.006687565241
0.006693634205
0.006699705031
0.006705778651
0.006711854599
0.006717932876
0.006724013947
0.00673009688
0.006736182608
0.006742270663
0.006748361047
0.00675445376
0.006760549266
0.0067666471
0.006772747263
0.00677885022
0.006784955505
0.006791063584
0.006797173992
0.006803286728
0.006809402257
0.006815520115
0.006821640767
0.006827763747
0.006833889522
0.006840017624
0.006846148521
0.006852282211
0.00685841823
0.006864557043
0.006870698184
0.006876842119
0.006882988848
0.006889138371
0.006895290222
0.006901445333
0.006907602772
0.006913763005
0.006919925567
0.006926091388
0.006932259537
0.006938430946
0.006944604684
0.006950781681
0.006956961006
0.006963143591
0.006969328504
0.006975516677
0.006981707178
0.006987900939
0.006994097494
0.007000296842
0.007006499451
0.007012704853
0.007018912584
0.00702512404
0.007031337824
0.007037554868
0.007043774705
0.007049997803
0.007056223694
0.007062452845
0.00706868479
0.007074919529
0.007081157528
0.007087398786
0.007093642838
0.00709989015
0.007106140722
0.007112394087
0.007118650712
0.007124910597
0.007131173275
0.007137439679
0.007143708877
0.007149981335
0.007156257052
0.007162536029
0.0071688178
0.007175103296
0.007181392051
0.007187684067
0.007193979342
0.007200277876
0.00720657967
0.00721288519
0.007219193503
0.007225505542
0.00723182084
0.007238139864
0.007244462147
0.00725078769
0.007257116493
0.007263449021
0.007269785274
0.007276124787
0.007282468025
0.007288814522
0.00729516428
0.007301518228
0.007307875436
0.007314236369
0.007320600562
0.007326968946
0.007333340589
0.007339715958
0.007346095052
0.007352477871
0.00735886395
0.00736525422
0.007371648215
0.007378045935
0.007384447381
0.007390852552
0.007397261914
0.007403674535
0.007410091348
0.007416511886
0.007422936615
0.007429364603
0.007435797248
0.007442233153
0.007448673714
0.007455117535
0.007461566012
0.007468018215
0.007474474143
0.007480934262
0.007487398572
0.007493867073
0.007500339765
0.007506816182
0.00751329679
0.007519782055
0.007526271045
0.007532764226
0.007539261598
0.007545763161
0.007552269381
0.007558779791
0.007565293927
0.007571812719
0.007578336168
0.007584863808
0.007591395639
0.007597931661
0.007604472339
0.007611017674
0.0076175672
0.007624121383
0.007630679756
0.007637242787
0.007643810473
0.007650382817
0.007656959351
0.007663541008
0.007670126855
0.00767671736
0.00768331252
0.007689912338
0.007696517278
0.007703126408
0.007709740661
0.007716359571
0.007722983137
0.007729611825
0.00773624517
0.007742883172
0.007749526296
0.007756174542
0.007762827445
0.007769485004
0.007776148152
0.007782815956
0.007789488416
0.007796166465
0.007802849635
0.007809537463
0.007816230878
0.00782292895
0.00782963261
0.007836340927
0.007843054831
0.007849773392
0.007856498472
0.007863227278
0.007869962603
0.007876702584
0.007883448154
0.007890199311
0.007896955125
0.007903717458
0.007910484448
0.007917257026
0.007924035192
0.007930818945
0.007937608287
0.007944403216
0.007951203734
0.007958009839
0.007964821532
0.007971638814
0.007978461683
0.00798529014
0.007992125116
0.007998965681
0.008005811833
0.008012663573
0.008019521832
0.00802638568
0.008033255115
0.008040130138
0.008047012612
0.008053899743
0.008060793392
0.008067693561
0.008074599318
0.008081510663
0.008088428527
0.00809535291
0.008102283813
0.008109220304
0.008116162382
0.008123111911
0.008130067028
0.008137029596
0.008143997751
0.008150972426
0.008157952689
0.008164940402
0.008171934634
0.008178934455
0.008185941726
0.008192955516
0.008199975826
0.008207002655
0.008214036003
0.00822107587
0.008228123188
0.008235177025
0.008242237382
0.008249304257
0.008256378584
0.008263459429
0.008270547725
0.008277642541
0.008284743875
0.008291853592
0.008298968896
0.008306091651
0.008313221857
0.008320359513
0.008327503689
0.008334655315
0.008341814391
0.008348980919
0.008356153965
0.008363334462
0.008370523341
0.008377718739
0.008384921588
0.008392131887
0.008399350569
0.008406575769
0.008413809352
0.008421049453
0.008428297937
0.008435554802
0.008442818187
0.008450089954
0.008457369171
0.00846465677
0.00847195182
0.00847925432
0.008486565202
0.008493884467
0.008501211181
0.008508546278
0.008515889756
0.008523240685
0.008530599996
0.008537967689
0.008545342833
0.008552727289
0.008560119197
0.008567520417
0.008574929088
0.008582347073
0.008589773439
0.008597207256
0.008604650386
0.008612101898
0.008619562723
0.008627030998
0.008634509519
0.00864199549
0.008649490774
0.00865699444
0.008664507419
0.008672029711
0.008679560386
0.008687099442
0.008694648743
0.008702206425
0.008709773421
0.00871734973
0.008724934421
0.008732529357
0.008740133606
0.008747746237
0.008755369112
0.0087630013
0.008770642802
0.008778293617
0.008785953745
0.008793624118
0.008801303804
0.008808992803
0.008816692047
0.008824401535
0.008832120337
0.008839848451
0.008847586811
0.008855335414
0.008863094263
0.008870862424
0.008878641762
0.008886430413
0.008894229308
0.008902038448
0.008909857832
0.008917688392
0.008925528266
0.008933379315
0.008941240609
0.008949112147
0.00895699393
0.008964886889
0.008972791024
0.008980705403
0.008988630027
0.008996566758
0.009004513733
0.009012470953
0.00902044028
0.009028419852
0.0090364106
0.009044412524
0.009052426554
0.00906045083
0.009068486281
0.009076533839
0.009084592573
0.009092662483
0.009100744501
0.009108837694
0.009116942063
0.009125058539
0.009133187123
0.009141326882
0.009149478748
0.009157642722
0.009165818803
0.009174006991
0.009182206355
0.009190418757
0.009198643267
0.009206879884
0.009215128608
0.009223389439
0.009231663309
0.009239949286
0.009248248301
0.009256559424
0.009264883585
0.009273219854
0.009281569161
0.009289931506
0.00929830689
0.009306695312
0.009315096773
0.009323511273
0.009331938811
0.009340379387
0.009348833933
0.009357301518
0.009365782142
0.009374276735
0.009382784367
0.009391305968
0.00939984154
0.009408390149
0.009416953661
0.00942553021
0.00943412073
0.00944272615
0.009451344609
0.00945997797
0.0094686253
0.0094772866
0.009485962801
0.009494652972
0.009503358044
0.009512077086
0.009520811029
0.009529559873
0.009538323618
0.009547102265
0.009555895813
0.009564704262
0.009573528543
0.009582366794
0.009591220878
0.009600090794
0.00960897468
0.00961787533
0.009626790881
0.009635722265
0.009644669481
0.009653632529
0.00966261141
0.009671606123
0.009680616669
0.009689643979
0.009698687121
0.009707746096
0.009716821834
0.009725914337
0.009735022672
0.00974414777
0.009753289632
0.009762448259
0.009771623649
0.009780816734
0.009790025651
0.009799252264
0.009808495641
0.009817756712
0.009827035479
0.00983633101
0.009845644236
0.009854976088
0.009864324704
0.009873691015
0.009883075021
0.009892477654
0.009901897982
0.009911336936
0.009920794517
0.009930269793
0.009939763695
0.009949275292
0.009958806448
0.009968356229
0.009977925569
0.009987512603
0.009997119196
0.01000674535
0.01001639012
0.01002605446
0.01003573835
0.0100454418
0.01005516481
0.01006490737
0.0100746695
0.01008445211
0.01009425428
0.01010407787
0.01011392009
0.01012378372
0.01013366785
0.01014357246
0.01015349757
0.01016344316
0.01017341018
0.01018339768
0.0101934066
0.01020343695
0.01021348871
0.0102235619
0.0102336565
0.01024377346
0.01025391184
0.01026407164
0.01027425379
0.01028445829
0.01029468514
0.01030493435
0.0103152059
0.01032550074
0.01033581793
0.01034615748
0.01035652123
0.01036690734
0.01037731674
0.01038774941
0.0103982063
0.01040868647
0.01041918993
0.01042971853
0.01044027042
0.01045084652
0.01046144683
0.01047207136
0.01048272103
0.01049339492
0.01050409395
0.01051481813
0.01052556746
0.01053634193
0.01054714154
0.01055796724
0.01056881901
0.01057969593
0.01059059892
0.01060152799
0.01061248314
0.01062346529
0.01063447352
0.01064550877
0.01065657102
0.01066766027
0.01067877654
0.01068991981
0.01070109103
0.01071228925
0.01072351635
0.01073477045
0.01074605342
0.01075736433
0.01076870412
0.01078007184
0.01079146843
0.01080289483
0.01081434917
0.01082583331
0.01083734725
0.01084889006
0.0108604636
0.01087206695
0.0108837001
0.01089536306
0.01090705674
0.01091878209
0.01093053725
0.01094232406
0.01095414162
0.01096599083
0.01097787172
0.01098978426
0.01100172848
0.01101370528
0.01102571469
0.01103775576
0.01104983035
0.01106193755
0.01107407827
0.01108625159
0.01109845843
0.01111069974
0.01112297457
0.01113528386
0.01114762668
0.01116000488
0.01117241755
0.01118486561
0.01119734813
0.01120986696
0.01122242026
0.01123500988
0.01124763582
0.01126029808
0.01127299666
0.0112857325
0.01129850466
0.01131131407
0.01132416073
0.01133704558
0.01134996861
0.0113629289
0.0113759283
0.01138896588
0.01140204258
0.01141515747
0.01142831333
0.01144150738
0.01145474147
0.01146801654
0.01148133166
0.01149468683
0.01150808297
0.01152152102
0.01153500006
0.01154852007
0.01156208292
0.01157568768
0.01158933528
0.01160302479
0.01161675807
0.01163053419
0.01164435502
0.01165821869
0.01167212706
0.0116860792
0.01170007698
0.01171411853
0.01172820665
0.0117423404
0.01175651979
0.01177074481
0.01178501733
0.01179933641
0.01181370299
0.01182811707
0.01184257865
0.01185708866
0.01187164616
0.01188625395
0.01190091018
0.01191561576
0.01193037163
0.0119451778
0.01196003426
0.01197494101
0.01198989991
0.01200490911
0.01201997139
0.01203508582
0.01205025241
0.01206547208
0.01208074577
0.01209607255
0.01211145334
0.01212688908
0.01214237977
0.01215792634
0.01217352785
0.01218918525
0.01220489945
0.01222067047
0.0122364983
0.0122523848
0.01226832904
0.01228433102
0.01230039261
0.01231651381
0.0123326946
0.01234893594
0.01236523781
0.01238160115
0.01239802502
0.01241451222
0.0124310609
0.0124476729
0.01246434823
0.01248108782
0.01249789167
0.01251476072
0.01253169402
0.01254869439
0.01256576087
0.01258289348
0.01260009408
0.01261736173
0.01263469923
0.01265210472
0.01266957913
0.01268712431
0.01270473935
0.01272242609
0.01274018362
0.01275801379
0.01277591754
0.01279389299
0.01281194296
0.01283006743
0.01284826733
0.01286654267
0.01288489345
0.01290332153
0.01292182691
0.01294041052
0.0129590733
0.0129778143
0.01299663633
0.01301553845
0.0130345216
0.01305358671
0.0130727347
0.01309196558
0.01311128028
0.01313067973
0.01315016486
0.01316973567
0.0131893931
0.01320913807
0.01322897151
0.01324889343
0.01326890476
0.01328900736
0.01330920123
0.01332948636
0.01334986463
0.01337033603
0.0133909015
0.01341156289
0.01343232021
0.01345317345
0.01347412542
0.01349517517
0.01351632457
0.01353757363
0.0135589242
0.01358037628
0.01360193174
0.01362359058
0.01364535466
0.01366722398
0.01368920039
0.01371128391
0.01373347547
0.01375577692
0.0137781892
0.0138007123
0.01382334903
0.01384609845
0.01386896241
0.01389194187
0.01391503774
0.01393825188
0.01396158524
0.0139850378
0.01400861237
0.01403230894
0.01405612845
0.01408007275
0.01410414279
0.01412833948
0.01415266469
0.01417711936
0.01420170441
0.01422642171
0.01425127219
0.01427625678
0.01430137735
0.01432663575
0.01435203198
0.01437756792
0.01440324541
0.0144290654
0.01445502974
0.01448113937
0.01450739615
0.01453380194
0.01456035674
0.01458706334
0.01461392362
0.01464093849
0.0146681089
0.01469543763
0.01472292561
0.01475057565
0.01477838773
0.01480636466
0.0148345083
0.01486281957
0.01489130035
0.01491995342
0.01494877972
0.01497778203
0.0150069613
0.01503631938
0.01506585907
0.01509558223
0.01512548979
0.01515558548
0.01518587023
0.0152163459
0.01524701621
0.01527788118
0.01530894451
0.01534020808
0.01537167467
0.01540334523
0.01543522347
0.01546731126
0.01549961139
0.01553212572
0.01556485612
0.01559780724
0.01563097909
0.01566437818
0.01569800265
0.01573185809
0.01576594636
0.01580026932
0.0158348307
0.01586963609
0.01590468362
0.01593997888
0.0159755256
0.01601132564
0.01604738273
0.01608369872
0.01612027921
0.01615712419
0.01619424112
0.01623163186
0.01626929827
0.01630724594
0.01634547859
0.0163839981
0.01642281003
0.01646191627
0.01650132239
0.01654103212
0.01658104919
0.01662137918
0.01666202396
0.01670298912
0.01674427837
0.01678589731
0.01682784781
0.01687013917
0.01691277139
0.01695575193
0.01699908637
0.01704277657
0.01708682999
0.01713125221
0.01717604697
0.01722121984
0.01726677828
0.01731272601
0.01735906862
0.01740581356
0.01745296456
0.01750053093
0.01754851639
0.0175969284
0.01764577255
0.01769505441
0.01774478517
0.01779496856
0.01784561016
0.01789672114
0.0179483071
0.01800037548
0.01805293374
0.01810598932
0.01815955155
0.01821362786
0.01826822758
0.01832336001
0.01837903261
0.01843525283
0.01849203371
0.01854938269
0.01860730909
0.01866582409
0.01872493885
0.01878466085
0.01884500124
0.01890597306
0.0189675875
0.01902985387
0.01909278706
0.01915639453
0.01922069304
0.01928569376
0.01935141161
0.01941785589
0.01948504336
0.01955298707
0.01962170191
0.01969120465
0.01976150647
0.01983262599
0.01990457997
0.01997738145
0.02005105279
0.02012560517
0.02020106278
0.02027743869
0.02035475522
0.02043303289
0.02051228844
0.02059254609
0.02067382447
0.0207561478
0.02083953656
0.02092401497
0.0210096091
0.02109634131
0.02118423767
0.02127332613
0.02136363089
0.02145518363
0.02154801041
0.02164214291
0.02173761092
0.02183444798
0.02193268575
0.02203235775
0.02213350125
0.02223615162
0.02234034613
0.02244612575
0.02255352773
0.02266259678
0.02277337387
0.02288590558
0.02300023846
0.02311641909
0.02323449962
0.02335453033
0.02347656526
0.02360066213
0.02372687496
0.02385526709
0.02398589998
0.02411884069
0.02425415441
0.02439191192
0.02453218587
0.02467505448
0.02482059598
0.0249688942
0.02512003295
0.02527410351
0.025431199
0.02559141815
0.0257548634
0.02592163906
0.02609185688
0.02626563609
0.02644309402
0.02662435919
0.02680956572
0.02699885331
0.02719236352
0.02739025466
0.02759268135
0.02779981494
0.02801182866
0.02822890878
0.02845124528
0.02867904678
0.0289125219
0.02915189601
0.02939740382
0.02964929491
0.02990782633
0.03017327376
0.03044592403
0.0307260789
0.03101405688
0.03131019697
0.03161484748
0.03192837909
0.03225118667
0.03258368
0.03292629495
0.03327948228
0.03364372626
0.03401952609
0.03440742195
0.03480796516
0.0352217406
0.0356493704
0.03609149531
0.03654879704
0.03702197969
0.03751179203
0.03801900148
0.03854442388
0.03908889741
0.03965330496
0.04023854807
0.04084557295
0.04147534817
0.04212887958
0.04280719161
0.04351134226
0.04424240068
0.04500145465
0.04578961059
0.04660797492
0.04745765775
0.04833976552
0.04925538972
0.05020560324
0.05119144544
0.05221392959
0.05327401683
0.05437262356
0.05551059172
0.05668871105
0.05790768564
0.05916813388
0.06047059596
0.06181550398
0.0632032007
0.06463393569
0.0661078319
0.06762492657
0.06918515265
0.07078833133
0.07243420184
0.07412239164
0.07585243881
0.07762380689
0.0794358626
0.08128792793
0.08317922056
0.08510892093
0.08707615733
0.08907999843
0.09111947566
0.09319359809
0.09530132264
0.09744160622
0.09961337596
0.1018155441
0.1040470302
0.1063067243
0.108593531
0.1109063476
0.113244094
0.1156056672
0.117990002
0.1203960106
0.1228226498
0.1252688766
0.1277336478
0.1302159429
0.1327147782
0.1352291405
0.1377580762
0.1403006315
0.1428558528
0.1454228312
0.1480006427
0.1505884081
0.1531852484
0.1557903141
0.1584027559
0.1610217541
0.1636465043
0.1662761867
0.1689100713
0.1715473533
0.1741873175
0.1768292189
0.1794723421
0.1821160018
0.1847595274
0.1874022186
0.1900434494
0.1926825792
0.1953189969
0.1979520768
0.2005812526
0.2032059282
0.2058255523
0.2084395885
0.2110474855
0.2136487514
0.2162428647
0.2188293487
0.2214077264
0.223977536
0.2265383303
0.2290896922
