0 -1.17746 
0.05 -1.17545 
0.1 -1.17345 
0.15 -1.17145 
0.2 -1.16947 
0.25 -1.16749 
0.3 -1.16551 
0.35 -1.16355 
0.4 -1.16159 
0.45 -1.15964 
0.5 -1.1577 
0.55 -1.15577 
0.6 -1.15384 
0.65 -1.15191 
0.7 -1.15 
0.75 -1.14809 
0.8 -1.14619 
0.85 -1.1443 
0.9 -1.14242 
0.95 -1.14054 
1 -1.13867 
1.05 -1.13681 
1.1 -1.13495 
1.15 -1.13311 
1.2 -1.13127 
1.25 -1.12944 
1.3 -1.12762 
1.35 -1.12581 
1.4 -1.124 
1.45 -1.12221 
1.5 -1.12042 
1.55 -1.11865 
1.6 -1.11689 
1.65 -1.11513 
1.7 -1.11339 
1.75 -1.11166 
1.8 -1.10994 
1.85 -1.10823 
1.9 -1.10653 
1.95 -1.10484 
2 -1.10317 
2.05 -1.10151 
2.1 -1.09986 
2.15 -1.09823 
2.2 -1.09661 
2.25 -1.09501 
2.3 -1.09342 
2.35 -1.09185 
2.4 -1.09029 
2.45 -1.08875 
2.5 -1.08722 
2.55 -1.08572 
2.6 -1.08423 
2.65 -1.08275 
2.7 -1.0813 
2.75 -1.07987 
2.8 -1.07845 
2.85 -1.07705 
2.9 -1.07568 
2.95 -1.07432 
3 -1.07299 
3.05 -1.07168 
3.1 -1.07039 
3.15 -1.06912 
3.2 -1.06787 
3.25 -1.06665 
3.3 -1.06545 
3.35 -1.06428 
3.4 -1.06313 
3.45 -1.062 
3.5 -1.0609 
3.55 -1.05983 
3.6 -1.05878 
3.65 -1.05776 
3.7 -1.05676 
3.75 -1.0558 
3.8 -1.05486 
3.85 -1.05395 
3.9 -1.05306 
3.95 -1.05221 
4 -1.05138 
4.05 -1.05059 
4.1 -1.04982 
4.15 -1.04909 
4.2 -1.04838 
4.25 -1.04771 
4.3 -1.04707 
4.35 -1.04646 
4.4 -1.04588 
4.45 -1.04533 
4.5 -1.04482 
4.55 -1.04434 
4.6 -1.04389 
4.65 -1.04348 
4.7 -1.0431 
4.75 -1.04275 
4.8 -1.04245 
4.85 -1.04217 
4.9 -1.04193 
4.95 -1.04172 
5 -1.04156 
5.05 -1.04142 
5.1 -1.04133 
5.15 -1.04127 
5.2 -1.04125 
5.25 -1.04126 
5.3 -1.04131 
5.35 -1.0414 
5.4 -1.04153 
5.45 -1.0417 
5.5 -1.0419 
5.55 -1.04215 
5.6 -1.04243 
5.65 -1.04275 
5.7 -1.04312 
5.75 -1.04352 
5.8 -1.04396 
5.85 -1.04444 
5.9 -1.04496 
5.95 -1.04553 
6 -1.04613 
6.05 -1.04678 
6.1 -1.04746 
6.15 -1.04819 
6.2 -1.04896 
6.25 -1.04978 
6.3 -1.05063 
6.35 -1.05153 
6.4 -1.05247 
6.45 -1.05345 
6.5 -1.05448 
6.55 -1.05555 
6.6 -1.05666 
6.65 -1.05782 
6.7 -1.05902 
6.75 -1.06026 
6.8 -1.06155 
6.85 -1.06288 
6.9 -1.06426 
6.95 -1.06568 
7 -1.06715 
7.05 -1.06866 
7.1 -1.07022 
7.15 -1.07182 
7.2 -1.07347 
7.25 -1.07516 
7.3 -1.07691 
7.35 -1.07869 
7.4 -1.08052 
7.45 -1.0824 
7.5 -1.08433 
7.55 -1.0863 
7.6 -1.08832 
7.65 -1.09039 
7.7 -1.0925 
7.75 -1.09466 
7.8 -1.09686 
7.85 -1.09912 
7.9 -1.10142 
7.95 -1.10377 
8 -1.10617 
8.05 -1.10862 
8.1 -1.11111 
8.15 -1.11365 
8.2 -1.11624 
8.25 -1.11888 
8.3 -1.12157 
8.35 -1.12431 
8.4 -1.12709 
8.45 -1.12993 
8.5 -1.13281 
8.55 -1.13574 
8.6 -1.13872 
8.65 -1.14175 
8.7 -1.14483 
8.75 -1.14796 
8.8 -1.15114 
8.85 -1.15437 
8.9 -1.15764 
8.95 -1.16097 
9 -1.16435 
9.05 -1.16778 
9.1 -1.17125 
9.15 -1.17478 
9.2 -1.17836 
9.25 -1.18198 
9.3 -1.18566 
9.35 -1.18939 
9.4 -1.19316 
9.45 -1.19699 
9.5 -1.20087 
9.55 -1.2048 
9.6 -1.20878 
9.65 -1.21281 
9.7 -1.21689 
9.75 -1.22102 
9.8 -1.2252 
9.85 -1.22943 
9.9 -1.23372 
9.95 -1.23805 
10 -1.24243 
10.05 -1.24687 
10.1 -1.25135 
10.15 -1.25589 
10.2 -1.26048 
10.25 -1.26511 
10.3 -1.2698 
10.35 -1.27454 
10.4 -1.27933 
10.45 -1.28418 
10.5 -1.28907 
10.55 -1.29401 
10.6 -1.29901 
10.65 -1.30405 
10.7 -1.30915 
10.75 -1.3143 
10.8 -1.31949 
10.85 -1.32474 
10.9 -1.33004 
10.95 -1.33539 
11 -1.34079 
11.05 -1.34625 
11.1 -1.35175 
11.15 -1.3573 
11.2 -1.36291 
11.25 -1.36856 
11.3 -1.37427 
11.35 -1.38003 
11.4 -1.38584 
11.45 -1.39169 
11.5 -1.3976 
11.55 -1.40356 
11.6 -1.40957 
11.65 -1.41564 
11.7 -1.42175 
11.75 -1.42791 
11.8 -1.43412 
11.85 -1.44039 
11.9 -1.4467 
11.95 -1.45306 
12 -1.45948 
12.05 -1.46594 
12.1 -1.47246 
12.15 -1.47902 
12.2 -1.48564 
12.25 -1.4923 
12.3 -1.49902 
12.35 -1.50578 
12.4 -1.5126 
12.45 -1.51946 
12.5 -1.52638 
12.55 -1.53334 
12.6 -1.54036 
12.65 -1.54742 
12.7 -1.55453 
12.75 -1.5617 
12.8 -1.56891 
12.85 -1.57617 
12.9 -1.58348 
12.95 -1.59084 
13 -1.59825 
13.05 -1.60571 
13.1 -1.61322 
13.15 -1.62078 
13.2 -1.62838 
13.25 -1.63604 
13.3 -1.64374 
13.35 -1.6515 
13.4 -1.6593 
13.45 -1.66715 
13.5 -1.67504 
13.55 -1.68299 
13.6 -1.69099 
13.65 -1.69903 
13.7 -1.70712 
13.75 -1.71526 
13.8 -1.72345 
13.85 -1.73168 
13.9 -1.73997 
13.95 -1.7483 
14 -1.75667 
14.05 -1.7651 
14.1 -1.77357 
14.15 -1.7821 
14.2 -1.79066 
14.25 -1.79928 
14.3 -1.80794 
14.35 -1.81665 
14.4 -1.82541 
14.45 -1.83421 
14.5 -1.84306 
14.55 -1.85196 
14.6 -1.8609 
14.65 -1.86989 
14.7 -1.87893 
14.75 -1.88801 
14.8 -1.89714 
14.85 -1.90631 
14.9 -1.91553 
14.95 -1.9248 
15 -1.93411 
15.05 -1.94347 
15.1 -1.95287 
15.15 -1.96232 
15.2 -1.97181 
15.25 -1.98135 
15.3 -1.99093 
15.35 -2.00056 
15.4 -2.01023 
15.45 -2.01995 
15.5 -2.02971 
15.55 -2.03952 
15.6 -2.04937 
15.65 -2.05927 
15.7 -2.06921 
15.75 -2.07919 
15.8 -2.08922 
15.85 -2.09929 
15.9 -2.1094 
15.95 -2.11956 
16 -2.12976 
16.05 -2.14001 
16.1 -2.1503 
16.15 -2.16063 
16.2 -2.171 
16.25 -2.18142 
16.3 -2.19188 
16.35 -2.20238 
16.4 -2.21293 
16.45 -2.22351 
16.5 -2.23414 
16.55 -2.24481 
16.6 -2.25553 
16.65 -2.26628 
16.7 -2.27707 
16.75 -2.28791 
16.8 -2.29879 
16.85 -2.30971 
16.9 -2.32067 
16.95 -2.33167 
17 -2.34272 
17.05 -2.3538 
17.1 -2.36493 
17.15 -2.37609 
17.2 -2.38729 
17.25 -2.39854 
17.3 -2.40982 
17.35 -2.42115 
17.4 -2.43251 
17.45 -2.44392 
17.5 -2.45536 
17.55 -2.46684 
17.6 -2.47836 
17.65 -2.48992 
17.7 -2.50152 
17.75 -2.51316 
17.8 -2.52484 
17.85 -2.53655 
17.9 -2.5483 
17.95 -2.56009 
18 -2.57192 
18.05 -2.58379 
18.1 -2.59569 
18.15 -2.60763 
18.2 -2.61961 
18.25 -2.63163 
18.3 -2.64368 
18.35 -2.65577 
18.4 -2.6679 
18.45 -2.68006 
18.5 -2.69226 
18.55 -2.7045 
18.6 -2.71677 
18.65 -2.72908 
18.7 -2.74142 
18.75 -2.7538 
18.8 -2.76622 
18.85 -2.77867 
18.9 -2.79115 
18.95 -2.80367 
19 -2.81623 
19.05 -2.82882 
19.1 -2.84144 
19.15 -2.8541 
19.2 -2.8668 
19.25 -2.87952 
19.3 -2.89228 
19.35 -2.90508 
19.4 -2.91791 
19.45 -2.93077 
19.5 -2.94366 
19.55 -2.95659 
19.6 -2.96955 
19.65 -2.98254 
19.7 -2.99557 
19.75 -3.00863 
19.8 -3.02172 
19.85 -3.03484 
19.9 -3.048 
19.95 -3.06118 
20 -3.0744 
20.05 -3.08765 
20.1 -3.10093 
20.15 -3.11424 
20.2 -3.12759 
20.25 -3.14096 
20.3 -3.15436 
20.35 -3.16779 
20.4 -3.18126 
20.45 -3.19475 
20.5 -3.20828 
20.55 -3.22183 
20.6 -3.23542 
20.65 -3.24903 
20.7 -3.26267 
20.75 -3.27634 
20.8 -3.29004 
20.85 -3.30377 
20.9 -3.31753 
20.95 -3.33131 
21 -3.34513 
21.05 -3.35897 
21.1 -3.37284 
21.15 -3.38673 
21.2 -3.40066 
21.25 -3.41461 
21.3 -3.42859 
21.35 -3.44259 
21.4 -3.45663 
21.45 -3.47068 
21.5 -3.48477 
21.55 -3.49888 
21.6 -3.51302 
21.65 -3.52718 
21.7 -3.54137 
21.75 -3.55559 
21.8 -3.56983 
21.85 -3.58409 
21.9 -3.59838 
21.95 -3.6127 
22 -3.62703 
22.05 -3.6414 
22.1 -3.65578 
22.15 -3.6702 
22.2 -3.68463 
22.25 -3.69909 
22.3 -3.71357 
22.35 -3.72808 
22.4 -3.74261 
22.45 -3.75716 
22.5 -3.77173 
22.55 -3.78633 
22.6 -3.80095 
22.65 -3.81559 
22.7 -3.83026 
22.75 -3.84494 
22.8 -3.85965 
22.85 -3.87437 
22.9 -3.88912 
22.95 -3.9039 
23 -3.91869 
23.05 -3.9335 
23.1 -3.94833 
23.15 -3.96319 
23.2 -3.97807 
23.25 -3.99296 
23.3 -4.00787 
23.35 -4.02281 
23.4 -4.03776 
23.45 -4.05273 
23.5 -4.06772 
23.55 -4.08273 
23.6 -4.09776 
23.65 -4.1128 
23.7 -4.12787 
23.75 -4.14295 
23.8 -4.15805 
23.85 -4.17317 
23.9 -4.18831 
23.95 -4.20347 
24 -4.21863 
24.05 -4.23383 
24.1 -4.24903 
24.15 -4.26426 
24.2 -4.27949 
24.25 -4.29474 
24.3 -4.31002 
24.35 -4.3253 
24.4 -4.3406 
24.45 -4.35592 
24.5 -4.37125 
24.55 -4.38661 
24.6 -4.40197 
24.65 -4.41734 
24.7 -4.43273 
24.75 -4.44814 
24.8 -4.46356 
24.85 -4.479 
24.9 -4.49445 
24.95 -4.50991 
25 -4.52539 
25.05 -4.54088 
25.1 -4.55638 
25.15 -4.57189 
25.2 -4.58741 
25.25 -4.60296 
25.3 -4.61851 
25.35 -4.63407 
25.4 -4.64965 
25.45 -4.66524 
25.5 -4.68084 
25.55 -4.69645 
25.6 -4.71207 
25.65 -4.7277 
25.7 -4.74335 
25.75 -4.759 
25.8 -4.77466 
25.85 -4.79034 
25.9 -4.80603 
25.95 -4.82172 
26 -4.83742 
26.05 -4.85313 
26.1 -4.86886 
26.15 -4.8846 
26.2 -4.90033 
26.25 -4.91608 
26.3 -4.93184 
26.35 -4.94761 
26.4 -4.96338 
26.45 -4.97916 
26.5 -4.99495 
26.55 -5.01075 
26.6 -5.02655 
26.65 -5.04237 
26.7 -5.05819 
26.75 -5.07401 
26.8 -5.08985 
26.85 -5.10569 
26.9 -5.12153 
26.95 -5.13738 
27 -5.15324 
27.05 -5.1691 
27.1 -5.18497 
27.15 -5.20084 
27.2 -5.21672 
27.25 -5.2326 
27.3 -5.24849 
27.35 -5.26438 
27.4 -5.28029 
27.45 -5.29618 
27.5 -5.31209 
27.55 -5.32799 
27.6 -5.34391 
27.65 -5.35983 
27.7 -5.37575 
27.75 -5.39166 
27.8 -5.40759 
27.85 -5.42352 
27.9 -5.43945 
27.95 -5.45538 
28 -5.47131 
28.05 -5.48725 
28.1 -5.50319 
28.15 -5.51913 
28.2 -5.53507 
28.25 -5.55101 
28.3 -5.56696 
28.35 -5.5829 
28.4 -5.59885 
28.45 -5.61479 
28.5 -5.63073 
28.55 -5.64668 
28.6 -5.66262 
28.65 -5.67857 
28.7 -5.69452 
28.75 -5.71046 
28.8 -5.7264 
28.85 -5.74234 
28.9 -5.75828 
28.95 -5.77422 
29 -5.79016 
29.05 -5.80609 
29.1 -5.82203 
29.15 -5.83796 
29.2 -5.85389 
29.25 -5.86982 
29.3 -5.88574 
29.35 -5.90167 
29.4 -5.91758 
29.45 -5.9335 
29.5 -5.94941 
29.55 -5.96531 
29.6 -5.98122 
29.65 -5.99711 
29.7 -6.01301 
29.75 -6.02891 
29.8 -6.04479 
29.85 -6.06068 
29.9 -6.07656 
29.95 -6.09242 
30 -6.1083 
30.05 -6.12415 
30.1 -6.14002 
30.15 -6.15587 
30.2 -6.17171 
30.25 -6.18754 
30.3 -6.20337 
30.35 -6.2192 
30.4 -6.23502 
30.45 -6.25083 
30.5 -6.26664 
30.55 -6.28244 
30.6 -6.29822 
30.65 -6.31401 
30.7 -6.32978 
30.75 -6.34555 
30.8 -6.36131 
30.85 -6.37706 
30.9 -6.3928 
30.95 -6.40853 
31 -6.42426 
31.05 -6.43998 
31.1 -6.45569 
31.15 -6.47138 
31.2 -6.48707 
31.25 -6.50275 
31.3 -6.51842 
31.35 -6.53408 
31.4 -6.54972 
31.45 -6.56536 
31.5 -6.58099 
31.55 -6.59661 
31.6 -6.61222 
31.65 -6.62781 
31.7 -6.64339 
31.75 -6.65896 
31.8 -6.67452 
31.85 -6.69008 
31.9 -6.70561 
31.95 -6.72114 
32 -6.73665 
32.05 -6.75216 
32.1 -6.76765 
32.15 -6.78312 
32.2 -6.79858 
32.25 -6.81403 
32.3 -6.82947 
32.35 -6.84489 
32.4 -6.86029 
32.45 -6.8757 
32.5 -6.89108 
32.55 -6.90644 
32.6 -6.9218 
32.65 -6.93714 
32.7 -6.95246 
32.75 -6.96777 
32.8 -6.98308 
32.85 -6.99835 
32.9 -7.01362 
32.95 -7.02886 
33 -7.04411 
33.05 -7.05932 
33.1 -7.07452 
33.15 -7.08971 
33.2 -7.10488 
33.25 -7.12004 
33.3 -7.13517 
33.35 -7.15029 
33.4 -7.1654 
33.45 -7.18049 
33.5 -7.19555 
33.55 -7.21061 
33.6 -7.22564 
33.65 -7.24066 
33.7 -7.25567 
33.75 -7.27064 
33.8 -7.28561 
33.85 -7.30055 
33.9 -7.31549 
33.95 -7.3304 
34 -7.34528 
34.05 -7.36016 
34.1 -7.37501 
34.15 -7.38984 
34.2 -7.40466 
34.25 -7.41945 
34.3 -7.43423 
34.35 -7.44898 
34.4 -7.46371 
34.45 -7.47843 
34.5 -7.49313 
34.55 -7.5078 
34.6 -7.52245 
34.65 -7.53709 
34.7 -7.5517 
34.75 -7.56629 
34.8 -7.58086 
34.85 -7.59541 
34.9 -7.60994 
34.95 -7.62444 
35 -7.63893 
35.05 -7.6534 
35.1 -7.66783 
35.15 -7.68225 
35.2 -7.69665 
35.25 -7.71103 
35.3 -7.72538 
35.35 -7.73971 
35.4 -7.75403 
35.45 -7.7683 
35.5 -7.78254 
35.55 -7.7968 
35.6 -7.811 
35.65 -7.8252 
35.7 -7.83936 
35.75 -7.8535 
35.8 -7.86762 
35.85 -7.88171 
35.9 -7.89578 
35.95 -7.90982 
36 -7.92385 
36.05 -7.93785 
36.1 -7.95181 
36.15 -7.96577 
36.2 -7.97968 
36.25 -7.99359 
36.3 -8.00744 
36.35 -8.0213 
36.4 -8.03511 
36.45 -8.04891 
36.5 -8.06268 
36.55 -8.07642 
36.6 -8.09013 
36.65 -8.10383 
36.7 -8.11749 
36.75 -8.13112 
36.8 -8.14473 
36.85 -8.15832 
36.9 -8.17188 
36.95 -8.18539 
37 -8.1989 
37.05 -8.21237 
37.1 -8.22582 
37.15 -8.23923 
37.2 -8.25262 
37.25 -8.26598 
37.3 -8.27932 
37.35 -8.29264 
37.4 -8.30591 
37.45 -8.31917 
37.5 -8.33238 
37.55 -8.34556 
37.6 -8.35873 
37.65 -8.37188 
37.7 -8.38498 
37.75 -8.39806 
37.8 -8.41111 
37.85 -8.42413 
37.9 -8.43711 
37.95 -8.45007 
38 -8.463 
38.05 -8.47591 
38.1 -8.48877 
38.15 -8.50162 
38.2 -8.51443 
38.25 -8.5272 
38.3 -8.53996 
38.35 -8.55267 
38.4 -8.56537 
38.45 -8.57802 
38.5 -8.59065 
38.55 -8.60324 
38.6 -8.6158 
38.65 -8.62832 
38.7 -8.64084 
38.75 -8.6533 
38.8 -8.66575 
38.85 -8.67816 
38.9 -8.69053 
38.95 -8.70287 
39 -8.71519 
39.05 -8.72746 
39.1 -8.73971 
39.15 -8.75192 
39.2 -8.76412 
39.25 -8.77625 
39.3 -8.78837 
39.35 -8.80047 
39.4 -8.8125 
39.45 -8.82452 
39.5 -8.83651 
39.55 -8.84846 
39.6 -8.86037 
39.65 -8.87227 
39.7 -8.88411 
39.75 -8.89593 
39.8 -8.90773 
39.85 -8.91946 
39.9 -8.93118 
39.95 -8.94286 
40 -8.95452 
40.05 -8.96612 
40.1 -8.9777 
40.15 -8.98926 
40.2 -9.00077 
40.25 -9.01224 
40.3 -9.02368 
40.35 -9.03509 
40.4 -9.04646 
40.45 -9.05778 
40.5 -9.0691 
40.55 -9.08035 
40.6 -9.0916 
40.65 -9.10278 
40.7 -9.11395 
40.75 -9.12507 
40.8 -9.13615 
40.85 -9.14721 
40.9 -9.15824 
40.95 -9.16922 
41 -9.18015 
41.05 -9.19107 
41.1 -9.20194 
41.15 -9.21276 
41.2 -9.22358 
41.25 -9.23435 
41.3 -9.24507 
41.35 -9.25575 
41.4 -9.26642 
41.45 -9.27702 
41.5 -9.28761 
41.55 -9.29815 
41.6 -9.30866 
41.65 -9.31912 
41.7 -9.32956 
41.75 -9.33994 
41.8 -9.35032 
41.85 -9.36064 
41.9 -9.37091 
41.95 -9.38116 
42 -9.39136 
42.05 -9.40153 
42.1 -9.41165 
42.15 -9.42175 
42.2 -9.43181 
42.25 -9.44182 
42.3 -9.45181 
42.35 -9.46173 
42.4 -9.47164 
42.45 -9.48151 
42.5 -9.49134 
42.55 -9.50113 
42.6 -9.51085 
42.65 -9.52057 
42.7 -9.53025 
42.75 -9.53988 
42.8 -9.54948 
42.85 -9.55902 
42.9 -9.56854 
42.95 -9.57801 
43 -9.58745 
43.05 -9.59686 
43.1 -9.6062 
43.15 -9.61553 
43.2 -9.62481 
43.25 -9.63403 
43.3 -9.64324 
43.35 -9.65243 
43.4 -9.66152 
43.45 -9.67061 
43.5 -9.67964 
43.55 -9.68864 
43.6 -9.6976 
43.65 -9.70651 
43.7 -9.71541 
43.75 -9.72425 
43.8 -9.73304 
43.85 -9.74182 
43.9 -9.75053 
43.95 -9.75921 
44 -9.76783 
44.05 -9.77643 
44.1 -9.78499 
44.15 -9.79351 
44.2 -9.80198 
44.25 -9.81042 
44.3 -9.81881 
44.35 -9.82718 
44.4 -9.83549 
44.45 -9.84375 
44.5 -9.85198 
44.55 -9.86018 
44.6 -9.86831 
44.65 -9.87643 
44.7 -9.8845 
44.75 -9.89252 
44.8 -9.9005 
44.85 -9.90845 
44.9 -9.91636 
44.95 -9.92421 
45 -9.93201 
45.05 -9.93979 
45.1 -9.94752 
45.15 -9.95522 
45.2 -9.96287 
45.25 -9.97049 
45.3 -9.97804 
45.35 -9.98558 
45.4 -9.99306 
45.45 -10.0005 
45.5 -10.0079 
45.55 -10.0153 
45.6 -10.0226 
45.65 -10.0298 
45.7 -10.0371 
45.75 -10.0443 
45.8 -10.0514 
45.85 -10.0585 
45.9 -10.0656 
45.95 -10.0726 
46 -10.0796 
46.05 -10.0865 
46.1 -10.0934 
46.15 -10.1002 
46.2 -10.1071 
46.25 -10.1138 
46.3 -10.1206 
46.35 -10.1272 
46.4 -10.1339 
46.45 -10.1405 
46.5 -10.147 
46.55 -10.1535 
46.6 -10.16 
46.65 -10.1664 
46.7 -10.1728 
46.75 -10.1791 
46.8 -10.1854 
46.85 -10.1917 
46.9 -10.1979 
46.95 -10.2041 
47 -10.2102 
47.05 -10.2163 
47.1 -10.2223 
47.15 -10.2283 
47.2 -10.2342 
47.25 -10.2401 
47.3 -10.246 
47.35 -10.2518 
47.4 -10.2576 
47.45 -10.2633 
47.5 -10.269 
47.55 -10.2747 
47.6 -10.2803 
47.65 -10.2858 
47.7 -10.2914 
47.75 -10.2968 
47.8 -10.3023 
47.85 -10.3077 
47.9 -10.313 
47.95 -10.3183 
48 -10.3236 
48.05 -10.3288 
48.1 -10.3339 
48.15 -10.3391 
48.2 -10.3441 
48.25 -10.3492 
48.3 -10.3542 
48.35 -10.3591 
48.4 -10.364 
48.45 -10.3689 
48.5 -10.3737 
48.55 -10.3785 
48.6 -10.3832 
48.65 -10.3879 
48.7 -10.3926 
48.75 -10.3972 
48.8 -10.4018 
48.85 -10.4063 
48.9 -10.4107 
48.95 -10.4152 
49 -10.4196 
49.05 -10.4239 
49.1 -10.4282 
49.15 -10.4324 
49.2 -10.4366 
49.25 -10.4408 
49.3 -10.4449 
49.35 -10.449 
49.4 -10.453 
49.45 -10.4571 
49.5 -10.461 
49.55 -10.4649 
49.6 -10.4688 
49.65 -10.4726 
49.7 -10.4764 
49.75 -10.4801 
49.8 -10.4838 
49.85 -10.4874 
49.9 -10.491 
49.95 -10.4946 
50 -10.4981 
50.05 -10.5015 
50.1 -10.505 
50.15 -10.5083 
50.2 -10.5117 
50.25 -10.515 
50.3 -10.5182 
50.35 -10.5214 
50.4 -10.5246 
50.45 -10.5277 
50.5 -10.5308 
50.55 -10.5338 
50.6 -10.5368 
50.65 -10.5397 
50.7 -10.5426 
50.75 -10.5455 
50.8 -10.5483 
50.85 -10.5511 
50.9 -10.5538 
50.95 -10.5565 
51 -10.5591 
51.05 -10.5617 
51.1 -10.5643 
51.15 -10.5668 
51.2 -10.5692 
51.25 -10.5716 
51.3 -10.574 
51.35 -10.5764 
51.4 -10.5787 
51.45 -10.5809 
51.5 -10.5831 
51.55 -10.5853 
51.6 -10.5874 
51.65 -10.5894 
51.7 -10.5915 
51.75 -10.5935 
51.8 -10.5954 
51.85 -10.5973 
51.9 -10.5991 
51.95 -10.601 
52 -10.6027 
52.05 -10.6045 
52.1 -10.6061 
52.15 -10.6078 
52.2 -10.6094 
52.25 -10.6109 
52.3 -10.6125 
52.35 -10.6139 
52.4 -10.6153 
52.45 -10.6167 
52.5 -10.6181 
52.55 -10.6193 
52.6 -10.6206 
52.65 -10.6218 
52.7 -10.623 
52.75 -10.6241 
52.8 -10.6252 
52.85 -10.6262 
52.9 -10.6272 
52.95 -10.6282 
53 -10.6291 
53.05 -10.63 
53.1 -10.6308 
53.15 -10.6315 
53.2 -10.6323 
53.25 -10.633 
53.3 -10.6336 
53.35 -10.6343 
53.4 -10.6348 
53.45 -10.6353 
53.5 -10.6358 
53.55 -10.6363 
53.6 -10.6367 
53.65 -10.637 
53.7 -10.6374 
53.75 -10.6376 
53.8 -10.6379 
53.85 -10.638 
53.9 -10.6382 
53.95 -10.6383 
54 -10.6383 
54.05 -10.6384 
54.1 -10.6384 
54.15 -10.6383 
54.2 -10.6382 
54.25 -10.638 
54.3 -10.6378 
54.35 -10.6376 
54.4 -10.6373 
54.45 -10.637 
54.5 -10.6367 
54.55 -10.6363 
54.6 -10.6358 
54.65 -10.6354 
54.7 -10.6348 
54.75 -10.6343 
54.8 -10.6337 
54.85 -10.633 
54.9 -10.6323 
54.95 -10.6316 
55 -10.6308 
55.05 -10.63 
55.1 -10.6292 
55.15 -10.6283 
55.2 -10.6273 
55.25 -10.6264 
55.3 -10.6253 
55.35 -10.6243 
55.4 -10.6232 
55.45 -10.6221 
55.5 -10.6209 
55.55 -10.6196 
55.6 -10.6184 
55.65 -10.6171 
55.7 -10.6157 
55.75 -10.6144 
55.8 -10.6129 
55.85 -10.6115 
55.9 -10.61 
55.95 -10.6084 
56 -10.6068 
56.05 -10.6052 
56.1 -10.6036 
56.15 -10.6018 
56.2 -10.6001 
56.25 -10.5983 
56.3 -10.5965 
56.35 -10.5946 
56.4 -10.5927 
56.45 -10.5908 
56.5 -10.5888 
56.55 -10.5868 
56.6 -10.5847 
56.65 -10.5826 
56.7 -10.5805 
56.75 -10.5783 
56.8 -10.5761 
56.85 -10.5738 
56.9 -10.5715 
56.95 -10.5692 
57 -10.5668 
57.05 -10.5644 
57.1 -10.5619 
57.15 -10.5594 
57.2 -10.5569 
57.25 -10.5543 
57.3 -10.5517 
57.35 -10.5491 
57.4 -10.5464 
57.45 -10.5437 
57.5 -10.5409 
57.55 -10.5381 
57.6 -10.5352 
57.65 -10.5324 
57.7 -10.5295 
57.75 -10.5265 
57.8 -10.5235 
57.85 -10.5205 
57.9 -10.5174 
57.95 -10.5143 
58 -10.5112 
58.05 -10.508 
58.1 -10.5047 
58.15 -10.5015 
58.2 -10.4982 
58.25 -10.4949 
58.3 -10.4915 
58.35 -10.4881 
58.4 -10.4846 
58.45 -10.4811 
58.5 -10.4776 
58.55 -10.4741 
58.6 -10.4705 
58.65 -10.4669 
58.7 -10.4632 
58.75 -10.4595 
58.8 -10.4557 
58.85 -10.452 
58.9 -10.4482 
58.95 -10.4443 
59 -10.4404 
59.05 -10.4365 
59.1 -10.4325 
59.15 -10.4285 
59.2 -10.4245 
59.25 -10.4204 
59.3 -10.4163 
59.35 -10.4122 
59.4 -10.408 
59.45 -10.4038 
59.5 -10.3995 
59.55 -10.3953 
59.6 -10.3909 
59.65 -10.3866 
59.7 -10.3822 
59.75 -10.3778 
59.8 -10.3733 
59.85 -10.3688 
59.9 -10.3643 
59.95 -10.3597 
60 -10.3551 
60.05 -10.3505 
60.1 -10.3458 
60.15 -10.3411 
60.2 -10.3364 
60.25 -10.3316 
60.3 -10.3268 
60.35 -10.3219 
60.4 -10.3171 
60.45 -10.3122 
60.5 -10.3072 
60.55 -10.3022 
60.6 -10.2972 
60.65 -10.2922 
60.7 -10.2871 
60.75 -10.282 
60.8 -10.2768 
60.85 -10.2716 
60.9 -10.2664 
60.95 -10.2612 
61 -10.2559 
61.05 -10.2506 
61.1 -10.2452 
61.15 -10.2398 
61.2 -10.2344 
61.25 -10.229 
61.3 -10.2235 
61.35 -10.218 
61.4 -10.2124 
61.45 -10.2068 
61.5 -10.2013 
61.55 -10.1956 
61.6 -10.1899 
61.65 -10.1842 
61.7 -10.1785 
61.75 -10.1727 
61.8 -10.1669 
61.85 -10.161 
61.9 -10.1552 
61.95 -10.1493 
62 -10.1433 
62.05 -10.1374 
62.1 -10.1314 
62.15 -10.1254 
62.2 -10.1193 
62.25 -10.1132 
62.3 -10.1071 
62.35 -10.1009 
62.4 -10.0948 
62.45 -10.0885 
62.5 -10.0823 
62.55 -10.076 
62.6 -10.0697 
62.65 -10.0634 
62.7 -10.057 
62.75 -10.0506 
62.8 -10.0442 
62.85 -10.0377 
62.9 -10.0312 
62.95 -10.0247 
63 -10.0182 
63.05 -10.0116 
63.1 -10.005 
63.15 -9.99835 
63.2 -9.99166 
63.25 -9.98498 
63.3 -9.97825 
63.35 -9.97148 
63.4 -9.96469 
63.45 -9.95788 
63.5 -9.95105 
63.55 -9.94418 
63.6 -9.93729 
63.65 -9.93035 
63.7 -9.92338 
63.75 -9.91641 
63.8 -9.90939 
63.85 -9.90234 
63.9 -9.89527 
63.95 -9.88817 
64 -9.88104 
64.05 -9.87388 
64.1 -9.86668 
64.15 -9.85948 
64.2 -9.85225 
64.25 -9.84499 
64.3 -9.83769 
64.35 -9.83036 
64.4 -9.82302 
64.45 -9.81563 
64.5 -9.80823 
64.55 -9.8008 
64.6 -9.79333 
64.65 -9.78585 
64.7 -9.77834 
64.75 -9.77081 
64.8 -9.76323 
64.85 -9.75564 
64.9 -9.74802 
64.95 -9.74037 
65 -9.73271 
65.05 -9.72502 
65.1 -9.71729 
65.15 -9.70955 
65.2 -9.70175 
65.25 -9.69394 
65.3 -9.68612 
65.35 -9.67828 
65.4 -9.6704 
65.45 -9.66251 
65.5 -9.65457 
65.55 -9.64662 
65.6 -9.63863 
65.65 -9.63061 
65.7 -9.62258 
65.75 -9.61454 
65.8 -9.60646 
65.85 -9.59836 
65.9 -9.59023 
65.95 -9.58207 
66 -9.5739 
66.05 -9.56569 
66.1 -9.55747 
66.15 -9.54923 
66.2 -9.54095 
66.25 -9.53265 
66.3 -9.52434 
66.35 -9.516 
66.4 -9.50763 
66.45 -9.49923 
66.5 -9.49082 
66.55 -9.48237 
66.6 -9.4739 
66.65 -9.46544 
66.7 -9.45693 
66.75 -9.44841 
66.8 -9.43983 
66.85 -9.43124 
66.9 -9.42265 
66.95 -9.41405 
67 -9.40539 
67.05 -9.39672 
67.1 -9.38805 
67.15 -9.37933 
67.2 -9.37061 
67.25 -9.36185 
67.3 -9.35307 
67.35 -9.34428 
67.4 -9.33545 
67.45 -9.32661 
67.5 -9.31776 
67.55 -9.30887 
67.6 -9.29996 
67.65 -9.29102 
67.7 -9.28207 
67.75 -9.27311 
67.8 -9.26411 
67.85 -9.25511 
67.9 -9.24609 
67.95 -9.23703 
68 -9.22795 
68.05 -9.21887 
68.1 -9.20976 
68.15 -9.20063 
68.2 -9.19147 
68.25 -9.18229 
68.3 -9.17311 
68.35 -9.1639 
68.4 -9.15466 
68.45 -9.14541 
68.5 -9.13613 
68.55 -9.12685 
68.6 -9.11753 
68.65 -9.1082 
68.7 -9.09886 
68.75 -9.0895 
68.8 -9.08011 
68.85 -9.0707 
68.9 -9.06129 
68.95 -9.05184 
69 -9.04238 
69.05 -9.03289 
69.1 -9.02339 
69.15 -9.01387 
69.2 -9.00435 
69.25 -8.9948 
69.3 -8.98522 
69.35 -8.97563 
69.4 -8.96604 
69.45 -8.95641 
69.5 -8.94678 
69.55 -8.93712 
69.6 -8.92743 
69.65 -8.91775 
69.7 -8.90803 
69.75 -8.89831 
69.8 -8.88855 
69.85 -8.87882 
69.9 -8.86904 
69.95 -8.85923 
70 -8.84941 
70.05 -8.83961 
70.1 -8.82974 
70.15 -8.8199 
70.2 -8.81002 
70.25 -8.80013 
70.3 -8.79023 
70.35 -8.7803 
70.4 -8.77035 
70.45 -8.76041 
70.5 -8.75044 
70.55 -8.74045 
70.6 -8.73045 
70.65 -8.72043 
70.7 -8.7104 
70.75 -8.70035 
70.8 -8.69028 
70.85 -8.68021 
70.9 -8.67014 
70.95 -8.66001 
71 -8.6499 
71.05 -8.63976 
71.1 -8.62961 
71.15 -8.61946 
71.2 -8.60927 
71.25 -8.59908 
71.3 -8.58888 
71.35 -8.57865 
71.4 -8.56842 
71.45 -8.55818 
71.5 -8.5479 
71.55 -8.53764 
71.6 -8.52734 
71.65 -8.51704 
71.7 -8.50674 
71.75 -8.49642 
71.8 -8.48606 
71.85 -8.4757 
71.9 -8.46535 
71.95 -8.45495 
72 -8.44457 
72.05 -8.43417 
72.1 -8.42375 
72.15 -8.41332 
72.2 -8.40287 
72.25 -8.39242 
72.3 -8.38195 
72.35 -8.37148 
72.4 -8.361 
72.45 -8.35049 
72.5 -8.33998 
72.55 -8.32946 
72.6 -8.31891 
72.65 -8.30835 
72.7 -8.2978 
72.75 -8.28724 
72.8 -8.27666 
72.85 -8.26607 
72.9 -8.25546 
72.95 -8.24484 
73 -8.23421 
73.05 -8.22359 
73.1 -8.21294 
73.15 -8.20227 
73.2 -8.19161 
73.25 -8.18094 
73.3 -8.17024 
73.35 -8.15955 
73.4 -8.14884 
73.45 -8.13812 
73.5 -8.1274 
73.55 -8.11667 
73.6 -8.10591 
73.65 -8.09517 
73.7 -8.08438 
73.75 -8.07362 
73.8 -8.06282 
73.85 -8.05204 
73.9 -8.04122 
73.95 -8.03041 
74 -8.0196 
74.05 -8.00877 
74.1 -7.99792 
74.15 -7.98708 
74.2 -7.97624 
74.25 -7.96536 
74.3 -7.9545 
74.35 -7.94362 
74.4 -7.93274 
74.45 -7.92182 
74.5 -7.91092 
74.55 -7.90002 
74.6 -7.8891 
74.65 -7.87816 
74.7 -7.86722 
74.75 -7.85629 
74.8 -7.84533 
74.85 -7.83439 
74.9 -7.82341 
74.95 -7.81244 
75 -7.80147 
75.05 -7.79046 
75.1 -7.77948 
75.15 -7.76849 
75.2 -7.75747 
75.25 -7.74647 
75.3 -7.73543 
75.35 -7.72441 
75.4 -7.71337 
75.45 -7.70234 
75.5 -7.69129 
75.55 -7.68024 
75.6 -7.66917 
75.65 -7.65812 
75.7 -7.64705 
75.75 -7.63598 
75.8 -7.6249 
75.85 -7.61382 
75.9 -7.60273 
75.95 -7.59163 
76 -7.58052 
76.05 -7.56942 
76.1 -7.5583 
76.15 -7.54719 
76.2 -7.53605 
76.25 -7.52493 
76.3 -7.5138 
76.35 -7.50265 
76.4 -7.49152 
76.45 -7.48038 
76.5 -7.46922 
76.55 -7.45808 
76.6 -7.44691 
76.65 -7.43575 
76.7 -7.42459 
76.75 -7.4134 
76.8 -7.40222 
76.85 -7.39105 
76.9 -7.37988 
76.95 -7.36868 
77 -7.35748 
77.05 -7.3463 
77.1 -7.3351 
77.15 -7.32389 
77.2 -7.31269 
77.25 -7.30149 
77.3 -7.29028 
77.35 -7.27907 
77.4 -7.26786 
77.45 -7.25663 
77.5 -7.24541 
77.55 -7.23419 
77.6 -7.22296 
77.65 -7.21173 
77.7 -7.2005 
77.75 -7.18926 
77.8 -7.17802 
77.85 -7.16678 
77.9 -7.15555 
77.95 -7.1443 
78 -7.13307 
78.05 -7.12181 
78.1 -7.11056 
78.15 -7.09932 
78.2 -7.08806 
78.25 -7.07681 
78.3 -7.06555 
78.35 -7.05429 
78.4 -7.04304 
78.45 -7.03178 
78.5 -7.02052 
78.55 -7.00925 
78.6 -6.998 
78.65 -6.98673 
78.7 -6.97546 
78.75 -6.9642 
78.8 -6.95293 
78.85 -6.94167 
78.9 -6.9304 
78.95 -6.91913 
79 -6.90787 
79.05 -6.8966 
79.1 -6.88533 
79.15 -6.87406 
79.2 -6.8628 
79.25 -6.85153 
79.3 -6.84026 
79.35 -6.82899 
79.4 -6.81773 
79.45 -6.80646 
79.5 -6.79519 
79.55 -6.78393 
79.6 -6.77266 
79.65 -6.76139 
79.7 -6.75013 
79.75 -6.73886 
79.8 -6.72759 
79.85 -6.71633 
79.9 -6.70507 
79.95 -6.6938 
80 -6.68255 
80.05 -6.67129 
80.1 -6.66004 
80.15 -6.64879 
80.2 -6.63753 
80.25 -6.62627 
80.3 -6.61502 
80.35 -6.60377 
80.4 -6.59252 
80.45 -6.58128 
80.5 -6.57004 
80.55 -6.5588 
80.6 -6.54755 
80.65 -6.53631 
80.7 -6.52507 
80.75 -6.51385 
80.8 -6.50262 
80.85 -6.49138 
80.9 -6.48016 
80.95 -6.46893 
81 -6.45771 
81.05 -6.44649 
81.1 -6.43527 
81.15 -6.42406 
81.2 -6.41284 
81.25 -6.40164 
81.3 -6.39043 
81.35 -6.37923 
81.4 -6.36803 
81.45 -6.35684 
81.5 -6.34564 
81.55 -6.33446 
81.6 -6.32327 
81.65 -6.31209 
81.7 -6.3009 
81.75 -6.28972 
81.8 -6.27855 
81.85 -6.26739 
81.9 -6.25623 
81.95 -6.24506 
82 -6.2339 
82.05 -6.22275 
82.1 -6.21159 
82.15 -6.20046 
82.2 -6.18931 
82.25 -6.17818 
82.3 -6.16705 
82.35 -6.15592 
82.4 -6.14479 
82.45 -6.13367 
82.5 -6.12255 
82.55 -6.11144 
82.6 -6.10034 
82.65 -6.08925 
82.7 -6.07814 
82.75 -6.06706 
82.8 -6.05597 
82.85 -6.04488 
82.9 -6.0338 
82.95 -6.02274 
83 -6.01167 
83.05 -6.00061 
83.1 -5.98956 
83.15 -5.97851 
83.2 -5.96746 
83.25 -5.95641 
83.3 -5.94539 
83.35 -5.93436 
83.4 -5.92333 
83.45 -5.91231 
83.5 -5.9013 
83.55 -5.8903 
83.6 -5.87929 
83.65 -5.8683 
83.7 -5.85731 
83.75 -5.84633 
83.8 -5.83536 
83.85 -5.82439 
83.9 -5.81342 
83.95 -5.80246 
84 -5.79151 
84.05 -5.78057 
84.1 -5.76963 
84.15 -5.7587 
84.2 -5.74776 
84.25 -5.73685 
84.3 -5.72594 
84.35 -5.71503 
84.4 -5.70414 
84.45 -5.69324 
84.5 -5.68235 
84.55 -5.67148 
84.6 -5.6606 
84.65 -5.64974 
84.7 -5.63888 
84.75 -5.62804 
84.8 -5.6172 
84.85 -5.60635 
84.9 -5.59553 
84.95 -5.5847 
85 -5.5739 
85.05 -5.56308 
85.1 -5.55229 
85.15 -5.5415 
85.2 -5.5307 
85.25 -5.51993 
85.3 -5.50917 
85.35 -5.49841 
85.4 -5.48765 
85.45 -5.4769 
85.5 -5.46617 
85.55 -5.45544 
85.6 -5.44471 
85.65 -5.434 
85.7 -5.4233 
85.75 -5.41261 
85.8 -5.40192 
85.85 -5.39124 
85.9 -5.38056 
85.95 -5.3699 
86 -5.35925 
86.05 -5.34859 
86.1 -5.33795 
86.15 -5.32732 
86.2 -5.3167 
86.25 -5.30609 
86.3 -5.29549 
86.35 -5.2849 
86.4 -5.2743 
86.45 -5.26372 
86.5 -5.25316 
86.55 -5.2426 
86.6 -5.23204 
86.65 -5.2215 
86.7 -5.21098 
86.75 -5.20044 
86.8 -5.18992 
86.85 -5.17942 
86.9 -5.16892 
86.95 -5.15844 
87 -5.14795 
87.05 -5.13748 
87.1 -5.12702 
87.15 -5.11658 
87.2 -5.10613 
87.25 -5.09571 
87.3 -5.08528 
87.35 -5.07487 
87.4 -5.06447 
87.45 -5.05408 
87.5 -5.04369 
87.55 -5.03331 
87.6 -5.02295 
87.65 -5.0126 
87.7 -5.00225 
87.75 -4.99192 
87.8 -4.98161 
87.85 -4.97129 
87.9 -4.96099 
87.95 -4.95068 
88 -4.9404 
88.05 -4.93012 
88.1 -4.91986 
88.15 -4.90961 
88.2 -4.89937 
88.25 -4.88913 
88.3 -4.87891 
88.35 -4.8687 
88.4 -4.8585 
88.45 -4.84831 
88.5 -4.83812 
88.55 -4.82796 
88.6 -4.81779 
88.65 -4.80765 
88.7 -4.79751 
88.75 -4.78738 
88.8 -4.77727 
88.85 -4.76715 
88.9 -4.75705 
88.95 -4.74697 
89 -4.7369 
89.05 -4.72683 
89.1 -4.71678 
89.15 -4.70675 
89.2 -4.69671 
89.25 -4.68669 
89.3 -4.67668 
89.35 -4.66668 
89.4 -4.6567 
89.45 -4.64672 
89.5 -4.63676 
89.55 -4.62681 
89.6 -4.61686 
89.65 -4.60693 
89.7 -4.59702 
89.75 -4.58711 
89.8 -4.57721 
89.85 -4.56733 
89.9 -4.55746 
89.95 -4.54759 
90 -4.53774 
90.05 -4.5279 
90.1 -4.51807 
90.15 -4.50826 
90.2 -4.49845 
90.25 -4.48865 
90.3 -4.47888 
90.35 -4.46911 
90.4 -4.45935 
90.45 -4.4496 
90.5 -4.43987 
90.55 -4.43014 
90.6 -4.42044 
90.65 -4.41074 
90.7 -4.40104 
90.75 -4.39138 
90.8 -4.38171 
90.85 -4.37206 
90.9 -4.36241 
90.95 -4.35279 
91 -4.34317 
91.05 -4.33357 
91.1 -4.32398 
91.15 -4.3144 
91.2 -4.30483 
91.25 -4.29528 
91.3 -4.28573 
91.35 -4.2762 
91.4 -4.26669 
91.45 -4.25718 
91.5 -4.24768 
91.55 -4.23819 
91.6 -4.22872 
91.65 -4.21927 
91.7 -4.20982 
91.75 -4.20039 
91.8 -4.19097 
91.85 -4.18156 
91.9 -4.17217 
91.95 -4.16278 
92 -4.15341 
92.05 -4.14405 
92.1 -4.13471 
92.15 -4.12537 
92.2 -4.11605 
92.25 -4.10674 
92.3 -4.09744 
92.35 -4.08816 
92.4 -4.07889 
92.45 -4.06963 
92.5 -4.06038 
92.55 -4.05115 
92.6 -4.04193 
92.65 -4.03273 
92.7 -4.02353 
92.75 -4.01434 
92.8 -4.00517 
92.85 -3.99602 
92.9 -3.98688 
92.95 -3.97774 
93 -3.96862 
93.05 -3.95951 
93.1 -3.95042 
93.15 -3.94133 
93.2 -3.93227 
93.25 -3.92322 
93.3 -3.91417 
93.35 -3.90514 
93.4 -3.89612 
93.45 -3.88712 
93.5 -3.87814 
93.55 -3.86916 
93.6 -3.86019 
93.65 -3.85124 
93.7 -3.84229 
93.75 -3.83337 
93.8 -3.82445 
93.85 -3.81555 
93.9 -3.80666 
93.95 -3.79778 
94 -3.78892 
94.05 -3.78008 
94.1 -3.77123 
94.15 -3.76242 
94.2 -3.75361 
94.25 -3.74481 
94.3 -3.73603 
94.35 -3.72726 
94.4 -3.7185 
94.45 -3.70975 
94.5 -3.70103 
94.55 -3.69231 
94.6 -3.6836 
94.65 -3.6749 
94.7 -3.66622 
94.75 -3.65756 
94.8 -3.6489 
94.85 -3.64026 
94.9 -3.63163 
94.95 -3.62302 
95 -3.61442 
95.05 -3.60583 
95.1 -3.59726 
95.15 -3.5887 
95.2 -3.58015 
95.25 -3.57161 
95.3 -3.56308 
95.35 -3.55457 
95.4 -3.54607 
95.45 -3.53759 
95.5 -3.52911 
95.55 -3.52066 
95.6 -3.51221 
95.65 -3.50378 
95.7 -3.49537 
95.75 -3.48696 
95.8 -3.47856 
95.85 -3.47018 
95.9 -3.46181 
95.95 -3.45346 
96 -3.44512 
96.05 -3.43679 
96.1 -3.42848 
96.15 -3.42018 
96.2 -3.41188 
96.25 -3.40361 
96.3 -3.39535 
96.35 -3.3871 
96.4 -3.37886 
96.45 -3.37063 
96.5 -3.36242 
96.55 -3.35423 
96.6 -3.34604 
96.65 -3.33787 
96.7 -3.32971 
96.75 -3.32156 
96.8 -3.31343 
96.85 -3.3053 
96.9 -3.2972 
96.95 -3.2891 
97 -3.28102 
97.05 -3.27295 
97.1 -3.26489 
97.15 -3.25685 
97.2 -3.24882 
97.25 -3.2408 
97.3 -3.23279 
97.35 -3.2248 
97.4 -3.21682 
97.45 -3.20885 
97.5 -3.2009 
97.55 -3.19296 
97.6 -3.18502 
97.65 -3.17711 
97.7 -3.16921 
97.75 -3.16131 
97.8 -3.15344 
97.85 -3.14557 
97.9 -3.13771 
97.95 -3.12987 
98 -3.12205 
98.05 -3.11423 
98.1 -3.10642 
98.15 -3.09863 
98.2 -3.09085 
98.25 -3.08308 
98.3 -3.07533 
98.35 -3.06758 
98.4 -3.05985 
98.45 -3.05213 
98.5 -3.04442 
98.55 -3.03673 
98.6 -3.02905 
98.65 -3.02138 
98.7 -3.01371 
98.75 -3.00607 
98.8 -2.99843 
98.85 -2.99081 
98.9 -2.98319 
98.95 -2.97559 
99 -2.968 
99.05 -2.96042 
99.1 -2.95286 
99.15 -2.9453 
99.2 -2.93776 
99.25 -2.93022 
99.3 -2.9227 
99.35 -2.91518 
99.4 -2.90768 
99.45 -2.90019 
99.5 -2.89271 
99.55 -2.88523 
99.6 -2.87777 
99.65 -2.87032 
99.7 -2.86288 
99.75 -2.85545 
99.8 -2.84803 
99.85 -2.84061 
99.9 -2.83321 
99.95 -2.82581 
100 -2.81843 
100.05 -2.81105 
100.1 -2.80368 
100.15 -2.79632 
100.2 -2.78896 
100.25 -2.78162 
100.3 -2.77428 
100.35 -2.76695 
100.4 -2.75962 
100.45 -2.75231 
100.5 -2.74499 
100.55 -2.73769 
100.6 -2.7304 
100.65 -2.7231 
100.7 -2.71581 
100.75 -2.70853 
100.8 -2.70125 
100.85 -2.69398 
100.9 -2.6867 
100.95 -2.67944 
101 -2.67217 
101.05 -2.66491 
101.1 -2.65765 
101.15 -2.6504 
101.2 -2.64314 
101.25 -2.63589 
101.3 -2.62864 
101.35 -2.62138 
101.4 -2.61413 
101.45 -2.60688 
101.5 -2.59963 
101.55 -2.59237 
101.6 -2.58511 
101.65 -2.57786 
101.7 -2.5706 
101.75 -2.56333 
101.8 -2.55607 
101.85 -2.5488 
101.9 -2.54153 
101.95 -2.53425 
102 -2.52696 
102.05 -2.51967 
102.1 -2.51238 
102.15 -2.50508 
102.2 -2.49778 
102.25 -2.49046 
102.3 -2.48314 
102.35 -2.47581 
102.4 -2.46847 
102.45 -2.46113 
102.5 -2.45377 
102.55 -2.44641 
102.6 -2.43904 
102.65 -2.43165 
102.7 -2.42426 
102.75 -2.41686 
102.8 -2.40945 
102.85 -2.40203 
102.9 -2.39459 
102.95 -2.38715 
103 -2.3797 
103.05 -2.37222 
103.1 -2.36474 
103.15 -2.35725 
103.2 -2.34975 
103.25 -2.34224 
103.3 -2.33471 
103.35 -2.32718 
103.4 -2.31963 
103.45 -2.31207 
103.5 -2.30449 
103.55 -2.29692 
103.6 -2.28932 
103.65 -2.28171 
103.7 -2.27409 
103.75 -2.26647 
103.8 -2.25883 
103.85 -2.25119 
103.9 -2.24353 
103.95 -2.23586 
104 -2.22818 
104.05 -2.2205 
104.1 -2.2128 
104.15 -2.2051 
104.2 -2.19739 
104.25 -2.18968 
104.3 -2.18195 
104.35 -2.17423 
104.4 -2.16649 
104.45 -2.15875 
104.5 -2.15101 
104.55 -2.14326 
104.6 -2.13551 
104.65 -2.12776 
104.7 -2.12 
104.75 -2.11225 
104.8 -2.1045 
104.85 -2.09675 
104.9 -2.08899 
104.95 -2.08124 
105 -2.0735 
105.05 -2.06576 
105.1 -2.05802 
105.15 -2.05029 
105.2 -2.04257 
105.25 -2.03486 
105.3 -2.02715 
105.35 -2.01945 
105.4 -2.01176 
105.45 -2.00409 
105.5 -1.99642 
105.55 -1.98878 
105.6 -1.98114 
105.65 -1.97352 
105.7 -1.96592 
105.75 -1.95834 
105.8 -1.95077 
105.85 -1.94322 
105.9 -1.93569 
105.95 -1.92819 
106 -1.9207 
106.05 -1.91324 
106.1 -1.9058 
106.15 -1.89839 
106.2 -1.891 
106.25 -1.88364 
106.3 -1.87632 
106.35 -1.86901 
106.4 -1.86174 
106.45 -1.8545 
106.5 -1.84729 
106.55 -1.84011 
106.6 -1.83296 
106.65 -1.82585 
106.7 -1.81877 
106.75 -1.81173 
106.8 -1.80472 
106.85 -1.79775 
106.9 -1.79083 
106.95 -1.78393 
107 -1.77708 
107.05 -1.77026 
107.1 -1.76349 
107.15 -1.75676 
107.2 -1.75006 
107.25 -1.74341 
107.3 -1.73681 
107.35 -1.73024 
107.4 -1.72372 
107.45 -1.71724 
107.5 -1.71081 
107.55 -1.70442 
107.6 -1.69808 
107.65 -1.69178 
107.7 -1.68553 
107.75 -1.67932 
107.8 -1.67316 
107.85 -1.66705 
107.9 -1.66099 
107.95 -1.65497 
108 -1.64899 
108.05 -1.64307 
108.1 -1.6372 
108.15 -1.63136 
108.2 -1.62559 
108.25 -1.61985 
108.3 -1.61417 
108.35 -1.60853 
108.4 -1.60294 
108.45 -1.5974 
108.5 -1.59191 
108.55 -1.58646 
108.6 -1.58107 
108.65 -1.57571 
108.7 -1.57041 
108.75 -1.56516 
108.8 -1.55995 
108.85 -1.55479 
108.9 -1.54968 
108.95 -1.54462 
109 -1.53959 
109.05 -1.53462 
109.1 -1.52969 
109.15 -1.52481 
109.2 -1.51998 
109.25 -1.51519 
109.3 -1.51044 
109.35 -1.50574 
109.4 -1.50108 
109.45 -1.49647 
109.5 -1.49191 
109.55 -1.48738 
109.6 -1.4829 
109.65 -1.47846 
109.7 -1.47407 
109.75 -1.46971 
109.8 -1.4654 
109.85 -1.46113 
109.9 -1.45691 
109.95 -1.45272 
110 -1.44857 
110.05 -1.44446 
110.1 -1.44039 
110.15 -1.43636 
110.2 -1.43237 
110.25 -1.42842 
110.3 -1.4245 
110.35 -1.42063 
110.4 -1.41679 
110.45 -1.41299 
110.5 -1.40922 
110.55 -1.40549 
110.6 -1.40179 
110.65 -1.39813 
110.7 -1.39451 
110.75 -1.39092 
110.8 -1.38736 
110.85 -1.38383 
110.9 -1.38034 
110.95 -1.37688 
111 -1.37346 
111.05 -1.37006 
111.1 -1.3667 
111.15 -1.36337 
111.2 -1.36007 
111.25 -1.35679 
111.3 -1.35355 
111.35 -1.35034 
111.4 -1.34716 
111.45 -1.344 
111.5 -1.34088 
111.55 -1.33778 
111.6 -1.33471 
111.65 -1.33167 
111.7 -1.32865 
111.75 -1.32566 
111.8 -1.3227 
111.85 -1.31977 
111.9 -1.31686 
111.95 -1.31398 
112 -1.31112 
112.05 -1.30829 
112.1 -1.30548 
112.15 -1.3027 
112.2 -1.29995 
112.25 -1.29721 
112.3 -1.2945 
112.35 -1.29182 
112.4 -1.28915 
112.45 -1.28651 
112.5 -1.28389 
112.55 -1.28129 
112.6 -1.27871 
112.65 -1.27615 
112.7 -1.2736 
112.75 -1.27108 
112.8 -1.26857 
112.85 -1.26608 
112.9 -1.26361 
112.95 -1.26115 
113 -1.25872 
113.05 -1.25629 
113.1 -1.25388 
113.15 -1.25149 
113.2 -1.24911 
113.25 -1.24675 
113.3 -1.24441 
113.35 -1.24207 
113.4 -1.23976 
113.45 -1.23745 
113.5 -1.23516 
113.55 -1.23287 
113.6 -1.23061 
113.65 -1.22836 
113.7 -1.22612 
113.75 -1.22389 
113.8 -1.22167 
113.85 -1.21946 
113.9 -1.21727 
113.95 -1.21509 
114 -1.21292 
114.05 -1.21075 
114.1 -1.2086 
114.15 -1.20646 
114.2 -1.20433 
114.25 -1.20221 
114.3 -1.2001 
114.35 -1.198 
114.4 -1.1959 
114.45 -1.19382 
114.5 -1.19175 
114.55 -1.18968 
114.6 -1.18762 
114.65 -1.18557 
114.7 -1.18353 
114.75 -1.1815 
114.8 -1.17948 
114.85 -1.17746 
