0 -0.0219984 
0.05 -0.0229056 
0.1 -0.0238148 
0.15 -0.0247252 
0.2 -0.0256372 
0.25 -0.0265503 
0.3 -0.0274645 
0.35 -0.0283801 
0.4 -0.0292964 
0.45 -0.0302134 
0.5 -0.0311312 
0.55 -0.0320498 
0.6 -0.0329689 
0.65 -0.0338886 
0.7 -0.0348088 
0.75 -0.0357294 
0.8 -0.0366508 
0.85 -0.0375724 
0.9 -0.0384948 
0.95 -0.0394179 
1 -0.0403417 
1.05 -0.0412661 
1.1 -0.0421914 
1.15 -0.0431177 
1.2 -0.0440449 
1.25 -0.0449734 
1.3 -0.0459031 
1.35 -0.0468344 
1.4 -0.0477674 
1.45 -0.0487024 
1.5 -0.0496392 
1.55 -0.0505784 
1.6 -0.0515203 
1.65 -0.0524649 
1.7 -0.0534126 
1.75 -0.0543635 
1.8 -0.0553182 
1.85 -0.0562767 
1.9 -0.0572396 
1.95 -0.0582068 
2 -0.0591789 
2.05 -0.0601565 
2.1 -0.0611394 
2.15 -0.0621283 
2.2 -0.0631235 
2.25 -0.0641255 
2.3 -0.0651346 
2.35 -0.066151 
2.4 -0.0671752 
2.45 -0.0682077 
2.5 -0.0692491 
2.55 -0.0702992 
2.6 -0.0713591 
2.65 -0.0724286 
2.7 -0.0735085 
2.75 -0.0745991 
2.8 -0.075701 
2.85 -0.0768143 
2.9 -0.0779397 
2.95 -0.0790775 
3 -0.0802282 
3.05 -0.081392 
3.1 -0.0825696 
3.15 -0.0837613 
3.2 -0.0849676 
3.25 -0.0861887 
3.3 -0.0874254 
3.35 -0.0886776 
3.4 -0.0899462 
3.45 -0.0912314 
3.5 -0.0925335 
3.55 -0.0938531 
3.6 -0.0951904 
3.65 -0.0965462 
3.7 -0.0979204 
3.75 -0.0993138 
3.8 -0.100727 
3.85 -0.102159 
3.9 -0.103612 
3.95 -0.105085 
4 -0.106579 
4.05 -0.108095 
4.1 -0.109632 
4.15 -0.111192 
4.2 -0.112773 
4.25 -0.114378 
4.3 -0.116006 
4.35 -0.117657 
4.4 -0.119332 
4.45 -0.121031 
4.5 -0.122755 
4.55 -0.124504 
4.6 -0.126278 
4.65 -0.128078 
4.7 -0.129903 
4.75 -0.131755 
4.8 -0.133633 
4.85 -0.135538 
4.9 -0.13747 
4.95 -0.139429 
5 -0.141417 
5.05 -0.143432 
5.1 -0.145476 
5.15 -0.147548 
5.2 -0.14965 
5.25 -0.15178 
5.3 -0.153941 
5.35 -0.156131 
5.4 -0.158351 
5.45 -0.160601 
5.5 -0.162882 
5.55 -0.165194 
5.6 -0.167537 
5.65 -0.169912 
5.7 -0.172318 
5.75 -0.174756 
5.8 -0.177226 
5.85 -0.179729 
5.9 -0.182265 
5.95 -0.184833 
6 -0.187434 
6.05 -0.190069 
6.1 -0.192738 
6.15 -0.19544 
6.2 -0.198176 
6.25 -0.200947 
6.3 -0.203752 
6.35 -0.206592 
6.4 -0.209467 
6.45 -0.212377 
6.5 -0.215323 
6.55 -0.218304 
6.6 -0.221321 
6.65 -0.224373 
6.7 -0.227463 
6.75 -0.230588 
6.8 -0.23375 
6.85 -0.236949 
6.9 -0.240184 
6.95 -0.243457 
7 -0.246767 
7.05 -0.250115 
7.1 -0.2535 
7.15 -0.256923 
7.2 -0.260385 
7.25 -0.263884 
7.3 -0.267422 
7.35 -0.270998 
7.4 -0.274613 
7.45 -0.278267 
7.5 -0.28196 
7.55 -0.285691 
7.6 -0.289463 
7.65 -0.293273 
7.7 -0.297123 
7.75 -0.301013 
7.8 -0.304943 
7.85 -0.308912 
7.9 -0.312922 
7.95 -0.316972 
8 -0.321062 
8.05 -0.325193 
8.1 -0.329364 
8.15 -0.333576 
8.2 -0.337829 
8.25 -0.342123 
8.3 -0.346458 
8.35 -0.350833 
8.4 -0.35525 
8.45 -0.359709 
8.5 -0.364208 
8.55 -0.36875 
8.6 -0.373333 
8.65 -0.377957 
8.7 -0.382623 
8.75 -0.387331 
8.8 -0.392081 
8.85 -0.396872 
8.9 -0.401706 
8.95 -0.406582 
9 -0.411499 
9.05 -0.416459 
9.1 -0.421462 
9.15 -0.426506 
9.2 -0.431593 
9.25 -0.436722 
9.3 -0.441893 
9.35 -0.447107 
9.4 -0.452363 
9.45 -0.457662 
9.5 -0.463003 
9.55 -0.468387 
9.6 -0.473813 
9.65 -0.479282 
9.7 -0.484794 
9.75 -0.490347 
9.8 -0.495944 
9.85 -0.501583 
9.9 -0.507265 
9.95 -0.512989 
10 -0.518757 
10.05 -0.524566 
10.1 -0.530418 
10.15 -0.536313 
10.2 -0.54225 
10.25 -0.54823 
10.3 -0.554251 
10.35 -0.560316 
10.4 -0.566424 
10.45 -0.572573 
10.5 -0.578765 
10.55 -0.585 
10.6 -0.591277 
10.65 -0.597596 
10.7 -0.603957 
10.75 -0.61036 
10.8 -0.616806 
10.85 -0.623294 
10.9 -0.629824 
10.95 -0.636396 
11 -0.643009 
11.05 -0.649665 
11.1 -0.656363 
11.15 -0.663103 
11.2 -0.669883 
11.25 -0.676707 
11.3 -0.683571 
11.35 -0.690478 
11.4 -0.697425 
11.45 -0.704414 
11.5 -0.711445 
11.55 -0.718516 
11.6 -0.72563 
11.65 -0.732784 
11.7 -0.739979 
11.75 -0.747216 
11.8 -0.754492 
11.85 -0.761811 
11.9 -0.769169 
11.95 -0.776568 
12 -0.784009 
12.05 -0.791488 
12.1 -0.799009 
12.15 -0.806571 
12.2 -0.814172 
12.25 -0.821813 
12.3 -0.829494 
12.35 -0.837216 
12.4 -0.844977 
12.45 -0.852778 
12.5 -0.860618 
12.55 -0.868499 
12.6 -0.876418 
12.65 -0.884377 
12.7 -0.892375 
12.75 -0.900412 
12.8 -0.908488 
12.85 -0.916603 
12.9 -0.924757 
12.95 -0.932949 
13 -0.941181 
13.05 -0.94945 
13.1 -0.957758 
13.15 -0.966104 
13.2 -0.974488 
13.25 -0.98291 
13.3 -0.99137 
13.35 -0.999868 
13.4 -1.0084 
13.45 -1.01698 
13.5 -1.02559 
13.55 -1.03423 
13.6 -1.04292 
13.65 -1.05164 
13.7 -1.0604 
13.75 -1.06919 
13.8 -1.07803 
13.85 -1.08689 
13.9 -1.0958 
13.95 -1.10474 
14 -1.11372 
14.05 -1.12273 
14.1 -1.13178 
14.15 -1.14086 
14.2 -1.14998 
14.25 -1.15914 
14.3 -1.16833 
14.35 -1.17756 
14.4 -1.18682 
14.45 -1.19611 
14.5 -1.20545 
14.55 -1.21481 
14.6 -1.22421 
14.65 -1.23365 
14.7 -1.24311 
14.75 -1.25262 
14.8 -1.26215 
14.85 -1.27172 
14.9 -1.28133 
14.95 -1.29096 
15 -1.30064 
15.05 -1.31034 
15.1 -1.32008 
15.15 -1.32985 
15.2 -1.33965 
15.25 -1.34948 
15.3 -1.35935 
15.35 -1.36925 
15.4 -1.37918 
15.45 -1.38915 
15.5 -1.39914 
15.55 -1.40917 
15.6 -1.41923 
15.65 -1.42932 
15.7 -1.43944 
15.75 -1.44959 
15.8 -1.45978 
15.85 -1.46999 
15.9 -1.48024 
15.95 -1.49051 
16 -1.50082 
16.05 -1.51115 
16.1 -1.52152 
16.15 -1.53192 
16.2 -1.54234 
16.25 -1.55279 
16.3 -1.56328 
16.35 -1.57379 
16.4 -1.58433 
16.45 -1.59491 
16.5 -1.60551 
16.55 -1.61613 
16.6 -1.62679 
16.65 -1.63747 
16.7 -1.64819 
16.75 -1.65893 
16.8 -1.6697 
16.85 -1.68049 
16.9 -1.69132 
16.95 -1.70217 
17 -1.71304 
17.05 -1.72395 
17.1 -1.73488 
17.15 -1.74584 
17.2 -1.75682 
17.25 -1.76783 
17.3 -1.77887 
17.35 -1.78993 
17.4 -1.80102 
17.45 -1.81213 
17.5 -1.82327 
17.55 -1.83443 
17.6 -1.84562 
17.65 -1.85684 
17.7 -1.86807 
17.75 -1.87934 
17.8 -1.89063 
17.85 -1.90194 
17.9 -1.91327 
17.95 -1.92463 
18 -1.93602 
18.05 -1.94742 
18.1 -1.95885 
18.15 -1.9703 
18.2 -1.98178 
18.25 -1.99328 
18.3 -2.0048 
18.35 -2.01634 
18.4 -2.02791 
18.45 -2.03949 
18.5 -2.05111 
18.55 -2.06274 
18.6 -2.07439 
18.65 -2.08607 
18.7 -2.09776 
18.75 -2.10948 
18.8 -2.12122 
18.85 -2.13297 
18.9 -2.14475 
18.95 -2.15655 
19 -2.16837 
19.05 -2.18021 
19.1 -2.19207 
19.15 -2.20395 
19.2 -2.21584 
19.25 -2.22776 
19.3 -2.2397 
19.35 -2.25165 
19.4 -2.26363 
19.45 -2.27562 
19.5 -2.28763 
19.55 -2.29966 
19.6 -2.31171 
19.65 -2.32377 
19.7 -2.33585 
19.75 -2.34795 
19.8 -2.36007 
19.85 -2.3722 
19.9 -2.38435 
19.95 -2.39652 
20 -2.40871 
20.05 -2.42091 
20.1 -2.43312 
20.15 -2.44536 
20.2 -2.45761 
20.25 -2.46987 
20.3 -2.48215 
20.35 -2.49445 
20.4 -2.50676 
20.45 -2.51908 
20.5 -2.53142 
20.55 -2.54378 
20.6 -2.55614 
20.65 -2.56853 
20.7 -2.58093 
20.75 -2.59334 
20.8 -2.60576 
20.85 -2.6182 
20.9 -2.63065 
20.95 -2.64312 
21 -2.6556 
21.05 -2.66809 
21.1 -2.68059 
21.15 -2.6931 
21.2 -2.70563 
21.25 -2.71817 
21.3 -2.73072 
21.35 -2.74329 
21.4 -2.75586 
21.45 -2.76845 
21.5 -2.78105 
21.55 -2.79365 
21.6 -2.80627 
21.65 -2.8189 
21.7 -2.83154 
21.75 -2.84419 
21.8 -2.85685 
21.85 -2.86952 
21.9 -2.8822 
21.95 -2.89489 
22 -2.90759 
22.05 -2.9203 
22.1 -2.93302 
22.15 -2.94574 
22.2 -2.95847 
22.25 -2.97122 
22.3 -2.98397 
22.35 -2.99673 
22.4 -3.00949 
22.45 -3.02227 
22.5 -3.03505 
22.55 -3.04784 
22.6 -3.06064 
22.65 -3.07344 
22.7 -3.08625 
22.75 -3.09907 
22.8 -3.11189 
22.85 -3.12472 
22.9 -3.13755 
22.95 -3.15039 
23 -3.16324 
23.05 -3.17609 
23.1 -3.18895 
23.15 -3.20182 
23.2 -3.21469 
23.25 -3.22756 
23.3 -3.24044 
23.35 -3.25332 
23.4 -3.2662 
23.45 -3.27909 
23.5 -3.29199 
23.55 -3.30489 
23.6 -3.31779 
23.65 -3.33069 
23.7 -3.3436 
23.75 -3.35652 
23.8 -3.36943 
23.85 -3.38235 
23.9 -3.39527 
23.95 -3.40819 
24 -3.42111 
24.05 -3.43404 
24.1 -3.44697 
24.15 -3.4599 
24.2 -3.47282 
24.25 -3.48576 
24.3 -3.49869 
24.35 -3.51163 
24.4 -3.52456 
24.45 -3.5375 
24.5 -3.55043 
24.55 -3.56337 
24.6 -3.57631 
24.65 -3.58924 
24.7 -3.60217 
24.75 -3.61511 
24.8 -3.62805 
24.85 -3.64098 
24.9 -3.65392 
24.95 -3.66684 
25 -3.67978 
25.05 -3.69271 
25.1 -3.70563 
25.15 -3.71856 
25.2 -3.73148 
25.25 -3.7444 
25.3 -3.75732 
25.35 -3.77023 
25.4 -3.78314 
25.45 -3.79606 
25.5 -3.80897 
25.55 -3.82188 
25.6 -3.83478 
25.65 -3.84767 
25.7 -3.86056 
25.75 -3.87345 
25.8 -3.88634 
25.85 -3.89923 
25.9 -3.9121 
25.95 -3.92497 
26 -3.93784 
26.05 -3.9507 
26.1 -3.96356 
26.15 -3.97641 
26.2 -3.98926 
26.25 -4.0021 
26.3 -4.01494 
26.35 -4.02776 
26.4 -4.04059 
26.45 -4.05341 
26.5 -4.06622 
26.55 -4.07902 
26.6 -4.09182 
26.65 -4.10462 
26.7 -4.1174 
26.75 -4.13018 
26.8 -4.14295 
26.85 -4.15571 
26.9 -4.16846 
26.95 -4.18121 
27 -4.19395 
27.05 -4.20668 
27.1 -4.2194 
27.15 -4.23211 
27.2 -4.24481 
27.25 -4.25751 
27.3 -4.2702 
27.35 -4.28287 
27.4 -4.29555 
27.45 -4.3082 
27.5 -4.32085 
27.55 -4.33349 
27.6 -4.34612 
27.65 -4.35874 
27.7 -4.37135 
27.75 -4.38395 
27.8 -4.39653 
27.85 -4.40911 
27.9 -4.42167 
27.95 -4.43423 
28 -4.44678 
28.05 -4.45931 
28.1 -4.47182 
28.15 -4.48434 
28.2 -4.49684 
28.25 -4.50932 
28.3 -4.52179 
28.35 -4.53426 
28.4 -4.5467 
28.45 -4.55914 
28.5 -4.57156 
28.55 -4.58398 
28.6 -4.59637 
28.65 -4.60875 
28.7 -4.62113 
28.75 -4.63348 
28.8 -4.64582 
28.85 -4.65815 
28.9 -4.67047 
28.95 -4.68277 
29 -4.69506 
29.05 -4.70733 
29.1 -4.71959 
29.15 -4.73183 
29.2 -4.74407 
29.25 -4.75628 
29.3 -4.76848 
29.35 -4.78066 
29.4 -4.79283 
29.45 -4.80498 
29.5 -4.81712 
29.55 -4.82924 
29.6 -4.84134 
29.65 -4.85343 
29.7 -4.8655 
29.75 -4.87756 
29.8 -4.8896 
29.85 -4.90163 
29.9 -4.91363 
29.95 -4.92562 
30 -4.93759 
30.05 -4.94955 
30.1 -4.96149 
30.15 -4.9734 
30.2 -4.9853 
30.25 -4.99719 
30.3 -5.00905 
30.35 -5.0209 
30.4 -5.03273 
30.45 -5.04454 
30.5 -5.05633 
30.55 -5.06811 
30.6 -5.07986 
30.65 -5.0916 
30.7 -5.10332 
30.75 -5.11502 
30.8 -5.12669 
30.85 -5.13836 
30.9 -5.15 
30.95 -5.16161 
31 -5.17322 
31.05 -5.18479 
31.1 -5.19635 
31.15 -5.2079 
31.2 -5.21941 
31.25 -5.23091 
31.3 -5.24239 
31.35 -5.25385 
31.4 -5.26529 
31.45 -5.2767 
31.5 -5.2881 
31.55 -5.29947 
31.6 -5.31082 
31.65 -5.32215 
31.7 -5.33346 
31.75 -5.34475 
31.8 -5.35601 
31.85 -5.36725 
31.9 -5.37847 
31.95 -5.38967 
32 -5.40085 
32.05 -5.412 
32.1 -5.42313 
32.15 -5.43424 
32.2 -5.44532 
32.25 -5.45639 
32.3 -5.46742 
32.35 -5.47844 
32.4 -5.48943 
32.45 -5.5004 
32.5 -5.51134 
32.55 -5.52226 
32.6 -5.53316 
32.65 -5.54404 
32.7 -5.55488 
32.75 -5.56571 
32.8 -5.57651 
32.85 -5.58729 
32.9 -5.59804 
32.95 -5.60877 
33 -5.61947 
33.05 -5.63015 
33.1 -5.6408 
33.15 -5.65142 
33.2 -5.66203 
33.25 -5.67261 
33.3 -5.68315 
33.35 -5.69368 
33.4 -5.70418 
33.45 -5.71466 
33.5 -5.7251 
33.55 -5.73553 
33.6 -5.74593 
33.65 -5.75629 
33.7 -5.76664 
33.75 -5.77696 
33.8 -5.78725 
33.85 -5.79752 
33.9 -5.80775 
33.95 -5.81796 
34 -5.82814 
34.05 -5.8383 
34.1 -5.84843 
34.15 -5.85853 
34.2 -5.8686 
34.25 -5.87865 
34.3 -5.88867 
34.35 -5.89866 
34.4 -5.90863 
34.45 -5.91856 
34.5 -5.92847 
34.55 -5.93835 
34.6 -5.9482 
34.65 -5.95803 
34.7 -5.96783 
34.75 -5.97759 
34.8 -5.98733 
34.85 -5.99704 
34.9 -6.00672 
34.95 -6.01638 
35 -6.026 
35.05 -6.03559 
35.1 -6.04516 
35.15 -6.05469 
35.2 -6.0642 
35.25 -6.07367 
35.3 -6.08313 
35.35 -6.09254 
35.4 -6.10193 
35.45 -6.11129 
35.5 -6.12062 
35.55 -6.12992 
35.6 -6.13919 
35.65 -6.14843 
35.7 -6.15763 
35.75 -6.1668 
35.8 -6.17596 
35.85 -6.18507 
35.9 -6.19416 
35.95 -6.20322 
36 -6.21224 
36.05 -6.22124 
36.1 -6.2302 
36.15 -6.23914 
36.2 -6.24803 
36.25 -6.25691 
36.3 -6.26574 
36.35 -6.27455 
36.4 -6.28333 
36.45 -6.29207 
36.5 -6.30078 
36.55 -6.30947 
36.6 -6.31812 
36.65 -6.32674 
36.7 -6.33532 
36.75 -6.34388 
36.8 -6.3524 
36.85 -6.36089 
36.9 -6.36935 
36.95 -6.37778 
37 -6.38617 
37.05 -6.39453 
37.1 -6.40286 
37.15 -6.41115 
37.2 -6.41942 
37.25 -6.42765 
37.3 -6.43585 
37.35 -6.44402 
37.4 -6.45215 
37.45 -6.46025 
37.5 -6.46832 
37.55 -6.47635 
37.6 -6.48435 
37.65 -6.49232 
37.7 -6.50026 
37.75 -6.50815 
37.8 -6.51602 
37.85 -6.52386 
37.9 -6.53166 
37.95 -6.53942 
38 -6.54716 
38.05 -6.55485 
38.1 -6.56252 
38.15 -6.57015 
38.2 -6.57775 
38.25 -6.58531 
38.3 -6.59285 
38.35 -6.60034 
38.4 -6.60779 
38.45 -6.61522 
38.5 -6.62262 
38.55 -6.62998 
38.6 -6.6373 
38.65 -6.64459 
38.7 -6.65184 
38.75 -6.65906 
38.8 -6.66624 
38.85 -6.6734 
38.9 -6.68052 
38.95 -6.68759 
39 -6.69465 
39.05 -6.70166 
39.1 -6.70863 
39.15 -6.71557 
39.2 -6.72248 
39.25 -6.72936 
39.3 -6.73619 
39.35 -6.74299 
39.4 -6.74976 
39.45 -6.75648 
39.5 -6.76318 
39.55 -6.76983 
39.6 -6.77646 
39.65 -6.78306 
39.7 -6.78961 
39.75 -6.79612 
39.8 -6.8026 
39.85 -6.80905 
39.9 -6.81546 
39.95 -6.82183 
40 -6.82818 
40.05 -6.83448 
40.1 -6.84074 
40.15 -6.84698 
40.2 -6.85317 
40.25 -6.85933 
40.3 -6.86545 
40.35 -6.87154 
40.4 -6.87759 
40.45 -6.88361 
40.5 -6.88958 
40.55 -6.89553 
40.6 -6.90143 
40.65 -6.9073 
40.7 -6.91313 
40.75 -6.91892 
40.8 -6.92469 
40.85 -6.93042 
40.9 -6.9361 
40.95 -6.94174 
41 -6.94737 
41.05 -6.95294 
41.1 -6.95847 
41.15 -6.96398 
41.2 -6.96945 
41.25 -6.97487 
41.3 -6.98027 
41.35 -6.98563 
41.4 -6.99096 
41.45 -6.99624 
41.5 -7.00148 
41.55 -7.00669 
41.6 -7.01186 
41.65 -7.017 
41.7 -7.02209 
41.75 -7.02716 
41.8 -7.03218 
41.85 -7.03716 
41.9 -7.04211 
41.95 -7.04703 
42 -7.05191 
42.05 -7.05674 
42.1 -7.06155 
42.15 -7.06631 
42.2 -7.07103 
42.25 -7.07572 
42.3 -7.08038 
42.35 -7.08499 
42.4 -7.08957 
42.45 -7.09411 
42.5 -7.09861 
42.55 -7.10308 
42.6 -7.1075 
42.65 -7.11189 
42.7 -7.11624 
42.75 -7.12056 
42.8 -7.12484 
42.85 -7.12908 
42.9 -7.13329 
42.95 -7.13745 
43 -7.14158 
43.05 -7.14567 
43.1 -7.14972 
43.15 -7.15373 
43.2 -7.15772 
43.25 -7.16165 
43.3 -7.16555 
43.35 -7.16942 
43.4 -7.17325 
43.45 -7.17704 
43.5 -7.18079 
43.55 -7.1845 
43.6 -7.18819 
43.65 -7.19181 
43.7 -7.19543 
43.75 -7.19897 
43.8 -7.20251 
43.85 -7.20599 
43.9 -7.20945 
43.95 -7.21287 
44 -7.21624 
44.05 -7.21957 
44.1 -7.22286 
44.15 -7.22613 
44.2 -7.22936 
44.25 -7.23254 
44.3 -7.23569 
44.35 -7.23881 
44.4 -7.24187 
44.45 -7.24491 
44.5 -7.24791 
44.55 -7.25087 
44.6 -7.25379 
44.65 -7.25668 
44.7 -7.25953 
44.75 -7.26233 
44.8 -7.2651 
44.85 -7.26783 
44.9 -7.27054 
44.95 -7.27319 
45 -7.2758 
45.05 -7.27839 
45.1 -7.28093 
45.15 -7.28343 
45.2 -7.2859 
45.25 -7.28835 
45.3 -7.29074 
45.35 -7.29311 
45.4 -7.29541 
45.45 -7.2977 
45.5 -7.29993 
45.55 -7.30214 
45.6 -7.30431 
45.65 -7.30644 
45.7 -7.30853 
45.75 -7.31059 
45.8 -7.31261 
45.85 -7.31459 
45.9 -7.31653 
45.95 -7.31843 
46 -7.3203 
46.05 -7.32213 
46.1 -7.32393 
46.15 -7.32567 
46.2 -7.32739 
46.25 -7.32907 
46.3 -7.33072 
46.35 -7.33232 
46.4 -7.3339 
46.45 -7.33543 
46.5 -7.33692 
46.55 -7.33837 
46.6 -7.33979 
46.65 -7.34117 
46.7 -7.34251 
46.75 -7.34382 
46.8 -7.34508 
46.85 -7.34632 
46.9 -7.34751 
46.95 -7.34867 
47 -7.34979 
47.05 -7.35088 
47.1 -7.35192 
47.15 -7.35293 
47.2 -7.3539 
47.25 -7.35484 
47.3 -7.35573 
47.35 -7.35659 
47.4 -7.35742 
47.45 -7.35819 
47.5 -7.35895 
47.55 -7.35967 
47.6 -7.36034 
47.65 -7.36099 
47.7 -7.36158 
47.75 -7.36215 
47.8 -7.36267 
47.85 -7.36317 
47.9 -7.36363 
47.95 -7.36404 
48 -7.36443 
48.05 -7.36477 
48.1 -7.36508 
48.15 -7.36535 
48.2 -7.36559 
48.25 -7.36578 
48.3 -7.36595 
48.35 -7.36607 
48.4 -7.36616 
48.45 -7.36622 
48.5 -7.36623 
48.55 -7.36621 
48.6 -7.36617 
48.65 -7.36606 
48.7 -7.36594 
48.75 -7.36577 
48.8 -7.36558 
48.85 -7.36535 
48.9 -7.36507 
48.95 -7.36476 
49 -7.36442 
49.05 -7.36403 
49.1 -7.36363 
49.15 -7.36317 
49.2 -7.36267 
49.25 -7.36215 
49.3 -7.3616 
49.35 -7.36099 
49.4 -7.36037 
49.45 -7.35969 
49.5 -7.359 
49.55 -7.35826 
49.6 -7.35749 
49.65 -7.35668 
49.7 -7.35583 
49.75 -7.35495 
49.8 -7.35404 
49.85 -7.35309 
49.9 -7.35211 
49.95 -7.35108 
50 -7.35003 
50.05 -7.34894 
50.1 -7.34781 
50.15 -7.34666 
50.2 -7.34546 
50.25 -7.34422 
50.3 -7.34296 
50.35 -7.34166 
50.4 -7.34032 
50.45 -7.33895 
50.5 -7.33755 
50.55 -7.3361 
50.6 -7.33464 
50.65 -7.33312 
50.7 -7.33158 
50.75 -7.33001 
50.8 -7.32839 
50.85 -7.32674 
50.9 -7.32507 
50.95 -7.32336 
51 -7.32162 
51.05 -7.31982 
51.1 -7.318 
51.15 -7.31614 
51.2 -7.31427 
51.25 -7.31234 
51.3 -7.31038 
51.35 -7.30841 
51.4 -7.30638 
51.45 -7.30433 
51.5 -7.30224 
51.55 -7.30012 
51.6 -7.29797 
51.65 -7.29578 
51.7 -7.29356 
51.75 -7.29129 
51.8 -7.28901 
51.85 -7.28669 
51.9 -7.28433 
51.95 -7.28194 
52 -7.27952 
52.05 -7.27706 
52.1 -7.27458 
52.15 -7.27206 
52.2 -7.26951 
52.25 -7.26691 
52.3 -7.26429 
52.35 -7.26166 
52.4 -7.25897 
52.45 -7.25624 
52.5 -7.2535 
52.55 -7.2507 
52.6 -7.2479 
52.65 -7.24506 
52.7 -7.24217 
52.75 -7.23925 
52.8 -7.23632 
52.85 -7.23335 
52.9 -7.23033 
52.95 -7.2273 
53 -7.22422 
53.05 -7.22112 
53.1 -7.21798 
53.15 -7.21482 
53.2 -7.21162 
53.25 -7.20838 
53.3 -7.20514 
53.35 -7.20184 
53.4 -7.19851 
53.45 -7.19516 
53.5 -7.19177 
53.55 -7.18835 
53.6 -7.1849 
53.65 -7.18142 
53.7 -7.17791 
53.75 -7.17437 
53.8 -7.17079 
53.85 -7.16719 
53.9 -7.16355 
53.95 -7.1599 
54 -7.15619 
54.05 -7.15248 
54.1 -7.14872 
54.15 -7.14494 
54.2 -7.14111 
54.25 -7.13727 
54.3 -7.1334 
54.35 -7.12948 
54.4 -7.12554 
54.45 -7.12157 
54.5 -7.11757 
54.55 -7.11355 
54.6 -7.10949 
54.65 -7.10541 
54.7 -7.10128 
54.75 -7.09714 
54.8 -7.09297 
54.85 -7.08876 
54.9 -7.08453 
54.95 -7.08027 
55 -7.07597 
55.05 -7.07165 
55.1 -7.0673 
55.15 -7.06292 
55.2 -7.05851 
55.25 -7.05407 
55.3 -7.04961 
55.35 -7.04511 
55.4 -7.04059 
55.45 -7.03604 
55.5 -7.03146 
55.55 -7.02686 
55.6 -7.02221 
55.65 -7.01755 
55.7 -7.01286 
55.75 -7.00814 
55.8 -7.00339 
55.85 -6.9986 
55.9 -6.9938 
55.95 -6.98897 
56 -6.98411 
56.05 -6.97922 
56.1 -6.97432 
56.15 -6.96936 
56.2 -6.9644 
56.25 -6.95939 
56.3 -6.95437 
56.35 -6.94932 
56.4 -6.94424 
56.45 -6.93915 
56.5 -6.93401 
56.55 -6.92885 
56.6 -6.92366 
56.65 -6.91845 
56.7 -6.91322 
56.75 -6.90793 
56.8 -6.90265 
56.85 -6.89734 
56.9 -6.89199 
56.95 -6.88662 
57 -6.88122 
57.05 -6.8758 
57.1 -6.87035 
57.15 -6.86488 
57.2 -6.85938 
57.25 -6.85384 
57.3 -6.84829 
57.35 -6.84272 
57.4 -6.83712 
57.45 -6.83149 
57.5 -6.82584 
57.55 -6.82015 
57.6 -6.81445 
57.65 -6.80873 
57.7 -6.80297 
57.75 -6.7972 
57.8 -6.79139 
57.85 -6.78557 
57.9 -6.77971 
57.95 -6.77383 
58 -6.76793 
58.05 -6.76201 
58.1 -6.75606 
58.15 -6.75009 
58.2 -6.74408 
58.25 -6.73806 
58.3 -6.73202 
58.35 -6.72595 
58.4 -6.71986 
58.45 -6.71374 
58.5 -6.70759 
58.55 -6.70143 
58.6 -6.69524 
58.65 -6.68904 
58.7 -6.68279 
58.75 -6.67654 
58.8 -6.67025 
58.85 -6.66396 
58.9 -6.65763 
58.95 -6.65128 
59 -6.64491 
59.05 -6.63851 
59.1 -6.63209 
59.15 -6.62566 
59.2 -6.61919 
59.25 -6.6127 
59.3 -6.6062 
59.35 -6.59968 
59.4 -6.59311 
59.45 -6.58655 
59.5 -6.57996 
59.55 -6.57334 
59.6 -6.5667 
59.65 -6.56004 
59.7 -6.55336 
59.75 -6.54665 
59.8 -6.53993 
59.85 -6.53318 
59.9 -6.52642 
59.95 -6.51963 
60 -6.51282 
60.05 -6.50599 
60.1 -6.49914 
60.15 -6.49228 
60.2 -6.48538 
60.25 -6.47846 
60.3 -6.47154 
60.35 -6.46458 
60.4 -6.4576 
60.45 -6.45062 
60.5 -6.4436 
60.55 -6.43656 
60.6 -6.42951 
60.65 -6.42244 
60.7 -6.41535 
60.75 -6.40823 
60.8 -6.4011 
60.85 -6.39395 
60.9 -6.38677 
60.95 -6.37959 
61 -6.37238 
61.05 -6.36516 
61.1 -6.3579 
61.15 -6.35064 
61.2 -6.34336 
61.25 -6.33605 
61.3 -6.32872 
61.35 -6.32138 
61.4 -6.31402 
61.45 -6.30664 
61.5 -6.29924 
61.55 -6.29183 
61.6 -6.28439 
61.65 -6.27694 
61.7 -6.26947 
61.75 -6.26198 
61.8 -6.25448 
61.85 -6.24695 
61.9 -6.23942 
61.95 -6.23186 
62 -6.22429 
62.05 -6.21669 
62.1 -6.20907 
62.15 -6.20145 
62.2 -6.19381 
62.25 -6.18615 
62.3 -6.17847 
62.35 -6.17078 
62.4 -6.16307 
62.45 -6.15534 
62.5 -6.1476 
62.55 -6.13984 
62.6 -6.13206 
62.65 -6.12427 
62.7 -6.11645 
62.75 -6.10863 
62.8 -6.10079 
62.85 -6.09293 
62.9 -6.08506 
62.95 -6.07716 
63 -6.06927 
63.05 -6.06135 
63.1 -6.05341 
63.15 -6.04546 
63.2 -6.03749 
63.25 -6.02951 
63.3 -6.02151 
63.35 -6.01351 
63.4 -6.00548 
63.45 -5.99744 
63.5 -5.98938 
63.55 -5.98132 
63.6 -5.97323 
63.65 -5.96513 
63.7 -5.95702 
63.75 -5.94889 
63.8 -5.94075 
63.85 -5.93259 
63.9 -5.92443 
63.95 -5.91625 
64 -5.90804 
64.05 -5.89985 
64.1 -5.89161 
64.15 -5.88337 
64.2 -5.87513 
64.25 -5.86685 
64.3 -5.85857 
64.35 -5.85029 
64.4 -5.84198 
64.45 -5.83367 
64.5 -5.82534 
64.55 -5.81699 
64.6 -5.80863 
64.65 -5.80027 
64.7 -5.79189 
64.75 -5.7835 
64.8 -5.77509 
64.85 -5.76667 
64.9 -5.75824 
64.95 -5.74981 
65 -5.74135 
65.05 -5.73288 
65.1 -5.72441 
65.15 -5.71592 
65.2 -5.70742 
65.25 -5.6989 
65.3 -5.69038 
65.35 -5.68185 
65.4 -5.67331 
65.45 -5.66474 
65.5 -5.65618 
65.55 -5.6476 
65.6 -5.63901 
65.65 -5.63041 
65.7 -5.62179 
65.75 -5.61318 
65.8 -5.60455 
65.85 -5.5959 
65.9 -5.58724 
65.95 -5.57858 
66 -5.56991 
66.05 -5.56123 
66.1 -5.55253 
66.15 -5.54383 
66.2 -5.53511 
66.25 -5.52639 
66.3 -5.51766 
66.35 -5.50891 
66.4 -5.50016 
66.45 -5.4914 
66.5 -5.48263 
66.55 -5.47384 
66.6 -5.46506 
66.65 -5.45626 
66.7 -5.44745 
66.75 -5.43864 
66.8 -5.42981 
66.85 -5.42097 
66.9 -5.41213 
66.95 -5.40329 
67 -5.39443 
67.05 -5.38556 
67.1 -5.37669 
67.15 -5.3678 
67.2 -5.35891 
67.25 -5.35001 
67.3 -5.3411 
67.35 -5.3322 
67.4 -5.32327 
67.45 -5.31434 
67.5 -5.3054 
67.55 -5.29645 
67.6 -5.28751 
67.65 -5.27854 
67.7 -5.26958 
67.75 -5.26061 
67.8 -5.25162 
67.85 -5.24264 
67.9 -5.23364 
67.95 -5.22463 
68 -5.21563 
68.05 -5.20662 
68.1 -5.1976 
68.15 -5.18857 
68.2 -5.17954 
68.25 -5.1705 
68.3 -5.16145 
68.35 -5.1524 
68.4 -5.14335 
68.45 -5.13427 
68.5 -5.12521 
68.55 -5.11613 
68.6 -5.10705 
68.65 -5.09796 
68.7 -5.08887 
68.75 -5.07978 
68.8 -5.07067 
68.85 -5.06156 
68.9 -5.05246 
68.95 -5.04333 
69 -5.03421 
69.05 -5.02507 
69.1 -5.01595 
69.15 -5.00681 
69.2 -4.99766 
69.25 -4.98852 
69.3 -4.97936 
69.35 -4.97021 
69.4 -4.96105 
69.45 -4.95188 
69.5 -4.94273 
69.55 -4.93354 
69.6 -4.92437 
69.65 -4.91519 
69.7 -4.90601 
69.75 -4.89682 
69.8 -4.88763 
69.85 -4.87844 
69.9 -4.86924 
69.95 -4.86004 
70 -4.85083 
70.05 -4.84162 
70.1 -4.83241 
70.15 -4.8232 
70.2 -4.81399 
70.25 -4.80476 
70.3 -4.79554 
70.35 -4.78632 
70.4 -4.77709 
70.45 -4.76786 
70.5 -4.75863 
70.55 -4.74939 
70.6 -4.74015 
70.65 -4.73092 
70.7 -4.72167 
70.75 -4.71243 
70.8 -4.70318 
70.85 -4.69393 
70.9 -4.68468 
70.95 -4.67543 
71 -4.66618 
71.05 -4.65693 
71.1 -4.64766 
71.15 -4.6384 
71.2 -4.62915 
71.25 -4.61988 
71.3 -4.61063 
71.35 -4.60136 
71.4 -4.5921 
71.45 -4.58283 
71.5 -4.57356 
71.55 -4.5643 
71.6 -4.55503 
71.65 -4.54576 
71.7 -4.5365 
71.75 -4.52722 
71.8 -4.51795 
71.85 -4.50868 
71.9 -4.49941 
71.95 -4.49013 
72 -4.48087 
72.05 -4.4716 
72.1 -4.46232 
72.15 -4.45305 
72.2 -4.44378 
72.25 -4.43451 
72.3 -4.42524 
72.35 -4.41597 
72.4 -4.4067 
72.45 -4.39742 
72.5 -4.38816 
72.55 -4.37888 
72.6 -4.36962 
72.65 -4.36035 
72.7 -4.35108 
72.75 -4.34181 
72.8 -4.33256 
72.85 -4.32329 
72.9 -4.31402 
72.95 -4.30478 
73 -4.29551 
73.05 -4.28625 
73.1 -4.277 
73.15 -4.26774 
73.2 -4.25849 
73.25 -4.24923 
73.3 -4.23999 
73.35 -4.23074 
73.4 -4.2215 
73.45 -4.21225 
73.5 -4.20302 
73.55 -4.19377 
73.6 -4.18453 
73.65 -4.1753 
73.7 -4.16607 
73.75 -4.15683 
73.8 -4.1476 
73.85 -4.13838 
73.9 -4.12915 
73.95 -4.11993 
74 -4.11072 
74.05 -4.1015 
74.1 -4.09229 
74.15 -4.08308 
74.2 -4.07388 
74.25 -4.06467 
74.3 -4.05547 
74.35 -4.04627 
74.4 -4.03708 
74.45 -4.02789 
74.5 -4.0187 
74.55 -4.00951 
74.6 -4.00035 
74.65 -3.99117 
74.7 -3.98199 
74.75 -3.97283 
74.8 -3.96365 
74.85 -3.95449 
74.9 -3.94534 
74.95 -3.93619 
75 -3.92703 
75.05 -3.91789 
75.1 -3.90875 
75.15 -3.89962 
75.2 -3.89048 
75.25 -3.88136 
75.3 -3.87223 
75.35 -3.86311 
75.4 -3.854 
75.45 -3.84488 
75.5 -3.83577 
75.55 -3.82667 
75.6 -3.81758 
75.65 -3.80849 
75.7 -3.7994 
75.75 -3.79032 
75.8 -3.78125 
75.85 -3.77217 
75.9 -3.76311 
75.95 -3.75405 
76 -3.74499 
76.05 -3.73594 
76.1 -3.7269 
76.15 -3.71786 
76.2 -3.70882 
76.25 -3.6998 
76.3 -3.69077 
76.35 -3.68175 
76.4 -3.67275 
76.45 -3.66373 
76.5 -3.65474 
76.55 -3.64574 
76.6 -3.63675 
76.65 -3.62777 
76.7 -3.6188 
76.75 -3.60983 
76.8 -3.60087 
76.85 -3.5919 
76.9 -3.58296 
76.95 -3.57401 
77 -3.56507 
77.05 -3.55614 
77.1 -3.54721 
77.15 -3.5383 
77.2 -3.52938 
77.25 -3.52048 
77.3 -3.51158 
77.35 -3.50269 
77.4 -3.49381 
77.45 -3.48493 
77.5 -3.47606 
77.55 -3.4672 
77.6 -3.45833 
77.65 -3.44949 
77.7 -3.44065 
77.75 -3.43181 
77.8 -3.42299 
77.85 -3.41417 
77.9 -3.40535 
77.95 -3.39655 
78 -3.38775 
78.05 -3.37896 
78.1 -3.37018 
78.15 -3.3614 
78.2 -3.35264 
78.25 -3.34388 
78.3 -3.33513 
78.35 -3.32639 
78.4 -3.31765 
78.45 -3.30892 
78.5 -3.30021 
78.55 -3.29149 
78.6 -3.28279 
78.65 -3.27409 
78.7 -3.26541 
78.75 -3.25673 
78.8 -3.24806 
78.85 -3.23939 
78.9 -3.23074 
78.95 -3.22209 
79 -3.21346 
79.05 -3.20483 
79.1 -3.19621 
79.15 -3.1876 
79.2 -3.179 
79.25 -3.17041 
79.3 -3.16182 
79.35 -3.15324 
79.4 -3.14468 
79.45 -3.13612 
79.5 -3.12757 
79.55 -3.11903 
79.6 -3.1105 
79.65 -3.10198 
79.7 -3.09346 
79.75 -3.08496 
79.8 -3.07647 
79.85 -3.06798 
79.9 -3.05951 
79.95 -3.05104 
80 -3.04258 
80.05 -3.03413 
80.1 -3.0257 
80.15 -3.01727 
80.2 -3.00885 
80.25 -3.00044 
80.3 -2.99204 
80.35 -2.98365 
80.4 -2.97527 
80.45 -2.9669 
80.5 -2.95854 
80.55 -2.95019 
80.6 -2.94185 
80.65 -2.93352 
80.7 -2.9252 
80.75 -2.91689 
80.8 -2.90859 
80.85 -2.9003 
80.9 -2.89202 
80.95 -2.88375 
81 -2.87549 
81.05 -2.86724 
81.1 -2.859 
81.15 -2.85078 
81.2 -2.84255 
81.25 -2.83435 
81.3 -2.82615 
81.35 -2.81796 
81.4 -2.80979 
81.45 -2.80162 
81.5 -2.79346 
81.55 -2.78533 
81.6 -2.77719 
81.65 -2.76906 
81.7 -2.76095 
81.75 -2.75285 
81.8 -2.74476 
81.85 -2.73668 
81.9 -2.72861 
81.95 -2.72055 
82 -2.7125 
82.05 -2.70447 
82.1 -2.69644 
82.15 -2.68843 
82.2 -2.68043 
82.25 -2.67244 
82.3 -2.66445 
82.35 -2.65648 
82.4 -2.64853 
82.45 -2.64058 
82.5 -2.63264 
82.55 -2.62472 
82.6 -2.61681 
82.65 -2.6089 
82.7 -2.60101 
82.75 -2.59313 
82.8 -2.58526 
82.85 -2.57741 
82.9 -2.56957 
82.95 -2.56173 
83 -2.55391 
83.05 -2.5461 
83.1 -2.5383 
83.15 -2.53052 
83.2 -2.52274 
83.25 -2.51498 
83.3 -2.50723 
83.35 -2.49949 
83.4 -2.49176 
83.45 -2.48405 
83.5 -2.47634 
83.55 -2.46865 
83.6 -2.46097 
83.65 -2.4533 
83.7 -2.44564 
83.75 -2.438 
83.8 -2.43037 
83.85 -2.42275 
83.9 -2.41514 
83.95 -2.40754 
84 -2.39996 
84.05 -2.39239 
84.1 -2.38483 
84.15 -2.37729 
84.2 -2.36975 
84.25 -2.36222 
84.3 -2.35472 
84.35 -2.34722 
84.4 -2.33973 
84.45 -2.33226 
84.5 -2.32479 
84.55 -2.31734 
84.6 -2.30991 
84.65 -2.30249 
84.7 -2.29508 
84.75 -2.28768 
84.8 -2.28029 
84.85 -2.27291 
84.9 -2.26555 
84.95 -2.25821 
85 -2.25087 
85.05 -2.24355 
85.1 -2.23624 
85.15 -2.22894 
85.2 -2.22165 
85.25 -2.21438 
85.3 -2.20712 
85.35 -2.19987 
85.4 -2.19264 
85.45 -2.18542 
85.5 -2.17822 
85.55 -2.17102 
85.6 -2.16384 
85.65 -2.15667 
85.7 -2.14951 
85.75 -2.14237 
85.8 -2.13523 
85.85 -2.12812 
85.9 -2.12101 
85.95 -2.11392 
86 -2.10683 
86.05 -2.09978 
86.1 -2.09272 
86.15 -2.08568 
86.2 -2.07865 
86.25 -2.07164 
86.3 -2.06464 
86.35 -2.05765 
86.4 -2.05068 
86.45 -2.04372 
86.5 -2.03677 
86.55 -2.02984 
86.6 -2.02291 
86.65 -2.016 
86.7 -2.00911 
86.75 -2.00223 
86.8 -1.99536 
86.85 -1.9885 
86.9 -1.98166 
86.95 -1.97483 
87 -1.96801 
87.05 -1.96122 
87.1 -1.95443 
87.15 -1.94765 
87.2 -1.94089 
87.25 -1.93414 
87.3 -1.9274 
87.35 -1.92068 
87.4 -1.91397 
87.45 -1.90727 
87.5 -1.9006 
87.55 -1.89393 
87.6 -1.88727 
87.65 -1.88063 
87.7 -1.874 
87.75 -1.86739 
87.8 -1.86079 
87.85 -1.8542 
87.9 -1.84763 
87.95 -1.84107 
88 -1.83452 
88.05 -1.82799 
88.1 -1.82147 
88.15 -1.81496 
88.2 -1.80847 
88.25 -1.80199 
88.3 -1.79552 
88.35 -1.78907 
88.4 -1.78263 
88.45 -1.77621 
88.5 -1.7698 
88.55 -1.7634 
88.6 -1.75702 
88.65 -1.75065 
88.7 -1.74429 
88.75 -1.73795 
88.8 -1.73162 
88.85 -1.7253 
88.9 -1.719 
88.95 -1.71271 
89 -1.70644 
89.05 -1.70018 
89.1 -1.69393 
89.15 -1.6877 
89.2 -1.68148 
89.25 -1.67528 
89.3 -1.66908 
89.35 -1.6629 
89.4 -1.65674 
89.45 -1.65059 
89.5 -1.64445 
89.55 -1.63833 
89.6 -1.63222 
89.65 -1.62612 
89.7 -1.62004 
89.75 -1.61397 
89.8 -1.60792 
89.85 -1.60188 
89.9 -1.59585 
89.95 -1.58984 
90 -1.58384 
90.05 -1.57785 
90.1 -1.57188 
90.15 -1.56592 
90.2 -1.55997 
90.25 -1.55404 
90.3 -1.54812 
90.35 -1.54222 
90.4 -1.53633 
90.45 -1.53046 
90.5 -1.52459 
90.55 -1.51875 
90.6 -1.51291 
90.65 -1.50709 
90.7 -1.50128 
90.75 -1.49549 
90.8 -1.48971 
90.85 -1.48394 
90.9 -1.47819 
90.95 -1.47245 
91 -1.46673 
91.05 -1.46102 
91.1 -1.45532 
91.15 -1.44963 
91.2 -1.44396 
91.25 -1.43831 
91.3 -1.43266 
91.35 -1.42704 
91.4 -1.42142 
91.45 -1.41582 
91.5 -1.41023 
91.55 -1.40466 
91.6 -1.3991 
91.65 -1.39355 
91.7 -1.38802 
91.75 -1.3825 
91.8 -1.37699 
91.85 -1.3715 
91.9 -1.36602 
91.95 -1.36056 
92 -1.35511 
92.05 -1.34967 
92.1 -1.34425 
92.15 -1.33884 
92.2 -1.33344 
92.25 -1.32806 
92.3 -1.32269 
92.35 -1.31733 
92.4 -1.31199 
92.45 -1.30666 
92.5 -1.30135 
92.55 -1.29605 
92.6 -1.29076 
92.65 -1.28548 
92.7 -1.28022 
92.75 -1.27498 
92.8 -1.26974 
92.85 -1.26452 
92.9 -1.25932 
92.95 -1.25412 
93 -1.24894 
93.05 -1.24378 
93.1 -1.23862 
93.15 -1.23348 
93.2 -1.22836 
93.25 -1.22324 
93.3 -1.21815 
93.35 -1.21306 
93.4 -1.20799 
93.45 -1.20293 
93.5 -1.19788 
93.55 -1.19285 
93.6 -1.18783 
93.65 -1.18283 
93.7 -1.17783 
93.75 -1.17285 
93.8 -1.16789 
93.85 -1.16293 
93.9 -1.15799 
93.95 -1.15307 
94 -1.14815 
94.05 -1.14325 
94.1 -1.13837 
94.15 -1.13349 
94.2 -1.12863 
94.25 -1.12378 
94.3 -1.11895 
94.35 -1.11413 
94.4 -1.10932 
94.45 -1.10452 
94.5 -1.09974 
94.55 -1.09497 
94.6 -1.09021 
94.65 -1.08547 
94.7 -1.08074 
94.75 -1.07602 
94.8 -1.07132 
94.85 -1.06663 
94.9 -1.06195 
94.95 -1.05728 
95 -1.05263 
95.05 -1.04799 
95.1 -1.04336 
95.15 -1.03874 
95.2 -1.03414 
95.25 -1.02955 
95.3 -1.02497 
95.35 -1.02041 
95.4 -1.01586 
95.45 -1.01132 
95.5 -1.00679 
95.55 -1.00228 
95.6 -0.997776 
95.65 -0.993284 
95.7 -0.988809 
95.75 -0.984344 
95.8 -0.979894 
95.85 -0.975455 
95.9 -0.971029 
95.95 -0.966613 
96 -0.962213 
96.05 -0.95782 
96.1 -0.953446 
96.15 -0.94908 
96.2 -0.944726 
96.25 -0.940386 
96.3 -0.936056 
96.35 -0.931739 
96.4 -0.927436 
96.45 -0.923143 
96.5 -0.918865 
96.55 -0.914595 
96.6 -0.910339 
96.65 -0.906096 
96.7 -0.901863 
96.75 -0.897643 
96.8 -0.893435 
96.85 -0.889239 
96.9 -0.885054 
96.95 -0.880881 
97 -0.87672 
97.05 -0.872571 
97.1 -0.868433 
97.15 -0.864307 
97.2 -0.860193 
97.25 -0.856089 
97.3 -0.851999 
97.35 -0.847919 
97.4 -0.843851 
97.45 -0.839793 
97.5 -0.835749 
97.55 -0.831715 
97.6 -0.827692 
97.65 -0.82368 
97.7 -0.81968 
97.75 -0.815692 
97.8 -0.811713 
97.85 -0.807747 
97.9 -0.803792 
97.95 -0.799847 
98 -0.795915 
98.05 -0.791992 
98.1 -0.788078 
98.15 -0.784178 
98.2 -0.780287 
98.25 -0.776408 
98.3 -0.772538 
98.35 -0.768681 
98.4 -0.764832 
98.45 -0.760994 
98.5 -0.757168 
98.55 -0.753351 
98.6 -0.749544 
98.65 -0.745748 
98.7 -0.741963 
98.75 -0.738186 
98.8 -0.73442 
98.85 -0.730664 
98.9 -0.726919 
98.95 -0.72318 
99 -0.719453 
99.05 -0.715735 
99.1 -0.712027 
99.15 -0.708329 
99.2 -0.704638 
99.25 -0.700957 
99.3 -0.697285 
99.35 -0.693622 
99.4 -0.689968 
99.45 -0.686322 
99.5 -0.682684 
99.55 -0.679056 
99.6 -0.675435 
99.65 -0.671823 
99.7 -0.668218 
99.75 -0.664619 
99.8 -0.661029 
99.85 -0.657447 
99.9 -0.65387 
99.95 -0.650301 
100 -0.646739 
100.05 -0.643183 
100.1 -0.639635 
100.15 -0.636091 
100.2 -0.632553 
100.25 -0.629021 
100.3 -0.625493 
100.35 -0.621971 
100.4 -0.618456 
100.45 -0.614943 
100.5 -0.611434 
100.55 -0.607931 
100.6 -0.604429 
100.65 -0.600932 
100.7 -0.597438 
100.75 -0.593946 
100.8 -0.590456 
100.85 -0.586971 
100.9 -0.583484 
100.95 -0.58 
101 -0.576516 
101.05 -0.573035 
101.1 -0.569552 
101.15 -0.566068 
101.2 -0.562586 
101.25 -0.559101 
101.3 -0.555615 
101.35 -0.552127 
101.4 -0.548637 
101.45 -0.545146 
101.5 -0.54165 
101.55 -0.538152 
101.6 -0.534648 
101.65 -0.531141 
101.7 -0.527631 
101.75 -0.524113 
101.8 -0.520591 
101.85 -0.517063 
101.9 -0.513528 
101.95 -0.509986 
102 -0.506437 
102.05 -0.50288 
102.1 -0.499316 
102.15 -0.495743 
102.2 -0.492162 
102.25 -0.48857 
102.3 -0.484968 
102.35 -0.481358 
102.4 -0.477737 
102.45 -0.474106 
102.5 -0.470463 
102.55 -0.466808 
102.6 -0.463142 
102.65 -0.459464 
102.7 -0.455775 
102.75 -0.452072 
102.8 -0.448357 
102.85 -0.444628 
102.9 -0.440887 
102.95 -0.437133 
103 -0.433365 
103.05 -0.429583 
103.1 -0.425787 
103.15 -0.421977 
103.2 -0.418153 
103.25 -0.414316 
103.3 -0.410464 
103.35 -0.406598 
103.4 -0.402719 
103.45 -0.398825 
103.5 -0.394917 
103.55 -0.390996 
103.6 -0.38706 
103.65 -0.383111 
103.7 -0.379149 
103.75 -0.375173 
103.8 -0.371184 
103.85 -0.367184 
103.9 -0.36317 
103.95 -0.359144 
104 -0.355106 
104.05 -0.351058 
104.1 -0.346998 
104.15 -0.342928 
104.2 -0.338847 
104.25 -0.334757 
104.3 -0.330658 
104.35 -0.32655 
104.4 -0.322435 
104.45 -0.318312 
104.5 -0.314182 
104.55 -0.310046 
104.6 -0.305904 
104.65 -0.301757 
104.7 -0.297607 
104.75 -0.293453 
104.8 -0.289296 
104.85 -0.285138 
104.9 -0.280978 
104.95 -0.276818 
105 -0.272659 
105.05 -0.268502 
105.1 -0.264345 
105.15 -0.260193 
105.2 -0.256044 
105.25 -0.2519 
105.3 -0.247762 
105.35 -0.243631 
105.4 -0.239508 
105.45 -0.235392 
105.5 -0.231287 
105.55 -0.227192 
105.6 -0.223108 
105.65 -0.219037 
105.7 -0.214979 
105.75 -0.210936 
105.8 -0.206907 
105.85 -0.202895 
105.9 -0.1989 
105.95 -0.194923 
106 -0.190965 
106.05 -0.187027 
106.1 -0.18311 
106.15 -0.179216 
106.2 -0.175343 
106.25 -0.171495 
106.3 -0.167671 
106.35 -0.163872 
106.4 -0.1601 
106.45 -0.156355 
106.5 -0.152638 
106.55 -0.14895 
106.6 -0.145292 
106.65 -0.141664 
106.7 -0.138068 
106.75 -0.134504 
106.8 -0.130972 
106.85 -0.127474 
106.9 -0.12401 
106.95 -0.120581 
107 -0.117188 
107.05 -0.113831 
107.1 -0.11051 
107.15 -0.107228 
107.2 -0.103983 
107.25 -0.100777 
107.3 -0.097609 
107.35 -0.0944818 
107.4 -0.0913941 
107.45 -0.0883471 
107.5 -0.0853409 
107.55 -0.0823759 
107.6 -0.0794534 
107.65 -0.0765719 
107.7 -0.0737335 
107.75 -0.0709378 
107.8 -0.068185 
107.85 -0.0654756 
107.9 -0.0628097 
107.95 -0.0601871 
108 -0.0576088 
108.05 -0.0550746 
108.1 -0.0525845 
108.15 -0.0501391 
108.2 -0.0477378 
108.25 -0.0453811 
108.3 -0.0430693 
108.35 -0.040802 
108.4 -0.0385793 
108.45 -0.0364013 
108.5 -0.0342676 
108.55 -0.0321791 
108.6 -0.0301349 
108.65 -0.0281349 
108.7 -0.0261799 
108.75 -0.0242684 
108.8 -0.0224016 
108.85 -0.0205785 
108.9 -0.0187992 
108.95 -0.017064 
109 -0.015372 
109.05 -0.0137232 
109.1 -0.0121178 
109.15 -0.0105546 
109.2 -0.00903424 
109.25 -0.00755644 
109.3 -0.00612036 
109.35 -0.00472638 
109.4 -0.00337395 
109.45 -0.002063 
109.5 -0.000792481 
109.55 0.000437549 
109.6 0.00162636 
109.65 0.00277607 
109.7 0.00388578 
109.75 0.00495637 
109.8 0.00598764 
109.85 0.00698079 
109.9 0.00793516 
109.95 0.00885186 
110 0.00973127 
110.05 0.0105733 
110.1 0.0113784 
110.15 0.0121475 
110.2 0.0128804 
110.25 0.0135774 
110.3 0.0142397 
110.35 0.0148667 
110.4 0.0154595 
110.45 0.0160181 
110.5 0.0165431 
110.55 0.0170349 
110.6 0.0174941 
110.65 0.0179199 
110.7 0.0183146 
110.75 0.0186773 
110.8 0.0190089 
110.85 0.0193095 
110.9 0.0195796 
110.95 0.0198199 
111 0.0200307 
111.05 0.0202121 
111.1 0.0203644 
111.15 0.0204884 
111.2 0.0205846 
111.25 0.0206528 
111.3 0.020694 
111.35 0.0207082 
111.4 0.0206959 
111.45 0.0206575 
111.5 0.0205933 
111.55 0.0205038 
111.6 0.0203889 
111.65 0.0202489 
111.7 0.0200848 
111.75 0.0198964 
111.8 0.0196838 
111.85 0.0194474 
111.9 0.0191875 
111.95 0.0189042 
112 0.0185979 
112.05 0.0182688 
112.1 0.0179173 
112.15 0.0175441 
112.2 0.0171488 
112.25 0.0167329 
112.3 0.0162963 
112.35 0.0158401 
112.4 0.0153647 
112.45 0.0148708 
112.5 0.0143592 
112.55 0.0138301 
112.6 0.0132846 
112.65 0.0127229 
112.7 0.0121461 
112.75 0.0115537 
112.8 0.0109473 
112.85 0.010327 
112.9 0.00969258 
112.95 0.00904539 
113 0.00838535 
113.05 0.00771272 
113.1 0.00702838 
113.15 0.00633211 
113.2 0.00562471 
113.25 0.00490609 
113.3 0.00417707 
113.35 0.0034382 
113.4 0.00268888 
113.45 0.00193008 
113.5 0.0011619 
113.55 0.000384802 
113.6 -0.000400632 
113.65 -0.00119453 
113.7 -0.00199642 
113.75 -0.00280606 
113.8 -0.0036228 
113.85 -0.00444682 
113.9 -0.00527769 
113.95 -0.0061146 
114 -0.00695795 
114.05 -0.0078069 
114.1 -0.00866143 
114.15 -0.00952129 
114.2 -0.0103861 
114.25 -0.0112555 
114.3 -0.0121296 
114.35 -0.013008 
114.4 -0.01389 
114.45 -0.014776 
114.5 -0.0156651 
114.55 -0.0165575 
114.6 -0.0174532 
114.65 -0.0183512 
114.7 -0.019252 
114.75 -0.0201552 
114.8 -0.0210606 
114.85 -0.0219676 
