2646
0
132.25
30.48641968
30.48335648
30.47458076
30.46020699
30.44035721
30.41514778
30.38469696
30.34911919
30.30853271
30.26305199
30.21279144
30.15786552
30.09838676
30.0344677
29.96621895
29.89375114
29.8171711
29.73658943
29.65211105
29.56384277
29.47188568
29.37634468
29.27732277
29.17491722
29.06922722
28.96035194
28.84838486
28.73342323
28.61555862
28.49488068
28.37148285
28.24545097
28.11687279
27.98583412
27.8524189
27.71670723
27.57878304
27.43872452
27.29660797
27.15250969
27.00650597
26.85866737
26.7090683
26.55777359
26.40485764
26.25038147
26.09441376
25.93701553
25.77825165
25.61818123
25.4568634
25.2943573
25.13071632
24.96599579
24.80025101
24.63353157
24.46588707
 24.297369
24.12802505
23.95789909
23.7870369
23.61548042
23.44327545
23.27045822
23.0970726
22.92315483
22.74874115
22.5738678
22.39857101
22.22288132
22.04683304
21.87045479
21.69377899
21.51683235
21.33964539
21.16224098
20.98464584
20.80688477
20.62897873
20.45095444
20.27283096
20.09462547
19.91636276
19.73805618
19.55972672
19.38138962
19.20306015
19.02475166
18.84648132
18.66825867
18.49009705
18.31200981
18.13400269
17.95608902
17.77827644
17.60057449
17.42298698
17.24552345
17.06818962
16.8909893
16.71392632
16.53700638
16.3602314
16.18360329
16.00712395
15.83079338
15.65461445
15.47858429
15.3027029
15.12696934
14.95137978
14.77593327
14.60062408
14.42545033
14.25040627
14.07548714
13.90068722
13.72599888
13.55141735
13.3769331
13.20253944
13.0282259
12.85398579
12.67980766
12.50568104
12.33159637
12.15754128
11.9835043
11.80947208
11.63543129
11.46137047
11.28727341
11.11312485
10.93891144
10.76461601
10.59022236
10.41571331
10.2410717
10.06627941
9.891316414
9.716163635
9.540802002
9.365210533
9.189367294
9.013251305
8.836839676
8.66010952
8.483036041
8.305595398
8.127763748
7.949512959
7.770818233
7.59165144
7.411984921
7.231790066
7.051037788
6.869697571
6.687738419
6.50512886
6.321836472
6.13782835
5.953069687
5.767525673
5.581161022
5.393939495
5.205822945
5.016773224
4.826752186
4.635718346
4.443632126
4.250451565
4.05613327
3.860634565
3.663910866
3.465916872
3.266606092
3.065932035
2.86384654
2.66030097
2.455245733
2.248630285
2.040403843
1.830514193
1.618908882
1.405534506
 1.1903373
0.9732624292
0.7542550564
0.5332596302
0.3102202117
0.08508060127
-0.1422155946
-0.3717249632
-0.6035040021
-0.8376092315
-1.074096799
-1.313022494
-1.55444169
-1.798409104
-2.04497838
-2.294202089
-2.546132088
-2.800818205
-3.05830884
-3.318650484
-3.581887245
-3.848061562
-4.117212296
-4.38937664
-4.664586544
-4.942873001
-5.224261284
-5.508773804
-5.796427727
-6.087236881
-6.38120842
-6.678346157
-6.978647232
-7.282104015
-7.588701725
-7.898420811
-8.211234093
-8.5271101
-8.846007347
-9.167880058
-9.492675781
-9.820332527
-10.15078545
-10.4839592
-10.81977367
-11.15814114
-11.49896717
-11.84215164
-12.18758774
-12.53516293
-12.8847599
-13.23625469
-13.5895195
-13.94442081
-14.30082321
-14.65858555
-15.01756382
-15.37761211
-15.73858166
-16.10032272
-16.46268463
-16.82551384
-17.18865967
-17.55196571
-17.91528511
-18.27846527
-18.64135742
-19.0038147
-19.36569023
-19.72684479
-20.08713531
-20.44643021
-20.80459213
-21.1614933
-21.51701164
-21.87102127
-22.22340775
-22.57405853
-22.92286491
-23.26972389
-23.61453438
-23.95720482
-24.29764175
-24.63576317
-24.97148705
-25.30473518
-25.63543701
-25.96352577
-26.28893852
-26.61161423
-26.93149948
-27.24854279
-27.56269836
-27.87392235
-28.18217468
-28.48741913
-28.78962517
-29.08876419
-29.38480568
-29.67773247
-29.96751976
-30.25415421
-30.53761864
-30.81790352
-31.09499931
-31.36889648
-31.63959312
-31.90708542
-32.17137146
-32.43245697
-32.69033813
-32.9450264
-33.19652557
-33.44484329
-33.689991
-33.93198013
-34.17081833
-34.40652084
-34.63910294
-34.86858368
-35.09497452
-35.31829071
-35.53855896
-35.75579453
-35.97001648
-36.1812439
-36.38950348
-36.59481049
-36.79719162
-36.99666977
-37.19326401
-37.38700485
-37.57791138
-37.7660141
-37.95132828
-38.13388824
-38.31371307
-38.49082947
-38.66526794
-38.83704758
-39.0062027
-39.17274857
-39.33672333
-39.49814224
-39.65703964
-39.81343842
-39.96736526
-40.11885071
-40.26791382
-40.41458511
-40.5588913
-40.70085526
-40.84050751
-40.97787094
-41.11297226
-41.24583817
-41.37649536
-41.50496674
-41.63127899
-41.75545883
-41.87752914
-41.99751663
-42.11544418
-42.2313385
-42.34522247
-42.4571228
-42.56705856
-42.67506027
-42.781147
-42.88534164
-42.98767471
-43.08816147
-43.18682861
-43.28369522
-43.37878799
-43.47212982
-43.56373978
-43.65364075
-43.74185562
-43.82840347
-43.91330719
-43.99658966
-44.07826614
-44.15836334
-44.23689651
-44.31389236
-44.38936234
-44.46333313
-44.53582001
-44.60684586
-44.67642975
-44.74458694
-44.81133652
-44.87670135
-44.94069672
-45.00333786
-45.06464767
-45.12464142
-45.18333817
-45.24075317
-45.2969017
-45.35180664
-45.40547943
-45.45793915
-45.50920105
-45.5592804
-45.60819244
-45.65595627
-45.70258713
-45.74809647
-45.79249954
-45.83581543
-45.87805557
-45.91923523
-45.95936966
-45.99847412
-46.03656006
-46.07364273
-46.10973358
-46.14484787
-46.17900085
-46.21220398
-46.24446869
-46.27581024
-46.30624008
-46.33576965
-46.36441422
-46.39218521
-46.41909409
-46.44515228
-46.47037125
-46.49476242
-46.51833725
-46.54111099
-46.56309128
-46.58428574
-46.60471344
-46.6243782
-46.64329529
-46.66147232
-46.67891693
-46.69564819
-46.71166611
-46.72698975
-46.74161911
-46.75557327
-46.76885605
-46.78147888
-46.79345322
-46.80478287
-46.81548309
-46.82555771
-46.83501434
-46.84386826
-46.85212708
-46.85979462
-46.86688232
-46.87339783
-46.87934875
-46.88474274
-46.88959122
-46.89389801
-46.89767075
-46.90092087
-46.90365601
-46.90587997
-46.9076004
-46.90882874
-46.90956879
-46.90982819
-46.90961075
-46.90893173
-46.90779114
-46.90619659
-46.90415573
-46.90167618
-46.89876175
-46.89542007
-46.89165878
-46.8874855
-46.88290024
-46.87791443
-46.87253571
-46.86676407
-46.86060715
-46.85407257
-46.84716415
-46.83988953
-46.8322525
-46.82426071
-46.81591415
-46.80722427
-46.79819489
-46.78883362
-46.77913666
-46.76911926
-46.75877762
-46.74812317
-46.73715973
-46.72589111
-46.71432114
-46.70245743
-46.69029999
-46.67785645
-46.66513062
-46.65212631
-46.63885117
-46.62530518
-46.61149597
-46.59742355
-46.58309937
-46.56851959
-46.55369186
-46.53862381
-46.52331161
-46.50776291
-46.49198532
-46.47597504
-46.4597435
-46.44329071
-46.42661667
-46.40973282
-46.39263535
-46.37533569
-46.35783005
-46.34012222
-46.32222366
-46.30412674
-46.2858429
-46.26737213
-46.24871826
-46.22988129
-46.21086884
-46.19168472
-46.17232895
-46.15280151
-46.13311386
-46.11326218
-46.09325027
-46.07308578
-46.05276489
-46.03229141
-46.01167297
-45.99090958
-45.97000504
-45.94895554
-45.92777252
-45.90645599
-45.88500595
-45.86342621
-45.84171677
-45.81988525
-45.79793167
-45.77585602
-45.75366592
-45.73135757
-45.70893478
-45.68640518
-45.66376495
-45.64102173
-45.61816788
-45.59521866
-45.57216644
-45.54901505
-45.52576828
-45.50242996
-45.47900009
-45.45547867
-45.43186951
-45.40817642
-45.3843956
-45.36053467
-45.33659363
-45.31257629
-45.28847885
-45.26430511
-45.24006271
-45.21574783
-45.19136047
-45.16690826
-45.14238739
-45.11780548
-45.09315491
-45.06844711
-45.04367828
-45.01885223
-44.99396515
-44.96902847
-44.94403458
-44.91898727
-44.89389038
-44.8687439
-44.84355164
-44.81830978
-44.79302216
-44.76769257
-44.74232101
-44.7169075
-44.69145203
-44.6659584
-44.64043045
-44.61486435
-44.5892601
-44.56362534
-44.53796005
-44.51226044
-44.4865303
-44.46077347
-44.43498611
-44.40917206
-44.38333511
-44.35747147
-44.33158493
-44.30567551
-44.27974319
-44.25379181
-44.22782135
-44.20183182
-44.17582703
-44.14980316
-44.12376404
-44.09771347
-44.07164764
-44.04556656
-44.01947784
-43.99337387
-43.96726227
-43.94114304
-43.91501236
-43.88887787
-43.86273575
-43.836586
-43.81043243
-43.78427505
-43.75811386
-43.73194885
-43.70578384
-43.67961502
-43.65345001
-43.62728119
-43.60111618
-43.57495117
-43.54878998
-43.5226326
-43.49647903
-43.47032928
-43.44418335
-43.41804504
-43.39191055
-43.36578751
-43.33966827
-43.31356049
-43.28746033
-43.2613678
-43.23528671
-43.20921707
-43.18315887
-43.15711212
-43.13107681
-43.10505676
-43.07904816
-43.05305481
-43.02707291
-43.00111008
-42.97515869
-42.94922638
-42.92330933
-42.89741135
-42.87152863
-42.84566116
-42.81981659
-42.79398727
-42.76818085
-42.74239349
-42.7166214
-42.69087601
-42.66514587
-42.63944244
-42.61375809
-42.58809662
-42.56245422
-42.53683853
-42.51124573
-42.48567581
-42.46012878
-42.43460846
-42.40911102
-42.38363647
-42.35818863
-42.33276749
-42.30737305
-42.28200531
-42.25666428
-42.23134613
-42.2060585
-42.18079758
-42.15556717
-42.13036346
-42.10518646
-42.08003998
-42.0549202
-42.02983093
-42.00477219
-41.97974014
-41.95473862
-41.92977142
-41.90483093
-41.87992096
-41.85504532
-41.83019638
-41.80538177
-41.7806015
-41.75584793
-41.73112869
-41.70643997
-41.68178558
-41.65716553
-41.63257599
-41.60801697
-41.58349609
-41.55900574
-41.53454971
-41.51012802
-41.48574066
-41.46138763
-41.43706512
-41.41278076
-41.38853073
-41.36431503
-41.34013367
-41.31598663
-41.29187775
-41.26779938
-41.24376297
-41.21975708
-41.19578934
-41.17185593
-41.14796066
-41.12409973
-41.10027313
-41.07648849
-41.05273438
-41.02902222
-41.00534439
-40.9817009
-40.95809937
-40.93453217
-40.9109993
-40.88750839
-40.86405182
-40.84063339
-40.81725311
-40.79391098
-40.77060318
-40.74733734
-40.72410583
-40.70091248
-40.67775726
-40.65464401
-40.63156509
-40.60852432
-40.5855217
-40.56255722
-40.53963089
-40.51674652
-40.49389648
-40.47108459
-40.44831467
-40.42557907
-40.40288544
-40.38022995
-40.35761261
-40.33503342
-40.31249619
-40.28999329
-40.26753235
-40.24510956
-40.22272491
-40.20037842
-40.17807007
-40.15580368
-40.13357544
-40.11138535
-40.0892334
-40.06712341
-40.04505157
-40.02301788
-40.00102234
-39.97906876
-39.95714951
-39.93527222
-39.91343689
-39.89163589
-39.86987686
-39.84815598
-39.82647324
-39.80483246
-39.78322983
-39.76166534
-39.74013901
-39.71865463
-39.6972084
-39.67580032
-39.65443039
-39.63310242
-39.61181259
-39.59056091
-39.56934738
-39.54817581
-39.52703857
-39.5059433
-39.48488617
-39.463871
-39.44289017
-39.42195129
-39.40105057
-39.38018799
-39.35936737
-39.33858109
-39.31783676
-39.29713058
-39.27646255
-39.25583267
-39.23524094
-39.21468735
-39.19417572
-39.17370224
-39.15326309
-39.13286591
-39.11250687
-39.09218597
-39.07190323
-39.05165863
-39.03145218
-39.01128387
-38.99115372
-38.97106171
-38.95100784
-38.93099213
-38.91101456
-38.89107513
-38.87117386
-38.85131073
-38.83148575
-38.81169891
-38.79194641
-38.77223587
-38.75255966
-38.7329216
-38.7133255
-38.69375992
-38.6742363
-38.65475082
-38.63529968
-38.61588669
-38.59651184
-38.57717514
-38.55787277
-38.53860855
-38.51938248
-38.50019073
-38.48103714
-38.46192169
-38.44284058
-38.42379761
-38.40479279
-38.3858223
-38.36688995
-38.34799576
-38.32913208
-38.31031036
-38.29152298
-38.27276993
-38.25405502
-38.23537827
-38.21673584
-38.19812775
-38.1795578
-38.16102219
-38.1425209
-38.12405777
-38.10563278
-38.08723831
-38.06888199
 -38.05056
-38.03227615
-38.01402283
-37.99580765
-37.97763062
-37.9594841
-37.94137573
-37.92329788
-37.90525818
-37.88725281
-37.86928558
-37.85134888
-37.8334465
-37.81558228
-37.79774857
-37.779953
-37.76218796
-37.74446106
-37.72676468
-37.70910645
-37.69147873
-37.67388535
-37.65633011
-37.63880539
-37.621315
-37.60385513
-37.58643341
-37.56904221
-37.55168915
-37.53436661
-37.51707458
-37.49982071
-37.48259735
-37.46540833
-37.44824982
-37.43112564
-37.4140358
-37.39698029
-37.37995529
-37.36296082
-37.34600067
-37.32907486
-37.31217957
-37.2953186
-37.27848816
-37.26169205
-37.24492645
-37.22819519
-37.21149063
-37.19482422
-37.17818451
-37.16157913
-37.14500809
-37.12846375
-37.11195374
-37.09547424
-37.07902908
-37.06261444
-37.0462265
-37.02987289
-37.01355362
-36.99726105
-36.98099899
-36.96477127
-36.94857407
-36.93240356
-36.9162674
-36.90016174
-36.88408661
-36.86804199
-36.85202789
-36.8360405
-36.82008743
-36.80416489
-36.78826904
-36.77240372
-36.75657272
-36.74076843
-36.72499084
-36.70924759
-36.69353485
-36.67784882
-36.6621933
-36.64656448
 -36.63097
-36.61540222
-36.59986115
-36.5843544
-36.56887054
-36.55342102
-36.5379982
-36.5226059
-36.5072403
-36.49190521
-36.47659683
-36.46131897
-36.44606781
-36.43084335
-36.41564941
-36.40048599
-36.38534927
-36.37023926
-36.35515594
-36.34010315
-36.32507706
-36.31008148
-36.2951088
-36.28016663
-36.26525497
-36.25036621
-36.23550797
-36.22067261
-36.20586777
-36.19108963
-36.17634201
-36.16161728
-36.14691925
-36.13225174
-36.11760712
-36.1029892
-36.08840179
-36.07383728
-36.05930328
-36.04479218
-36.03030777
-36.01585388
-36.00142288
-35.98701859
-35.97264099
-35.95828629
-35.9439621
-35.9296608
-35.9153862
-35.90113831
-35.8869133
-35.872715
-35.8585434
-35.8443985
-35.83027649
-35.81618118
-35.80211258
-35.78806686
-35.77404785
-35.76005173
-35.74608231
-35.73213577
-35.71821594
-35.70432281
-35.69045258
-35.67660522
-35.66278458
-35.64898682
-35.63521576
-35.62146759
-35.60774612
-35.59404373
-35.58036804
-35.56671906
-35.55309296
-35.53948975
-35.52590942
-35.5123558
-35.49882126
-35.48531342
-35.47183228
-35.45837021
-35.44493484
-35.43151855
-35.41812897
-35.40476227
-35.39141846
-35.37809753
-35.3647995
-35.35152435
-35.33827591
-35.32504654
-35.31184006
-35.29865646
-35.28549576
-35.27235794
-35.25924301
-35.24615097
-35.23308182
-35.22003174
-35.20700836
-35.19400406
-35.18102264
-35.16806412
-35.15512848
-35.14221191
-35.12932205
-35.11644745
-35.10359955
-35.09077072
-35.07796478
-35.06518173
-35.05242157
-35.03967667
-35.02695847
-35.01425934
-35.0015831
-34.98892593
-34.97629166
-34.96368027
-34.95108795
-34.93851471
-34.92596436
-34.91343307
-34.90092468
-34.88843536
-34.87596893
-34.86352158
-34.85109711
-34.8386879
-34.82630539
-34.81393814
-34.80159378
-34.78926849
-34.77696609
-34.76467896
-34.7524147
-34.74017334
-34.72794724
-34.71574402
-34.70355988
-34.69139481
-34.67924881
-34.66712189
-34.65501785
-34.64293289
-34.63086319
-34.61881638
-34.60678864
-34.59477997
-34.58279037
-34.57081985
-34.55886841
-34.54693604
-34.53502274
-34.52312851
-34.51125336
-34.49939728
-34.48756027
-34.47574234
-34.46393967
-34.45215988
-34.44039536
-34.4286499
-34.41692352
-34.40521622
-34.39352798
-34.38185501
-34.37020493
-34.3585701
-34.34695053
-34.33535385
-34.32377243
-34.31221008
-34.30066681
-34.28913879
-34.27762985
-34.26613617
-34.25466156
-34.24320602
-34.23176956
-34.22034836
-34.20894241
-34.19755554
-34.18618774
-34.17483521
-34.16350174
-34.15218353
-34.1408844
-34.12960052
-34.11833572
-34.10708618
-34.09585571
-34.0846405
-34.07344055
-34.06225967
-34.05109406
-34.0399437
-34.02881241
-34.01769638
-34.00659943
-33.99551773
-33.98445129
-33.97340012
-33.96236801
-33.95135117
-33.94034958
-33.92936707
-33.918396
-33.907444
-33.89650726
-33.88558578
-33.87468338
-33.86379242
-33.85292053
-33.8420639
-33.83122253
-33.82039642
-33.80958557
-33.79878998
-33.78800964
-33.77724838
-33.76649857
-33.75576401
-33.74504852
-33.73434448
-33.7236557
-33.71298599
-33.70232773
-33.69168472
-33.68105698
-33.67044449
-33.65984726
-33.64926529
-33.63869858
-33.62814713
-33.61760712
-33.60708618
-33.59657669
-33.58608246
-33.57560349
-33.56513596
-33.5546875
-33.54425049
-33.53382874
-33.52341843
-33.51302719
-33.5026474
-33.49228287
-33.48192978
-33.47159195
-33.46126938
-33.45096207
-33.4406662
-33.43038559
-33.42012024
-33.40986633
-33.39962387
-33.38940048
-33.37918854
-33.36898804
-33.3588028
-33.34863281
-33.33847427
-33.32832718
-33.31819916
-33.30807877
-33.29797363
-33.28788376
-33.27780533
-33.26774216
-33.25769043
-33.24765015
-33.23762512
-33.22761154
-33.21761322
-33.20762634
-33.19765091
-33.18769073
-33.177742
-33.16780472
-33.15788269
-33.14797211
-33.13807678
-33.12818909
-33.11831665
-33.10845947
-33.09860992
-33.08877563
-33.07895279
-33.06914139
-33.05934525
-33.04956055
-33.03978348
-33.03002548
-33.02027512
-33.01053619
-33.00081253
-32.9910965
-32.98139572
-32.97170639
-32.9620285
-32.95236588
-32.94271088
-32.93306732
-32.92343903
-32.91381836
-32.90421295
-32.89461517
-32.88503265
-32.87546158
-32.86589813
-32.85634995
-32.8468132
-32.83728409
-32.82777023
-32.81826401
-32.80877304
-32.7992897
-32.78982162
-32.78036118
-32.77091217
-32.76147461
-32.75204849
-32.74263382
-32.73323059
-32.72383499
-32.71445465
-32.70508194
-32.69572067
-32.68637085
-32.67702866
-32.66770172
-32.65838242
-32.64907455
-32.63977814
-32.63048935
-32.62121582
-32.61194992
-32.60269547
-32.59344864
-32.58421326
-32.57498932
-32.56577682
-32.55657196
-32.54737854
-32.53819275
-32.52902222
-32.51985931
-32.51070404
-32.50156021
-32.49242783
-32.48330307
-32.47418976
-32.46508789
-32.45599365
-32.44691086
-32.43783569
-32.42877197
-32.41971588
-32.41067123
-32.40163422
-32.39260864
-32.3835907
-32.3745842
-32.36558533
-32.3565979
-32.3476181
-32.33864975
-32.32968903
-32.32073975
-32.3117981
-32.30286407
-32.2939415
-32.28502655
-32.27612305
-32.26722717
-32.25833893
-32.24946213
-32.24059296
-32.23173523
-32.22288513
-32.21404266
-32.20520782
-32.19638443
-32.18756866
-32.17876053
-32.16996384
-32.16117477
-32.15239334
-32.14361954
-32.13485718
-32.12610245
-32.11735535
-32.10861588
-32.09988785
-32.09116745
-32.08245468
-32.07374954
-32.06505203
-32.05636597
-32.04768372
-32.03901291
-32.03034973
-32.02169418
-32.01305008
-32.00440979
-31.99577904
-31.98715591
-31.97854042
-31.96993446
-31.96133614
-31.95274353
-31.94416046
-31.93558502
-31.92701721
-31.91845894
-31.90990639
-31.90136147
-31.89282417
-31.88429642
-31.87577438
-31.86725998
-31.8587532
-31.85025597
-31.84176445
-31.83328056
-31.82480431
-31.81633377
-31.80787277
-31.7994175
-31.79097176
-31.78253174
-31.77409935
-31.76567268
-31.75725555
-31.74884415
-31.74044037
-31.73204231
-31.72365379
-31.715271
-31.70689392
-31.69852638
-31.69016457
-31.68180847
-31.67346001
-31.66511917
-31.65678406
-31.64845657
-31.64013672
-31.63182068
-31.62351418
-31.61521339
-31.60691833
-31.59863091
-31.5903492
-31.58207512
-31.57380676
-31.56554604
-31.55729103
-31.54904175
-31.54080009
-31.53256416
-31.52433395
-31.51611137
-31.50789452
-31.49968338
-31.49147797
-31.48328018
-31.47508812
-31.46690178
-31.45872116
-31.45054817
-31.442379
-31.43421745
-31.42606163
-31.41791153
-31.40976906
-31.4016304
-31.39349747
-31.38537216
-31.37725067
-31.36913681
-31.36102676
-31.35292435
-31.34482574
-31.33673477
-31.32864761
-31.32056808
-31.31249237
-31.30442238
-31.29636002
-31.28830147
-31.28024864
-31.27219963
-31.26415825
-31.25612068
-31.24809074
-31.24006462
-31.23204422
-31.22402763
-31.21601868
-31.20801353
-31.20001221
-31.19201851
-31.18402863
-31.17604446
-31.16806602
-31.1600914
-31.1521225
-31.14415741
-31.13619804
-31.1282444
-31.12029457
-31.11235046
-31.10441208
-31.09647751
-31.08854675
-31.08062172
-31.07270241
-31.06478691
-31.05687523
-31.04896927
-31.04106712
-31.0331707
-31.02527809
-31.0173912
-31.00950623
-31.00162888
-30.99375343
-30.98588371
-30.97801971
-30.97015762
-30.96230125
-30.9544487
-30.94660187
-30.93875885
-30.93091965
-30.92308426
-30.91525269
-30.90742683
-30.89960289
-30.89178467
-30.88397217
-30.87616158
-30.8683548
-30.86055374
-30.85275459
-30.84496117
-30.83717155
-30.82938576
-30.82160187
-30.8138237
-30.80604935
-30.79827881
-30.79051208
-30.78274918
-30.77499008
-30.7672348
-30.75948143
-30.75173378
-30.74398994
-30.73624802
-30.7285099
-30.72077751
-30.71304703
-30.70532036
-30.6975956
-30.68987656
-30.68215942
-30.67444611
-30.6667366
-30.65903091
-30.65132713
-30.64362717
-30.63593102
-30.62823868
-30.62054825
-30.61286163
-30.60517693
-30.59749794
-30.58981895
-30.58214569
-30.57447433
-30.56680679
-30.55914116
-30.55147934
-30.54381943
-30.53616333
-30.52851105
-30.52085876
-30.5132122
-30.50556755
-30.4979248
-30.49028587
-30.48264885
-30.47501564
-30.46738434
-30.45975685
-30.45213127
-30.4445076
-30.43688774
-30.42926979
-30.42165375
-30.41404152
-30.4064312
-30.39882469
-30.39121819
-30.38361549
-30.37601471
-30.36841774
-30.36082077
-30.35322762
-30.34563637
-30.33804703
-30.3304615
-30.32287598
-30.31529427
-30.30771446
-30.30013657
-30.29256058
-30.2849865
-30.27741432
-30.26984596
-30.2622776
-30.25471115
-30.24714851
-30.23958588
-30.23202705
-30.22446823
-30.21691322
-30.20935822
-30.20180511
-30.19425583
-30.18670654
-30.17915916
-30.17161369
-30.16407013
-30.15652657
-30.14898682
-30.14144707
-30.13391113
-30.1263752
-30.11884117
-30.11130714
-30.10377693
-30.09624672
-30.08871841
-30.08119011
-30.07366562
-30.06614113
-30.05861855
-30.05109596
-30.04357529
-30.03605652
-30.02853775
-30.02102089
-30.01350594
-30.00599098
-29.99847794
-29.99096489
-29.98345375
-29.97594452
-29.96843529
-29.96092606
-29.95341873
-29.94591331
-29.9384079
-29.93090248
-29.92339897
-29.91589546
-29.90839386
-29.90089226
-29.89339256
-29.88589287
-29.87839317
-29.87089539
-29.8633976
-29.85589981
-29.84840202
-29.84090614
-29.83341026
-29.82591629
-29.81842232
-29.81092834
-29.80343437
-29.7959404
-29.78844833
-29.78095436
-29.7734623
-29.76597023
-29.75848007
-29.75098801
-29.74349785
-29.73600578
-29.72851562
-29.72102547
-29.7135334
-29.70604324
-29.69855309
-29.69106293
-29.68357277
-29.67608261
-29.66859245
-29.66110229
-29.65361023
-29.64612007
-29.63862991
-29.63113785
-29.62364769
-29.61615562
-29.60866356
-29.60117149
-29.59367943
-29.58618736
-29.57869339
-29.57120132
-29.56370735
-29.55621338
-29.5487175
-29.54122162
-29.53372765
-29.52622986
-29.51873398
-29.51123619
-29.5037384
-29.49623871
-29.48873901
-29.48123932
-29.47373772
-29.46623611
-29.45873451
-29.451231
-29.44372559
-29.43622017
-29.42871475
-29.42120743
-29.4137001
-29.40619087
-29.39867973
-29.39116859
-29.38365746
-29.37614441
-29.36862946
-29.3611145
-29.35359764
-29.34607887
-29.3385601
-29.33103943
-29.32351685
-29.31599426
-29.30846977
-29.30094337
-29.29341698
-29.28588676
-29.27835655
-29.27082443
-29.26329231
-29.25575638
-29.24822044
-29.2406826
-29.23314285
-29.2256012
-29.21805763
-29.21051216
-29.20296669
-29.1954174
-29.18786621
-29.18031502
-29.17276001
-29.165205
-29.15764618
-29.15008736
-29.14252472
-29.13496017
-29.12739372
-29.11982536
-29.1122551
-29.10468292
-29.09710884
-29.08953285
-29.08195305
-29.07437134
-29.06678772
-29.05920219
-29.05161285
-29.04402161
-29.03642845
-29.02883339
-29.02123451
-29.01363564
-29.00603104
-28.99842644
-28.99081802
-28.9832058
-28.97559166
-28.96797562
-28.96035576
-28.95273399
-28.94511032
-28.93748283
-28.92985153
-28.92221832
-28.9145813
-28.90694237
-28.89929962
-28.89165497
-28.8840065
-28.87635612
-28.86870003
-28.86104202
-28.85338211
-28.84571838
-28.83805084
-28.83037949
-28.82270622
-28.81502914
-28.80734825
-28.79966354
-28.79197693
-28.78428459
-28.77659035
-28.76889229
-28.76119041
-28.75348473
-28.74577713
-28.73806381
-28.73034859
-28.72262764
-28.71490288
-28.70717621
-28.69944382
-28.69170952
-28.6839695
-28.67622566
-28.66847992
-28.66072845
-28.65297318
-28.64521408
-28.63744926
-28.62968254
-28.6219101
-28.61413383
-28.60635376
-28.59856796
-28.59078026
-28.58298683
-28.57518768
-28.56738663
-28.55957985
-28.55176735
-28.54395294
-28.53613281
-28.52830696
-28.52047729
-28.51264381
-28.50480461
-28.49695969
-28.48911095
-28.48125839
-28.47340012
-28.46553612
-28.4576683
-28.44979477
-28.44191551
-28.43403244
-28.42614365
-28.41825104
-28.4103508
-28.40244675
-28.39453888
-28.38662338
-28.37870407
-28.37077904
-28.36284828
-28.3549118
-28.3469696
-28.33902168
-28.33106995
-28.32311058
-28.3151474
-28.30717659
-28.29920197
-28.29122162
-28.28323364
-28.27523994
-28.26724243
-28.25923729
-28.25122643
-28.24320984
-28.23518753
-28.22715759
-28.21912384
-28.21108246
-28.20303535
-28.19498062
-28.18692017
-28.17885399
-28.17078209
-28.16270256
-28.15461731
-28.14652443
-28.13842583
-28.1303215
-28.12220955
-28.11408997
-28.10596466
-28.09783363
-28.08969498
-28.08154869
-28.07339478
-28.06523514
-28.05706978
-28.04889488
-28.04071426
-28.03252602
-28.02433205
-28.01612854
-28.00791931
-27.99970245
-27.99147797
-27.98324776
-27.97500801
-27.96676064
-27.95850754
-27.9502449
-27.94197655
-27.93369865
-27.92541313
-27.91712189
-27.90882111
-27.9005127
-27.89219666
-27.88387108
-27.87553978
-27.86719894
-27.85885048
-27.85049438
-27.84212875
-27.83375549
-27.8253746
-27.81698418
-27.80858612
-27.80018044
-27.79176521
-27.78334045
-27.77490807
-27.76646805
-27.75801659
-27.7495594
-27.74109077
-27.73261452
-27.72413063
-27.7156353
-27.70713234
-27.69861984
-27.69009781
-27.68156815
-27.67302704
-27.6644783
-27.65592003
-27.64735222
-27.63877296
-27.63018608
-27.62158966
-27.6129837
-27.60436821
-27.59574127
-27.5871067
-27.57846069
-27.56980515
-27.56114006
-27.55246544
-27.54377937
-27.53508377
-27.52637672
-27.51766205
-27.50893593
-27.50019836
-27.49145126
-27.48269272
-27.47392464
-27.46514511
-27.45635605
-27.44755554
-27.43874359
-27.4299221
-27.42108917
-27.4122448
-27.40338898
-27.39452362
-27.38564682
-27.37675667
-27.36785698
-27.35894585
-27.35002327
-27.34108925
-27.33214378
-27.32318497
-27.31421661
-27.30523491
-27.29624367
-27.28723717
-27.27822113
-27.26919365
-27.26015282
-27.25109863
-27.242033
-27.23295593
-27.22386551
-27.21476364
-27.20564842
-27.19652176
-27.18738174
-27.17822838
-27.16906357
-27.15988541
-27.15069389
-27.14148903
-27.13227272
-27.12304115
-27.11379814
-27.10453987
-27.09527016
-27.08598518
-27.07668877
-27.06737709
-27.05805206
-27.04871368
-27.03936195
-27.02999496
-27.02061462
-27.01122093
-27.00181198
-26.99238968
-26.98295212
-26.97350121
-26.96403503
-26.95455551
-26.94506073
-26.93555069
-26.92602539
-26.91648674
-26.90693283
-26.89736366
-26.88777924
-26.87817955
-26.86856461
-26.8589344
-26.84928894
-26.83962822
-26.82995033
-26.82025719
-26.81055069
-26.80082512
-26.7910862
-26.7813282
-26.77155685
-26.76176834
-26.75196266
-26.74214172
-26.73230362
-26.72244835
-26.71257782
-26.70269012
-26.69278526
-26.68286324
-26.67292404
-26.66296768
-26.65299416
-26.64300346
-26.63299561
-26.62297058
-26.61292648
-26.60286522
-26.59278679
-26.58268929
-26.57257462
-26.56244087
-26.55228806
-26.54211998
-26.53193092
-26.5217247
-26.5114975
-26.50125313
-26.49098969
-26.48070908
-26.47040749
-26.46008682
-26.44974709
-26.43938637
-26.42900848
-26.41860962
-26.40819168
-26.39775276
-26.38729477
-26.3768177
-26.36631966
-26.35580063
-26.34526062
-26.33470154
-26.32412148
-26.31352043
-26.30289841
-26.29225349
-26.28158951
-26.27090454
-26.26019669
-26.24946976
-26.23871994
-26.22794724
-26.21715355
-26.20633698
-26.19549942
-26.18463898
-26.17375755
-26.16285133
-26.15192413
-26.14097404
-26.13000107
-26.1190033
-26.10798454
-26.09694099
-26.08587456
-26.07478523
-26.06367111
-26.0525341
-26.0413723
-26.0301857
-26.01897621
-26.00774193
-25.99648285
-25.98519897
-25.9738903
-25.96255684
-25.95119858
-25.93981361
-25.92840385
-25.9169693
-25.90550804
-25.89402199
-25.88250923
-25.87096977
-25.85940552
-25.84781265
-25.83619499
-25.82454872
-25.81287575
-25.80117607
-25.78944969
-25.77769661
-25.76591301
-25.75410461
-25.7422657
-25.73040009
-25.71850586
-25.70658302
-25.69463158
-25.68265152
-25.67064285
-25.65860367
-25.64653587
-25.63443947
-25.62231255
-25.61015511
-25.59796715
-25.58575058
-25.57350349
-25.56122398
-25.54891586
-25.53657532
-25.52420425
-25.51180077
-25.49936676
-25.48690033
-25.47440147
-25.4618721
-25.4493084
-25.43671417
-25.42408562
-25.41142464
-25.39872932
-25.38600159
-25.37324142
-25.36044693
-25.3476162
-25.33475304
-25.32185555
-25.30892372
-25.29595566
-25.28295326
-25.26991463
-25.25684166
-25.24373245
-25.23058701
-25.21740532
-25.20418739
-25.19093132
-25.17764091
-25.16431046
-25.15094566
-25.13754082
-25.12409782
-25.11061859
-25.0970993
-25.08354187
-25.06994629
-25.05631065
-25.04263687
-25.02892113
-25.01516724
-25.00137329
-24.98753738
-24.97366142
-24.95974541
-24.94578552
-24.93178749
-24.91774559
-24.90366173
-24.8895359
-24.87536621
-24.86115456
-24.84689903
-24.83260155
-24.81825829
-24.80387306
-24.78944206
-24.77496529
-24.76044464
-24.74588013
-24.73126793
-24.71660995
-24.7019062
-24.68715668
-24.67235947
-24.65751457
-24.64262199
-24.62768173
-24.61269379
-24.59765625
-24.58257103
-24.56743622
-24.55225182
-24.53701782
-24.52173233
-24.50639725
-24.49101067
-24.47557259
-24.46008301
-24.44454193
-24.42894745
-24.41330147
-24.39760208
-24.38184738
-24.36604118
-24.35017776
-24.33426285
-24.31829071
-24.30226326
-24.2861805
-24.27004051
-24.25384331
-24.23759079
-24.22127914
-24.20491028
-24.18848228
-24.17199707
-24.15545082
-24.13884544
-24.12217903
-24.10545349
-24.08866692
-24.0718174
-24.05490685
-24.03793335
-24.02089691
-24.00379753
-23.9866333
-23.96940422
-23.9521122
-23.93475342
-23.91732979
-23.8998394
-23.88228226
-23.86465645
-23.84696388
-23.82920265
-23.81137276
-23.79347229
-23.77550316
-23.75746155
-23.73935127
-23.72116852
-23.70291138
-23.68458366
-23.66618156
-23.64770508
-23.62915611
-23.61052895
-23.59182739
-23.57304955
-23.5541954
-23.53526306
-23.51625061
-23.49716187
-23.4779911
-23.45874214
-23.43941116
-23.42000008
-23.40050507
-23.38092804
-23.36126709
-23.34152222
-23.32169151
-23.30177498
-23.28177261
-23.26168442
-23.24150658
-23.221241
-23.20088577
-23.1804409
-23.15990448
-23.1392765
-23.11855507
-23.09774208
-23.07683372
-23.05583191
-23.03473282
-23.01353836
-22.99224663
-22.97085571
-22.94936562
-22.92777634
-22.90608597
-22.88429451
-22.86240005
-22.8404007
-22.81829834
-22.79608917
-22.7737751
-22.75135231
-22.72882271
-22.70618248
-22.68343163
-22.66057014
-22.63759613
-22.61450958
-22.59130859
-22.56799126
-22.54455757
-22.52100563
-22.49733543
-22.47354507
-22.44963264
-22.42560005
-22.40144348
-22.37716293
-22.35275459
-22.32822227
-22.30356026
-22.27876854
-22.25384521
-22.22879219
-22.20360565
-22.17828369
-22.15282631
-22.1272316
-22.10149765
-22.07562447
-22.04961014
-22.02345276
-21.99715233
-21.97070503
-21.94411087
-21.91736794
-21.89047623
-21.86343193
-21.83623314
-21.80888176
-21.78137207
-21.75370598
-21.72587967
-21.69789124
-21.66974068
-21.64142418
-21.61294174
-21.58429146
-21.55547142
-21.52647972
-21.49731255
-21.46796989
-21.43845177
-21.40875244
-21.37887192
-21.34880829
-21.31855965
-21.28812218
-21.25749588
-21.22667694
-21.19566536
-21.16445732
-21.13305092
-21.10144424
-21.06963539
-21.03762054
-21.0053978
-20.97296524
-20.94032097
-20.90746307
-20.87438583
-20.84108925
-20.8075695
-20.7738266
-20.73985481
-20.70565224
-20.67121696
-20.63654518
-20.60163498
-20.56648254
-20.53108597
-20.49544144
-20.45954514
-20.42339516
-20.38698959
-20.35032082
-20.31339073
-20.27619362
-20.23872566
-20.20098305
-20.16296387
-20.12466431
-20.08608055
-20.04720879
-20.00804329
-19.96858406
-19.92882538
-19.88876152
-19.84839058
-19.80770874
-19.76671028
-19.72539139
-19.68374825
-19.64177704
-19.59947014
-19.55682755
-19.51384163
-19.47050667
-19.42682076
-19.38277817
-19.33837318
-19.29360008
-19.24845314
-19.20292854
-19.15702248
-19.1107254
-19.06403351
-19.01694298
-18.96944427
-18.92153358
-18.87320328
-18.82444954
-18.77526474
-18.72564125
-18.67557335
-18.62505531
-18.57407761
-18.52263451
-18.47072029
-18.41832542
-18.36544228
-18.31206512
-18.25818443
-18.20379066
 -18.14888
-18.09344101
-18.03746414
-17.98094368
-17.92386818
-17.86623001
-17.80801964
-17.74922562
-17.68983841
-17.62985039
-17.5692482
-17.50802422
-17.44616699
-17.38366318
-17.32050323
-17.25667572
-17.19216728
-17.12696838
-17.06106377
-16.99444389
-16.92709351
-16.85899925
-16.79014587
-16.72052383
-16.65011406
-16.57890511
-16.50688171
-16.43402481
-16.36032295
-16.28575516
-16.21030998
-16.13396454
-16.05670547
-15.97851372
-15.89937019
-15.81925488
-15.73814869
-15.65603256
-15.57288456
-15.4886837
-15.40340805
-15.31703472
-15.22954178
-15.14090538
-15.05109882
-14.96010017
-14.86788082
-14.77441597
-14.67967701
-14.58363628
-14.48626518
-14.38753414
-14.28741074
-14.18586445
-14.08286285
-13.97837257
-13.87235737
-13.76478386
-13.6556139
-13.54480934
-13.43233204
-13.31814194
-13.20219707
-13.08445358
-12.9648695
-12.84339809
-12.71999264
-12.59460449
-12.46718502
-12.33768082
-12.20603943
-12.07220554
-11.93612385
-11.79773426
-11.65697765
-11.51379204
-11.36811161
-11.21987152
-11.06900215
-10.91543484
-10.75909424
-10.59990597
-10.43779373
-10.27267647
-10.10447121
-9.933094025
-9.75845623
-9.580468178
-9.399035454
-9.214064598
-9.025454521
-8.833105087
-8.636910439
-8.436765671
-8.23255825
-8.024177551
-7.811505318
-7.594424248
-7.372812748
-7.146546364
-6.915499687
-6.679542542
-6.43854475
-6.192372322
-5.940891743
-5.683965683
-5.421457291
-5.15322876
-4.879142284
-4.599059105
-4.3128438
-4.02036047
-3.721476078
-3.416062117
-3.103992462
-2.785147667
-2.459413767
-2.126684427
-1.786862373
-1.439860344
-1.08560288
-0.7240273952
-0.3550865054
0.02125110291
0.4049985111
0.7961491346
1.194675088
1.60052526
2.01362443
2.433871269
2.861137152
3.295265913
3.736071587
4.183339119
4.636823654
5.09624958
5.561312199
 6.0316782
6.506986141
6.986848354
7.470850945
7.958559036
8.449516296
8.943248749
9.439266205
9.937067032
10.43614006
10.9359684
11.43602943
11.93580246
12.43476963
12.93241501
13.4282341
13.92173004
14.41242027
14.89983368
15.38351822
15.86303616
16.33796883
16.80791855
17.27250481
17.73136902
18.18417358
18.63059998
19.07035065
19.50315285
19.92874908
20.34690094
20.7573967
21.16003418
 21.554636
21.94103813
22.31909943
22.68868637
23.04969025
23.40200996
23.74555969
24.08027267
24.40608788
24.72295952
25.03085518
25.32974815
25.61962891
25.9004879
26.17233658
26.43518448
26.6890564
26.93397903
27.16999245
27.3971386
27.61546707
27.82503319
28.02589989
28.21813202
28.40180016
28.5769825
28.74375725
28.90220833
29.05242538
29.19449615
29.32851601
29.45458221
29.57279396
29.68325424
29.78606606
29.88133812
29.96917534
30.04968834
30.12299156
30.18919373
30.24841309
30.30076027
30.34635544
30.38531303
30.4177494
30.44378471
30.46353531
30.47712135
30.48465919
30.4862709
