2292
0
114.55
0.3309653103
0.3321204782
0.3332730234
0.3344229162
0.335570097
0.3367145061
0.3378560543
0.3389947116
0.3401304483
0.341263175
0.3423928916
0.343519479
0.3446429372
0.3457632363
0.3468802869
0.3479940593
0.3491045535
0.3502116799
0.3513154089
0.3524157107
0.3535125852
0.3546059132
0.3556957543
0.3567819893
0.3578646481
0.358943671
0.360019058
0.3610907197
0.3621586859
0.3632228971
0.3642833531
0.3653400242
0.3663928509
0.3674418628
0.3684870005
0.369528234
0.3705655932
0.3715990186
0.3726284802
0.3736539781
0.3746755123
0.3756930232
0.3767065406
0.3777160048
0.3787214458
0.3797228038
0.3807201087
0.3817133009
0.3827024102
0.3836874068
0.3846682608
0.3856450021
0.3866176009
0.3875860274
0.3885503113
0.3895103931
0.3904663026
0.3914180398
0.3923655748
0.3933088779
0.3942480087
0.3951829076
0.3961135745
0.3970400393
0.3979622722
0.3988802433
0.3997939825
0.4007034898
0.4016087651
0.4025097489
0.4034065008
0.4042990208
0.4051872492
0.4060712457
0.4069509506
0.4078264236
0.4086976349
0.4095645547
0.4104272425
0.4112856388
0.4121397734
0.412989676
0.4138352871
0.4146766365
0.4155137539
0.4163465798
0.417175144
0.4179994762
0.4188195467
0.4196353555
0.4204469025
0.4212542176
0.4220573008
0.4228561223
0.423650682
0.4244410396
0.4252271354
0.4260089993
0.4267866313
0.4275600612
0.4283292592
0.4290942252
0.4298549891
0.430611521
0.4313638508
0.4321119785
0.4328559041
0.4335956573
0.4343311787
0.4350625277
0.4357897043
0.4365126789
0.4372314811
0.4379461408
0.4386565983
0.4393629134
0.4400650561
0.4407630563
0.4414569139
0.4421465993
0.4428321719
0.443513602
0.4441908896
0.4448640645
0.4455330968
0.4461980462
0.4468588531
0.4475155771
0.4481681883
0.4488166869
0.4494611025
0.4501014352
0.4507376552
0.451369822
0.451997906
0.452621907
0.4532418549
0.4538577497
0.4544695616
0.4550773501
0.4556810558
0.4562807381
0.4568763673
0.4574679732
0.458055526
0.4586390555
0.4592185616
0.4597940445
0.4603655338
0.46093297
0.4614964128
0.4620558619
0.4626112878
0.4631627202
0.4637101591
0.4642536044
0.4647930562
0.4653285444
0.4658600092
0.4663875103
0.4669110477
0.4674305916
0.4679461718
0.4684577584
0.4689653814
0.4694690704
0.469968766
0.4704644978
0.4709562957
0.4714441001
0.4719279706
0.4724078774
0.4728838205
0.4733557999
0.4738238454
0.474287957
0.474748075
0.4752042592
0.4756565094
0.4761047959
0.4765491188
0.4769895077
0.4774259329
0.4778584242
0.478286922
0.4787115157
0.4791321158
0.4795487821
0.4799614847
0.4803702235
0.4807749987
0.4811758101
0.4815726578
0.4819655418
0.4823544323
0.4827393591
0.4831203222
0.483497262
0.4838702679
0.4842392504
0.4846042395
0.484965235
0.4853222072
0.4856751859
0.4860241413
0.4863690734
0.4867099822
0.4870468676
0.4873796999
0.4877084792
0.4880331755
0.4883538485
0.4886704385
0.4889829457
0.4892913401
0.4895956516
0.4898958504
0.4901919365
0.49048388
0.4907716811
0.4910553396
0.4913348258
0.4916101098
0.4918812513
0.4921481609
0.4924108386
0.4926692843
0.4929234982
0.4931734502
0.4934191108
0.4936605096
0.4938975573
0.4941302836
0.4943586588
0.4945826828
0.4948022962
0.4950175285
0.4952283204
0.4954346418
0.4956365228
0.4958339036
0.4960267544
0.4962150455
0.4963988066
0.4965779483
0.4967524707
0.496922344
0.4970875382
0.4972480237
0.4974038005
0.4975547791
0.4977009594
0.4978423119
0.4979787767
0.4981103539
0.498236984
0.4983586669
0.4984752834
0.4985868633
0.4986933768
0.4987947047
0.4988908768
0.4989818037
0.4990674853
0.4991478324
0.4992227852
0.4992923439
0.4993564188
0.4994149804
0.4994679689
0.4995153248
0.4995569587
0.4995928705
0.4996229708
0.4996471703
0.4996654689
0.4996777475
0.4996839464
0.499684006
0.4996778667
0.4996654391
0.4996466637
0.4996214211
0.4995896816
0.4995513558
0.4995063543
0.4994545877
0.4993959963
0.4993304312
0.4992578626
0.499178201
0.4990912974
0.498997122
0.4988955557
0.4987864792
0.4986698031
0.4985454381
0.4984132648
0.4982731938
0.4981251061
0.4979689121
0.4978044927
0.4976317585
0.4974505901
0.4972608685
0.4970624745
0.4968553483
0.4966393411
0.4964143336
0.4961802661
0.4959369898
0.4956844151
0.4954224527
0.4951509833
0.4948699176
0.4945791364
0.49427858
0.493968159
0.4936477542
0.493317306
0.4929767549
0.4926260114
0.4922650158
0.4918937087
0.4915120304
0.4911199212
0.4907173812
0.4903043509
0.4898808002
0.4894467294
0.4890021086
0.4885469377
0.4880812466
0.4876050055
0.487118274
0.4866210818
0.4861134589
0.4855954349
0.4850670993
0.484528482
0.4839796424
0.4834206998
0.4828517139
0.482272774
0.4816839695
0.4810854197
0.4804772139
0.4798594713
0.4792323411
0.4785958827
0.4779503047
0.4772956669
0.476632148
0.4759598672
0.4752789736
0.4745895863
0.4738918841
0.4731859863
0.4724720716
0.4717502594
0.4710206985
0.4702835679
0.4695389867
0.4687871337
0.4680281579
0.4672621787
0.4664893746
0.4657098651
0.4649238586
0.4641314447
0.4633327723
0.4625280201
0.4617173374
0.4609008133
0.4600786269
0.4592508972
0.458417803
0.4575794339
0.4567359686
0.4558874965
0.4550341666
0.4541760981
0.4533134401
0.4524463117
0.4515748322
0.4506991208
0.4498192966
0.4489354789
0.448047787
0.4471563399
0.4462612569
0.4453626275
0.4444605708
0.4435552061
0.4426466227
0.4417349398
0.4408202469
0.4399026334
0.4389822483
0.4380591512
0.4371334314
0.4362052083
0.4352745712
0.4343415797
0.4334063828
0.4324690104
0.4315295815
0.430588156
0.4296448827
0.4286997616
0.427752912
0.4268044233
0.4258543849
0.4249028265
0.4239498675
0.4229955673
0.4220400155
0.4210832417
0.4201253653
0.4191664159
0.4182065129
0.4172456861
0.4162839949
0.4153215289
0.4143583477
0.4133945107
0.4124301076
0.4114651382
0.410499692
0.4095338583
0.408567667
0.4076011777
0.40663445
0.4056675434
0.4047004879
0.4037333727
0.4027661979
0.4017990828
0.400832057
0.3998651206
0.3988983929
0.3979318738
0.3969656229
0.3959996998
0.3950341344
0.3940689564
0.3931042552
0.3921400309
0.3911763728
0.3902132511
0.3892507851
0.388288945
0.3873278201
0.3863674402
0.3854078054
0.3844490051
0.3834910393
0.3825339675
0.3815777898
0.3806225955
0.3796683848
0.3787151575
0.3777630031
0.3768119514
0.3758619726
0.374913156
0.3739655316
0.3730190694
0.3720738888
0.37112993
0.3701872826
0.3692459166
0.3683059216
0.3673672676
0.3664300442
0.3654941916
0.3645597994
0.3636268973
0.3626954556
0.3617655337
0.3608371317
0.3599102795
0.3589850068
0.3580613434
0.3571392894
0.3562188745
0.3553001285
0.3543830514
0.3534676433
0.3525539637
0.3516420126
0.3507318199
0.3498233557
0.3489167094
0.3480118513
0.3471087813
0.3462075591
0.3453081846
0.3444106281
0.3435149789
0.3426212072
0.3417293131
0.3408393562
0.3399513066
0.3390651941
0.3381810486
0.3372988403
0.3364185989
0.3355403543
0.3346640766
0.3337898254
0.3329176009
0.3320473731
0.3311791718
0.3303130269
0.3294489384
0.3285869062
0.3277269304
0.3268690407
0.3260132372
0.3251595199
0.3243079185
0.3234584033
0.3226110041
0.3217657208
0.3209225833
0.3200815618
0.319242686
0.318405956
0.3175713718
0.3167389333
0.3159086406
0.3150805533
0.3142546117
0.3134308457
0.3126092553
0.3117898405
0.310972631
0.3101575971
0.3093447685
0.3085341156
0.307725668
0.3069194257
0.3061153889
0.3053135574
0.3045139313
0.3037165403
0.302921325
0.3021283746
0.3013375998
0.3005490601
0.2997627258
0.2989786267
0.2981967628
0.2974171042
0.2966396809
0.2958644927
0.2950915098
0.2943207622
0.2935522497
0.2927859426
0.2920219004
0.2912600636
0.2905004323
0.2897430658
0.2889879048
0.2882349789
0.2874842584
0.2867358029
0.2859895229
0.285245508
0.2845036983
0.2837640941
0.2830267251
0.2822915912
0.2815586627
0.2808279395
0.2800994217
0.2793731391
0.2786490619
0.2779271901
0.2772075236
0.2764900625
0.2757748067
0.2750617564
0.2743508816
0.2736422122
0.2729357481
0.2722314596
0.2715293765
0.270829469
0.2701317668
0.2694362104
0.2687428594
0.2680516541
0.2673626542
0.2666758001
0.2659911215
0.2653085887
0.2646282315
0.2639500201
0.2632739842
0.2626000643
0.2619283199
0.2612587214
0.2605912387
0.2599259019
0.2592627108
0.2586016357
0.2579426765
0.2572858334
0.2566311359
0.2559785247
0.2553280592
0.2546796799
0.2540333867
0.2533892095
0.2527471185
0.2521071136
0.2514692247
0.2508333921
0.2501996458
0.2495679706
0.2489383668
0.2483108342
0.2476853579
0.247061938
0.2464405596
0.2458212525
0.2452039719
0.2445887327
0.243975535
0.2433643788
0.2427552342
0.2421481162
0.2415430248
0.2409399301
0.2403388619
0.2397397906
0.2391427159
0.2385476381
0.237954542
0.2373634428
0.2367743254
0.2361871898
0.2356020212
0.2350188196
0.23443757
0.2338583022
0.2332809716
0.2327055931
0.2321321517
0.2315606624
0.2309910953
0.2304234654
0.2298577726
0.2292939872
0.2287321091
0.2281721532
0.2276141047
0.2270579487
 0.2265037
0.2259513289
0.2254008651
0.2248522639
0.2243055552
0.2237607092
0.2232177258
0.2226766199
0.2221373618
0.2215999663
0.2210644037
0.2205306888
0.2199988216
0.2194687873
0.218940571
0.2184141874
0.2178896219
0.2173668593
0.2168459296
0.2163267881
0.2158094496
0.2152938992
0.2147801518
0.2142681777
0.2137579918
0.2132495791
0.2127429247
0.2122380435
0.2117349356
0.2112335712
0.210733965
0.2102361023
0.2097399831
0.2092455924
0.2087529451
0.2082620114
0.2077728063
0.2072853148
0.2067995518
0.2063154727
0.2058331221
0.2053524554
0.2048734725
0.2043961883
0.2039205879
0.2034466714
0.2029744238
0.2025038451
0.2020349354
0.2015676945
0.2011020929
0.2006381452
0.2001758516
0.1997151822
0.1992561668
0.1987987757
0.1983430088
0.1978888661
0.1974363476
0.1969854385
0.1965361387
0.1960884482
0.1956423372
0.1951978356
0.1947549284
0.1943136007
0.1938738525
0.1934356838
0.1929990798
0.1925640404
0.1921305656
0.1916986555
0.191268295
0.1908394843
0.1904122233
0.1899864972
0.1895623058
0.1891396344
0.1887184978
0.188298896
0.1878807992
0.1874642074
0.1870491356
0.1866355687
0.186223492
0.1858129203
0.1854038239
0.1849962324
0.1845901161
0.1841854751
0.1837823093
0.1833806038
0.1829803735
0.1825816035
0.182184279
0.1817884147
0.1813939959
0.1810010225
0.1806094795
0.1802193671
0.1798307002
0.1794434488
0.1790576279
0.1786732227
0.1782902181
0.1779086292
0.1775284559
0.1771496683
0.1767722815
0.1763962954
0.1760216951
0.1756484658
0.1752766371
0.1749061644
0.1745370775
0.1741693467
0.1738029867
0.1734379828
0.1730743349
0.1727120429
0.172351107
0.1719914973
0.1716332287
0.1712763011
0.1709206998
0.1705664396
0.1702134907
0.169861868
0.1695115566
0.1691625565
0.1688148677
0.1684684753
0.1681233943
0.1677795947
0.1674371064
0.1670958996
0.1667559743
0.1664173305
0.1660799533
0.1657438576
0.1654090434
0.1650754809
0.164743185
0.1644121408
0.1640823632
0.1637538224
0.1634265482
0.1631004959
0.1627756953
0.1624521315
0.1621297896
0.1618086845
0.1614888012
0.1611701548
0.1608527005
0.1605364829
0.1602214575
0.1599076539
0.1595950425
0.159283638
0.1589734256
0.1586644053
0.1583565772
0.1580499262
0.1577444673
0.1574401855
0.157137081
0.1568351388
0.1565343738
0.156234771
0.1559363306
0.1556390524
0.1553429216
0.1550479382
0.1547541022
0.1544614285
0.1541698724
0.1538794637
0.1535902023
0.1533020586
0.1530150324
0.1527291387
0.1524443775
0.152160719
0.1518781781
0.1515967548
0.1513164341
0.1510372311
0.1507591158
0.1504820883
0.1502061784
0.1499313414
0.1496576071
0.1493849456
0.149113372
0.1488428861
0.1485734731
0.1483051181
0.1480378509
0.1477716416
0.1475064903
0.147242412
0.1469793767
0.1467173994
0.14645648
0.1461966038
0.1459377706
0.1456799805
0.1454232335
0.1451675147
0.1449128389
0.1446591914
0.1444065571
0.144154951
0.143904373
0.1436548084
0.1434062719
0.1431587338
0.142912209
0.1426666826
0.1424221694
0.1421786547
0.1419361383
0.1416946054
0.1414540857
0.1412145346
0.140975982
0.1407383978
0.1405018121
0.1402661949
0.1400315464
0.1397978812
0.1395651847
0.1393334568
0.1391026825
0.1388728768
0.1386440247
0.1384161264
0.1381891817
0.1379631907
0.1377381533
0.1375140399
0.1372908801
0.137068674
0.1368473917
0.1366270334
0.1364076138
0.1361891329
0.1359715611
0.135754928
0.1355392039
0.1353244036
0.1351105124
0.134897545
0.1346854866
0.1344743222
0.1342640817
0.1340547353
0.133846283
0.1336387396
0.1334320754
0.1332263201
0.1330214441
0.1328174621
0.1326143593
0.1324121505
0.132210806
0.1320103556
0.1318107694
0.1316120625
0.1314142197
0.1312172413
0.131021142
0.1308258921
0.1306315064
0.1304379851
0.130245313
0.1300534904
0.129862532
0.1296724081
0.1294831336
0.1292947084
0.1291071326
0.1289203763
0.1287344694
0.128549397
0.128365159
0.1281817406
0.1279991567
0.1278173923
0.1276364625
0.1274563372
0.1272770464
0.1270985603
0.1269208938
0.1267440468
0.1265680045
0.1263927668
0.1262183338
0.1260447055
0.1258718669
0.125699833
0.1255286038
0.1253581643
0.1251885146
0.1250196546
0.1248515919
0.124684304
0.1245178059
0.1243520901
0.1241871491
0.124022983
0.1238595918
0.1236969754
0.1235351339
0.1233740598
0.1232137457
0.1230541989
0.1228954196
0.1227374002
0.1225801334
0.1224236265
0.1222678721
0.1221128702
0.1219586208
0.1218051165
0.1216523573
0.1215003431
0.1213490739
0.1211985424
0.1210487485
0.1208996922
0.1207513735
0.1206037775
0.1204569191
0.1203107908
0.1201653853
0.1200207025
0.1198767424
0.119733505
0.1195909828
0.1194491833
0.1193080917
0.1191677228
0.1190280542
0.1188891008
0.1187508553
0.1186133102
0.1184764728
0.1183403358
0.1182048991
0.1180701554
0.117936112
0.1178027615
0.1176701114
0.1175381392
0.1174068674
0.1172762737
0.1171463653
0.1170171425
0.1168886051
0.1167607456
0.1166335642
0.1165070534
0.1163812205
0.1162560582
0.1161315739
0.1160077527
0.1158846021
0.1157621145
0.1156402901
0.1155191287
0.1153986305
0.1152787879
0.115159601
0.1150410771
0.1149232015
0.1148059741
0.1146894023
0.1145734787
0.1144581959
0.1143435612
0.1142295748
0.1141162291
0.1140035167
0.1138914451
0.1137800142
0.1136692166
0.1135590523
0.1134495214
0.1133406237
0.1132323518
0.1131247059
0.1130176857
0.112911284
0.1128055155
0.112700358
0.1125958264
0.1124919057
0.1123886034
0.1122859195
0.1121838465
0.1120823845
0.111981526
0.1118812859
0.1117816493
0.1116826087
0.1115841791
0.111486353
0.1113891229
0.1112924963
0.1111964658
0.1111010313
0.1110061854
0.1109119356
0.1108182818
0.1107252166
0.1106327325
0.110540837
0.1104495302
0.1103588119
0.1102686673
0.1101791114
0.1100901291
0.1100017279
0.1099139005
0.1098266467
0.1097399667
0.1096538678
0.1095683277
0.1094833612
0.1093989685
0.1093151346
0.1092318669
0.1091491655
0.1090670303
0.1089854464
0.1089044288
0.10882397
0.1087440625
0.1086647138
0.1085859165
0.1085076705
0.1084299833
0.1083528399
0.108276248
0.1082001999
0.1081246957
0.1080497354
0.1079753265
0.107901454
0.1078281179
0.1077553257
0.10768307
0.1076113507
0.1075401679
0.107469514
0.1073993966
0.1073298082
0.1072607487
0.1071922183
0.1071242169
0.1070567444
0.1069897935
0.1069233641
0.1068574563
0.10679207
0.1067271978
0.1066628546
0.106599018
0.1065357029
0.106472902
0.1064106151
0.1063488349
0.1062875688
0.1062268093
0.1061665639
0.1061068177
0.1060475782
0.1059888452
0.1059306189
0.1058728918
0.1058156639
0.1057589352
0.1057027057
0.1056469753
0.1055917367
0.1055369973
0.1054827496
0.1054289863
0.1053757221
0.1053229496
0.1052706614
0.105218865
0.1051675528
0.105116725
0.1050663814
0.1050165147
0.1049671397
0.1049182415
0.1048698202
0.1048218757
0.1047744155
0.1047274247
0.1046809107
0.1046348661
0.1045892984
0.1045442075
0.1044995785
0.1044554189
0.1044117287
0.1043685079
0.104325749
0.1042834595
0.1042416319
0.1042002663
0.1041593626
0.1041189134
0.1040789261
0.1040394008
0.10400033
0.1039617136
0.1039235517
0.1038858443
0.1038485914
0.1038117856
0.1037754342
0.1037395298
0.10370408
0.1036690697
0.1036345065
0.1036003903
0.1035667211
0.1035334915
0.1035007015
0.1034683511
0.1034364477
0.1034049764
0.1033739448
0.1033433527
0.1033132002
0.1032834724
0.1032541841
0.103225328
0.1031969041
0.1031689048
0.1031413376
0.1031142026
0.1030874923
0.1030612141
0.1030353531
0.1030099243
0.1029849127
0.1029603258
0.1029361635
0.1029124185
0.1028890908
0.1028661877
0.1028437018
0.1028216258
0.1027999744
0.1027787328
0.102757901
0.1027374864
0.102717489
0.102697894
0.1026787087
0.1026599407
0.102641575
0.1026236191
0.1026060656
0.1025889143
0.1025721729
0.1025558338
0.102539897
0.1025243625
0.1025092304
0.1024944931
0.1024801582
0.1024662182
0.102452673
0.1024395227
0.1024267748
0.1024144143
0.1024024487
0.1023908779
0.102379702
0.1023689061
0.1023585051
0.1023484915
0.1023388728
0.1023296341
0.1023207754
0.1023123115
0.1023042277
0.1022965312
0.1022892147
0.1022822782
0.1022757217
0.1022695452
0.1022637486
0.1022583321
0.102253288
0.102248624
0.1022443324
0.1022404134
0.1022368744
0.1022337079
0.1022309065
0.102228485
0.1022264287
0.1022247374
0.1022234261
0.1022224724
0.1022218913
0.1022216752
0.1022218242
0.1022223309
0.10222321
0.1022244468
0.1022260487
0.1022280082
0.1022303328
0.102233015
0.1022360548
0.1022394523
0.1022432074
0.1022473201
0.102251783
0.1022566035
0.1022617817
0.1022673026
0.1022731885
0.1022794172
0.1022859961
0.1022929326
0.1023002118
0.1023078337
0.1023158133
0.1023241356
0.1023328006
0.1023418158
0.1023511738
0.1023608744
0.1023709178
0.1023813039
0.1023920253
0.1024030969
0.1024145037
0.1024262458
0.1024383307
0.1024507508
0.1024635062
0.1024765968
0.1024900302
0.1025037915
0.1025178879
0.1025323123
0.1025470719
0.1025621668
0.1025775895
0.10259334
0.1026094183
0.102625832
0.102642566
0.1026596278
0.1026770175
0.1026947349
0.1027127728
0.1027311385
0.1027498245
0.102768831
0.1027881652
0.1028078124
0.1028277874
0.1028480753
0.1028686911
0.1028896198
0.1029108614
0.1029324234
0.1029543057
0.102976501
0.1029990092
0.1030218303
0.1030449644
0.1030684188
0.1030921787
0.1031162441
0.1031406298
0.1031653211
0.1031903177
0.1032156274
0.1032412425
0.1032671705
0.1032933965
0.1033199355
0.1033467725
0.103373915
0.1034013629
0.1034291163
0.1034571677
0.1034855247
0.1035141796
0.10354314
0.103572391
0.1036019474
0.1036318019
0.103661947
0.1036923975
0.1037231386
0.1037541777
0.1037855148
0.1038171425
0.1038490608
0.1038812771
0.103913784
0.1039465815
0.103979677
0.1040130556
0.1040467247
0.1040806845
0.1041149274
0.1041494682
0.1041842923
0.1042193994
0.1042547971
0.1042904779
0.1043264419
0.104362689
0.1043992266
0.1044360399
0.1044731364
0.1045105159
0.1045481786
0.104586117
0.1046243384
0.1046628356
0.1047016159
0.1047406718
0.1047800034
0.1048196182
0.1048595011
0.1048996672
0.1049401015
0.1049808115
0.1050217971
0.105063051
0.105104588
0.1051463857
0.1051884592
0.1052308008
0.1052734181
0.1053163037
0.1053594574
0.105402872
0.1054465622
0.1054905206
0.1055347398
0.1055792272
0.1056239828
0.1056690067
0.1057142839
0.1057598293
0.1058056429
0.1058517173
0.1058980525
0.1059446484
0.1059915051
0.1060386151
0.1060859933
0.1061336324
0.1061815247
0.1062296778
0.1062780842
0.1063267514
0.1063756794
0.1064248532
0.1064742878
0.1065239832
0.1065739244
0.106624119
0.1066745669
0.1067252681
0.1067762226
0.1068274304
0.1068788841
0.1069305912
0.1069825515
0.1070347577
0.1070872098
0.1071399152
0.1071928665
0.1072460636
0.1072995067
0.1073531955
0.1074071303
0.1074613109
0.1075157374
0.1075704098
0.1076253206
0.1076804772
0.1077358723
0.1077915132
0.1078473926
0.1079035178
0.1079598814
0.1080164835
0.108073324
0.1081304029
0.1081877202
0.1082452759
0.1083030701
0.1083611026
0.1084193662
0.1084778681
0.1085366085
0.1085955799
0.1086547896
0.1087142304
0.1087739021
0.1088338047
0.1088939458
0.1089543179
0.1090149209
0.1090757474
0.1091368124
0.1091981083
0.1092596278
0.1093213782
0.1093833596
0.1094455644
0.1095080003
0.1095706597
0.10963355
0.1096966639
0.1097600013
0.1098235622
0.1098873541
0.1099513695
0.1100156009
0.1100800633
0.1101447418
0.1102096513
0.1102747768
0.1103401259
0.110405691
0.1104714796
0.1105374917
0.1106037125
0.1106701642
0.110736832
0.1108037084
0.1108708158
0.1109381318
0.1110056639
0.1110734195
0.1111413836
0.1112095639
0.1112779602
0.1113465726
0.1114154011
0.1114844382
0.1115536913
0.1116231605
0.1116928384
0.1117627248
0.1118328273
0.1119031385
0.1119736582
0.1120443866
0.112115331
0.112186484
0.1122578382
0.1123294085
0.1124011874
0.1124731675
0.1125453562
0.1126177534
0.1126903594
0.1127631664
0.1128361821
0.1129094064
0.1129828244
0.1130564585
0.1131302863
0.1132043228
0.1132785603
0.1133529991
0.1134276465
0.1135024875
0.1135775372
0.1136527807
0.1137282252
0.1138038784
0.1138797253
0.113955766
0.1140320152
0.1141084582
0.1141850948
0.1142619401
0.1143389717
0.1144162044
0.1144936383
0.1145712584
0.1146490797
0.1147271022
0.114805311
0.1148837209
0.114962317
0.1150411144
0.115120098
0.1151992828
0.1152786538
0.1153582186
0.115437977
0.1155179217
0.1155980676
0.1156783924
0.1157589182
0.1158396304
0.1159205288
0.1160016209
0.1160828993
0.1161643639
0.1162460223
0.1163278595
0.1164098904
0.1164921075
0.1165745184
0.1166571081
0.116739884
0.1168228462
0.1169059947
0.1169893295
0.117072843
0.1171565428
0.1172404289
0.1173245013
0.1174087524
0.1174931899
0.1175778061
0.1176626012
0.1177475825
0.1178327501
0.117918089
0.1180036142
0.1180893257
0.1181752086
0.1182612702
0.1183475181
0.1184339449
0.118520543
0.1186073273
0.1186942831
0.1187814176
0.1188687384
0.1189562306
0.1190438941
0.1191317439
0.1192197651
0.1193079576
0.1193963289
0.1194848791
0.1195736006
0.1196625009
0.1197515726
0.1198408157
0.1199302375
0.1200198308
0.1201095954
0.1201995313
0.1202896461
0.1203799322
0.1204703823
0.1205610111
0.1206518114
0.1207427755
0.1208339185
0.1209252253
0.1210167035
0.1211083531
0.1212001741
0.1212921664
0.1213843226
0.1214766502
0.1215691417
0.1216618046
0.1217546314
0.1218476295
0.1219407991
0.1220341325
0.1221276298
0.1222212911
0.1223151237
0.1224091202
0.1225032881
0.1225976124
0.1226921082
0.1227867603
0.1228815839
0.1229765713
0.1230717227
0.123167038
0.1232625172
0.1233581528
0.1234539598
0.1235499233
0.1236460581
0.1237423494
0.1238387972
0.1239354163
0.1240321919
0.1241291314
0.1242262274
0.1243234873
0.1244209111
0.1245184913
0.124616228
0.1247141287
0.1248121858
0.1249104068
0.1250087917
0.1251073182
0.1252060235
0.1253048778
0.1254038811
0.1255030483
0.1256023794
0.1257018745
0.1258015037
0.1259013116
0.1260012686
0.1261013746
0.1262016445
0.1263020784
0.1264026612
0.1265033931
0.1266042888
0.1267053485
0.1268065423
 0.1269079
0.1270094216
0.1271110922
0.1272129118
0.1273148954
0.127417028
0.1275193095
0.127621755
0.1277243495
0.127827093
0.1279299855
0.128033042
0.1281362474
0.1282396019
0.1283431202
0.1284467876
0.128550604
0.1286545694
0.1287586838
0.1288629621
0.1289673746
0.1290719509
0.1291766763
0.1292815506
0.1293865889
0.1294917613
0.1295970976
0.1297025681
0.1298082024
0.1299139857
0.1300199032
0.1301259845
0.1302322149
0.1303385943
0.1304451227
0.1305518001
0.1306586415
0.1307656169
0.1308727413
0.1309800148
0.1310874373
0.1311950088
0.1313027292
0.1314105988
0.1315186173
0.1316267848
0.1317351013
0.1318435669
0.1319521666
0.1320609301
0.1321698427
0.1322788894
 0.1323881
0.1324974447
0.1326069385
0.1327165812
0.132826373
0.1329363137
0.1330464035
0.1331566423
0.1332670152
0.133377552
0.133488223
0.1335990429
0.1337100118
0.1338211298
0.1339323819
0.1340437979
0.1341553479
0.1342670619
0.1343789101
0.1344909072
0.1346030384
0.1347153336
0.1348277628
0.134940356
0.1350530833
0.1351659596
0.13527897
0.1353921443
0.1355054528
0.1356189251
0.1357325315
0.135846287
0.1359601766
0.1360742301
0.1361884177
0.1363027692
0.1364172548
0.1365318894
0.1366466582
0.1367615908
0.1368766725
0.1369918883
0.1371072531
0.1372227669
0.1373384297
0.1374542415
0.1375702024
0.1376862973
0.1378025562
0.1379189491
0.1380354911
0.1381521821
0.1382690221
0.1383860111
0.1385031492
0.1386204362
0.1387378722
0.1388554573
0.1389731765
0.1390910596
0.1392090768
0.1393272579
0.1394455731
0.1395640522
0.1396826655
0.1398014426
0.1399203539
0.1400394291
0.1401586533
0.1402780116
0.1403975338
0.140517205
0.1406370252
0.1407569945
0.1408771127
0.1409973949
0.1411178112
0.1412383914
0.1413591206
0.1414799988
0.1416010261
0.1417222023
0.1418435425
0.1419650316
0.1420866698
0.1422084719
0.142330423
0.1424525231
0.1425747722
0.1426971853
0.1428197473
0.1429424733
0.1430653483
0.1431883872
0.1433115751
0.143434912
0.1435584128
0.1436820775
0.1438058913
0.1439298689
0.1440539956
0.1441782862
0.1443027407
0.1444273442
0.1445521116
0.144677043
0.1448021382
0.1449273825
0.1450527906
0.1451783627
0.1453040987
0.1454299986
0.1455560625
0.1456822902
0.1458086818
0.1459352225
0.146061942
0.1461888254
0.1463158876
0.1464430988
0.1465704739
0.1466980278
0.1468257457
0.1469536424
0.1470817029
0.1472099274
0.1473383307
0.147466898
0.1475956291
0.1477245539
0.1478536427
0.1479828954
0.1481123269
0.1482419372
0.1483717263
0.1485016942
0.148631826
0.1487621367
0.1488926411
0.1490233094
0.1491541713
0.1492851973
0.1494164169
0.1495478153
0.1496794075
0.1498111635
0.1499431282
0.1500752568
0.1502075791
0.1503400952
0.15047279
0.1506056786
0.1507387608
0.1508720368
0.1510054916
0.1511391401
0.1512729973
0.1514070332
0.1515412778
0.151675716
0.151810348
0.1519451886
0.152080223
0.152215451
0.1523508877
0.1524865329
0.1526223868
0.1527584344
0.1528946906
0.1530311555
0.1531678438
0.1533047259
0.1534418315
0.1535791457
0.1537166685
0.1538544148
0.1539923698
0.1541305482
0.1542689502
0.1544075757
0.1545464098
0.1546854824
0.1548247784
0.154964298
0.155104056
0.1552440375
0.1553842425
0.155524686
0.1556653678
0.1558062881
0.1559474468
0.1560888439
0.1562304944
0.1563723683
0.1565144956
0.1566568762
0.1567995101
0.1569423825
0.1570855081
0.157228902
0.1573725343
0.1575164348
0.1576606035
0.1578050256
0.1579497159
0.1580946743
0.1582399011
0.1583854109
0.1585311741
0.1586772352
0.1588235646
0.1589701623
0.1591170579
0.1592642367
0.1594117135
0.1595594585
0.1597075164
0.1598558575
0.1600045115
0.1601534635
0.1603027135
0.1604522616
0.1606021374
0.1607523113
0.1609028131
0.1610536277
0.1612047553
0.1613562107
0.1615080088
0.1616601199
0.1618125737
0.1619653553
0.1621184945
0.1622719616
0.1624257863
0.1625799537
0.1627344787
0.1628893614
0.1630446017
0.1632002145
0.163356185
0.1635125428
0.1636692733
0.1638263762
0.1639838815
0.1641417593
0.1643000394
0.164458707
0.1646177918
0.164777264
0.1649371684
0.1650974751
0.165258199
0.165419355
0.1655809432
0.1657429636
0.165905416
0.1660683304
0.1662316769
0.1663954854
0.1665597558
0.1667244881
0.1668896973
0.1670553833
0.1672215462
0.1673882008
0.167555362
0.167723015
0.1678911746
0.1680598408
0.1682290435
0.1683987528
0.1685690135
0.1687398106
0.1689111441
0.1690830439
0.1692554951
0.1694285125
0.1696021259
0.1697763056
0.1699510813
0.170126453
0.1703024358
0.1704790443
0.1706562638
0.1708341092
0.1710126102
0.1711917669
0.1713715643
0.1715520471
0.1717332006
0.1719150394
0.1720975786
0.1722808182
0.1724647731
0.172649473
0.172834903
0.1730210781
0.1732080132
0.1733957231
0.1735842228
0.1737735122
0.1739636064
0.17415452
0.1743462682
0.1745388657
0.1747323126
0.1749266237
0.1751218289
0.1753179282
0.1755149513
0.1757128984
0.1759117842
0.1761116236
0.1763124317
0.1765142381
0.1767170429
0.1769208759
0.1771257371
0.1773316562
0.1775386482
0.1777467281
0.1779559255
0.1781662554
0.1783777177
0.1785903573
0.178804189
0.1790192127
0.1792354733
0.1794529855
0.1796717793
0.1798918694
0.1801132709
0.1803360134
0.1805601269
0.1807856262
0.181012556
0.1812409312
0.1814707667
0.1817021072
0.1819349676
0.1821693927
0.1824053973
0.1826430261
0.1828822941
0.1831232458
0.1833659112
0.1836103201
0.1838565022
0.1841045022
0.1843543649
0.1846061051
0.1848597676
0.1851154119
0.185373053
0.1856327355
0.1858945191
0.1861584336
0.1864245236
0.1866928488
0.186963439
0.1872363389
0.1875116229
0.1877893209
0.1880694926
0.1883521974
0.1886374801
0.1889254004
0.1892160326
0.1895094067
0.189805612
0.1901046932
0.1904067397
0.1907117814
0.1910199225
0.1913312227
0.1916457564
0.1919635832
0.1922848076
0.1926094741
0.1929377019
0.1932695508
0.193605125
0.1939444989
0.194287762
0.1946350187
0.1949863583
0.1953418851
0.1957016885
0.1960658878
0.1964345872
0.1968078911
0.1971859187
0.1975687742
0.1979566067
0.1983494908
0.1987476051
0.1991510242
0.199559927
0.1999744177
0.2003946453
0.200820744
0.2012528628
0.2016911507
0.2021357417
0.2025868148
0.203044489
0.2035089582
0.2039803565
0.2044588476
0.2049446106
0.2054378092
0.2059386075
0.2064471692
0.2069636583
0.2074882686
0.2080211639
0.2085625082
0.2091124654
0.2096712291
0.2102389485
0.2108158022
0.2114019543
0.2119975537
0.2126027793
0.2132177651
0.2138426751
0.2144776434
0.2151228189
0.2157783359
0.2164442986
0.2171208262
0.217808038
0.2185060382
0.2192149013
0.2199347168
0.2206655294
0.2214074284
0.2221604288
0.2229245901
0.2236999273
0.2244864255
0.2252841145
0.2260929644
0.2269129455
0.2277440131
0.2285861224
0.2294392139
0.2303031981
0.2311780006
0.232063517
0.232959643
0.2338662446
0.2347832024
0.2357103825
0.2366476208
0.2375947833
0.2385516912
0.2395181954
0.2404941022
0.241479218
0.2424733937
0.2434764057
0.2444880605
0.2455081642
0.2465365231
0.2475729287
0.2486171573
0.2496690005
0.2507282794
0.2517947257
0.2528682053
0.2539484203
0.2550352216
0.256128341
0.2572276294
0.2583328187
0.2594437301
0.2605601549
0.2616818547
0.2628086805
0.2639403939
0.2650767565
0.266217649
0.2673628032
0.2685120702
0.2696652412
0.2708221078
0.271982491
0.2731462419
0.2743131518
0.2754830122
0.276655674
0.2778309882
0.2790087461
0.2801887691
0.2813709378
0.2825550437
0.2837409675
0.2849285305
0.2861175835
0.2873079479
0.2884995341
0.2896921337
0.2908856571
0.2920799255
0.29327479
0.294470191
0.2956659198
0.2968618572
0.2980579138
0.2992539704
0.3004498482
0.3016454577
0.3028407097
0.304035455
0.3052296042
0.3064230084
0.3076156378
0.3088073134
0.3099979758
0.3111875057
0.3123758137
0.3135628104
0.3147483766
0.3159324527
0.3171149492
0.3182957768
0.3194748461
0.3206520677
0.3218273818
0.3230006993
0.3241719306
0.3253410161
0.3265078664
0.3276724517
0.3288346827
0.3299944699
0.3311517835
