2298
0
114.85
-1.178481102
-1.176466942
-1.174459577
-1.172461629
-1.170471549
-1.16848886
-1.166510105
-1.164542913
-1.162580609
-1.160626888
-1.158678889
-1.156736612
-1.154805541
-1.152879119
-1.150960803
-1.149049163
-1.147145152
-1.145248294
-1.143357873
-1.141475439
-1.139600515
-1.137732983
-1.135876775
-1.134026885
-1.132182956
-1.130349159
-1.12852478
-1.126707554
-1.124897957
-1.123098612
-1.121308088
-1.119529486
-1.11775744
-1.115998387
-1.114247561
-1.112510681
-1.110783458
-1.109068036
-1.107363701
-1.105670094
-1.103992701
-1.102326393
-1.100671411
-1.09903264
-1.097406268
-1.095795751
-1.094200492
-1.092618108
-1.091054201
-1.089504361
-1.087972999
-1.086456776
-1.084957123
-1.083477855
-1.08201468
-1.080570817
-1.079146862
-1.077740669
-1.076357126
-1.074994206
-1.07365036
-1.07232666
-1.071025372
-1.069748521
-1.068492174
-1.06725955
-1.06604898
-1.064863801
-1.063702941
-1.062566996
-1.061457396
-1.060370088
-1.059311271
-1.058276534
-1.05727005
-1.056292534
-1.055338264
-1.054414868
-1.053520083
-1.052652478
-1.051815033
-1.051007032
-1.050227046
-1.049479365
-1.048761368
-1.048073292
-1.047420025
-1.046794415
-1.046204567
-1.045642495
-1.045116186
-1.044622302
-1.044160485
-1.043732643
-1.043339491
-1.042979598
-1.04265511
-1.042364359
-1.042111278
-1.041890144
-1.041707277
-1.041559219
-1.041447401
-1.041373134
-1.041335106
-1.04133451
-1.04137063
-1.041444659
-1.041557074
-1.041707754
-1.041897058
-1.042124152
-1.042390466
-1.042697668
-1.043042421
-1.043427587
-1.043852925
-1.044317245
-1.044824481
-1.045370221
-1.045957804
-1.046586514
-1.047255635
-1.047967315
-1.048721194
-1.049515843
-1.05035305
-1.051232576
-1.052155137
-1.053119898
-1.054127932
-1.055180073
-1.056274772
-1.057412744
-1.058595657
-1.059820771
-1.061092257
-1.062406182
-1.063767076
-1.065170527
-1.066618919
-1.068111897
-1.069652677
-1.071236968
-1.072865844
-1.074540138
-1.076263309
-1.078031778
-1.079843998
-1.081705451
-1.083610773
-1.085564613
-1.087563634
-1.089610219
-1.091704607
-1.093846083
-1.096033335
-1.098270059
-1.100552559
-1.102884293
-1.105263233
-1.107690096
-1.110164642
-1.112686753
-1.115258455
-1.11787796
-1.120545268
-1.123261452
-1.126028061
-1.12884295
-1.131706119
-1.134617448
-1.137578368
-1.140588522
-1.14364922
-1.146758556
-1.149916649
-1.153124094
-1.156383038
-1.159689903
-1.163048387
-1.166454792
-1.1699121
-1.173418522
-1.17697525
-1.180582285
-1.184239626
-1.187946677
-1.191704512
-1.195513129
-1.199371219
-1.20327878
-1.207238913
-1.211248875
-1.215309024
-1.219420433
-1.223582387
-1.227793574
-1.232056141
-1.236370564
-1.240734458
-1.245150089
-1.249614716
-1.254133701
-1.258699775
-1.263317943
-1.267989278
-1.272707939
-1.277478099
-1.282300472
-1.287174463
-1.29209733
-1.29707253
-1.302099109
-1.307175517
-1.312302709
-1.317482948
-1.322711349
-1.327992797
-1.33332324
-1.338704109
-1.344138384
-1.349621058
-1.355157971
-1.360743642
-1.366379261
-1.372067213
-1.377804995
-1.383594751
-1.389434099
-1.395323515
-1.401265144
-1.407256365
-1.413298011
-1.419390321
-1.425535321
-1.431728244
-1.437972188
-1.444266915
-1.450612783
-1.457008243
-1.463454604
-1.469949961
-1.476496458
-1.4830935
-1.48974061
-1.496436954
-1.503184319
-1.509981513
-1.516828895
-1.523724079
-1.530669093
-1.537666559
-1.544712424
-1.551809549
-1.558954358
-1.566148281
-1.573393822
-1.580686092
-1.588030577
-1.595422626
-1.602862954
-1.610354185
-1.617892742
-1.625482917
-1.633118987
-1.640806556
-1.648541331
-1.65632534
-1.664158583
-1.672038436
-1.679969192
-1.6879462
-1.695971727
-1.704046726
-1.71216917
-1.720339894
-1.728557348
-1.736824155
-1.745140195
-1.753500938
-1.761911273
-1.770367861
-1.778873324
-1.787424326
-1.79602468
-1.804670691
-1.813363791
-1.822103262
-1.830890894
-1.839725375
-1.848606229
-1.857534647
-1.86650753
-1.875527859
-1.884594202
-1.89370656
-1.902866244
-1.912072182
-1.921322107
-1.930618167
-1.939960957
-1.9493469
-1.958780766
-1.968259215
-1.977782607
-1.987350106
-1.996964693
-2.006622314
-2.016325235
-2.026075125
-2.035867214
-2.045704603
-2.055584192
-2.065509319
-2.075479507
-2.085491896
-2.095550776
-2.105652094
-2.115795374
-2.125983953
-2.136216402
-2.146489859
-2.156807899
-2.167167664
-2.177571297
-2.188016176
-2.198508739
-2.209035158
-2.219611883
-2.230225801
-2.240884304
-2.251585007
-2.262325287
-2.273108244
-2.283932686
-2.294798851
-2.305705547
-2.316655397
-2.327645779
-2.338675022
-2.349746227
-2.360859871
-2.372010708
-2.383202553
-2.394436121
-2.405710459
-2.417021275
-2.42837429
-2.439764738
-2.451197147
-2.462667465
-2.474178553
-2.485726357
-2.49731493
-2.508938789
-2.520604134
-2.532309294
-2.54404974
-2.555832863
-2.567649364
-2.579509258
-2.591399193
-2.603331804
-2.615300179
-2.627306461
-2.639349937
-2.651428699
-2.663545847
-2.675699472
-2.687887669
-2.700114489
-2.71237874
-2.724674702
-2.737010002
-2.749379635
-2.761784792
-2.774224281
-2.786701202
-2.79921484
-2.811761618
-2.824342012
-2.836956024
-2.849604607
-2.862291574
-2.875009537
-2.887762547
-2.90054822
-2.91336751
-2.926221609
-2.939110518
-2.952026367
-2.964981079
-2.977965832
-2.990984678
-3.004035473
-3.017117977
-3.030231953
-3.043381691
-3.056559086
-3.069767952
-3.083010912
-3.096283674
-3.109588861
-3.12292552
-3.136291742
-3.149688244
-3.163119316
-3.176573753
-3.190060139
-3.203578711
-3.217127085
-3.230704308
-3.244314194
-3.257946968
-3.271612883
-3.285304785
-3.299028635
-3.312779903
-3.32655859
-3.340368032
-3.354204178
-3.368068933
-3.3819561
-3.395876884
-3.409824133
-3.423797369
-3.437798977
-3.451826334
-3.465879679
-3.479960442
-3.494063377
-3.508200169
-3.522357225
-3.536542177
-3.550751448
-3.564985991
-3.579249859
-3.593532324
-3.607844353
-3.622180462
-3.636538029
-3.650922298
-3.665329695
-3.679763079
-3.694215298
-3.708700418
-3.723198891
-3.737726688
-3.752275229
-3.766847134
-3.781440735
-3.796058655
-3.810697317
-3.825361013
-3.8400383
-3.854746819
-3.86947298
-3.884220362
-3.898991108
-3.913780212
-3.928589344
-3.943425655
-3.958272219
-3.973144531
-3.988038063
-4.002953529
-4.017880917
-4.032835484
-4.047808647
-4.062797546
-4.077800751
-4.092832088
-4.107872963
-4.122940063
-4.13802433
-4.153125286
-4.168240547
-4.183377266
-4.198536873
-4.213707447
-4.228894711
-4.244102001
-4.259322643
-4.274560452
-4.289815426
-4.305088043
-4.320373058
-4.335669994
-4.350989819
-4.366327286
-4.38167572
-4.397037029
-4.412415981
-4.427809715
-4.443217278
-4.458638191
-4.474079132
-4.489521027
-4.504982471
-4.520465851
-4.535955906
-4.551457405
-4.566980362
-4.582504749
-4.598045349
-4.613602638
-4.629169941
-4.644743443
-4.660335064
-4.675936222
-4.691552162
-4.707174301
-4.722810268
-4.738452911
-4.75411129
-4.769777775
-4.785459995
-4.801150799
-4.81684494
-4.832551956
-4.848264694
-4.863993645
-4.879729748
-4.895471096
-4.911224842
-4.926990986
-4.942757607
-4.958535194
-4.974326134
-4.99011898
-5.005916119
-5.021727562
-5.03754282
-5.053365707
-5.069198132
-5.08503294
-5.100876808
-5.116730213
-5.132584572
-5.14844656
-5.164316177
-5.180187702
-5.196061611
-5.211949825
-5.227834225
-5.243728638
-5.259632111
-5.275534153
-5.291441441
-5.307352066
-5.323268414
-5.339179993
-5.355101585
-5.371029377
-5.38696003
-5.40288496
-5.418822289
-5.434756279
-5.450693607
-5.466637611
-5.482582092
-5.498529434
-5.514472485
-5.530423641
-5.54637146
-5.562324047
-5.578275681
-5.594220161
-5.610173702
-5.626131058
-5.642084122
-5.658032417
-5.673989773
-5.689932346
-5.705887318
-5.721838951
-5.737787724
-5.753742218
-5.769684315
-5.785626888
-5.801572323
-5.817514896
-5.833457947
-5.849388599
-5.865326881
-5.881257057
-5.897188663
-5.913113594
-5.929041386
-5.944955349
-5.960879326
-5.976784706
-5.992699623
-6.008607388
-6.024506092
-6.040401936
-6.056295872
-6.072175026
-6.088061333
-6.103936672
-6.119808197
-6.135669708
-6.15154171
-6.167388916
-6.183238506
-6.19907999
-6.214913368
-6.230745316
-6.246567249
-6.2623806
-6.278194904
-6.293992996
-6.309784412
-6.325567722
-6.341343403
-6.357120514
-6.372877121
-6.388633251
-6.404375076
-6.420108318
-6.435838699
-6.451556683
-6.467269897
-6.482961655
-6.498655796
-6.514342785
-6.530011177
-6.545663357
-6.561317921
-6.576957226
-6.592589855
-6.608208656
-6.623810768
-6.639407158
-6.65499258
-6.67056179
-6.686127186
-6.701677799
-6.717211246
-6.732742786
-6.748252392
-6.763748646
-6.779240131
-6.794716835
-6.810185432
-6.825630665
-6.841061115
-6.856489182
-6.87189436
-6.887291431
-6.902673244
-6.918035984
-6.933389187
-6.948730469
-6.964052677
-6.979359627
-6.994654179
-7.009939671
-7.025196075
-7.040455341
-7.055671692
-7.070894718
-7.08609581
-7.101278305
-7.116446018
-7.131598949
-7.146729946
-7.161854267
-7.176953316
-7.192033291
-7.207108498
-7.222158909
-7.23718071
-7.252202034
-7.267201424
-7.282176495
-7.297137737
-7.312082767
-7.327009201
-7.341907978
-7.356798649
-7.371675968
-7.386514664
-7.401341915
-7.416153431
-7.430940151
-7.445708752
-7.460459709
-7.475204945
-7.489912033
-7.504588604
-7.519264221
-7.533918858
-7.5485425
-7.563150406
-7.577735901
-7.592300892
-7.606838703
-7.621369839
-7.635867119
-7.650349617
-7.664803505
-7.67923975
-7.693644047
-7.708041191
-7.722413063
-7.736755848
-7.751076698
-7.765381813
-7.779659748
-7.793906212
-7.808131218
-7.822343826
-7.836520672
-7.850681305
-7.864817142
-7.878931046
-7.893018246
-7.907077789
-7.921111584
-7.935128689
-7.949109077
-7.963077545
-7.977005959
-7.990929604
-8.004808426
-8.018677711
-8.032510757
-8.046323776
-8.060103416
-8.073865891
-8.087592125
-8.101299286
-8.114987373
-8.128635406
-8.142260551
-8.155869484
-8.169445038
-8.182995796
-8.196500778
-8.209997177
-8.223464012
-8.23690033
-8.250310898
-8.263688087
-8.277038574
-8.290359497
-8.303667068
-8.316931725
-8.330178261
-8.343380928
-8.356566429
-8.369718552
-8.382853508
-8.395934105
-8.409013748
-8.422040939
-8.435055733
-8.448027611
-8.460983276
-8.473897934
-8.486780167
-8.499648094
-8.512476921
-8.525269508
-8.538040161
-8.55077076
-8.563483238
-8.576161385
-8.588804245
-8.601417542
-8.614004135
-8.626548767
-8.639063835
-8.651553154
-8.664013863
-8.676441193
-8.688838005
-8.701201439
-8.713532448
-8.725824356
-8.738089561
-8.75033474
-8.762534142
-8.774707794
-8.786836624
-8.79893589
-8.811009407
-8.823049545
-8.835039139
-8.847021103
-8.858957291
-8.870859146
-8.88272953
-8.894563675
-8.906368256
-8.918136597
-8.929883003
-8.94157505
-8.953248978
-8.964885712
-8.976483345
-8.988037109
-8.999586105
-9.011079788
-9.022538185
-9.033969879
-9.045345306
-9.056708336
-9.068027496
-9.079310417
-9.09056282
-9.101763725
-9.112969398
-9.124103546
-9.135205269
-9.146271706
-9.15733242
-9.168333054
-9.179290771
-9.190220833
-9.201120377
-9.211981773
-9.222800255
-9.233581543
-9.244324684
-9.255038261
-9.265691757
-9.276341438
-9.286945343
-9.297501564
-9.30803299
-9.318518639
-9.328978539
-9.339384079
-9.34976387
-9.360099792
-9.370411873
-9.380684853
-9.390903473
-9.401081085
-9.411245346
-9.421355247
-9.431433678
-9.441452026
-9.451472282
-9.461425781
-9.471339226
-9.481237411
-9.491083145
-9.50088501
-9.510660172
-9.520383835
-9.530085564
-9.539722443
-9.54934597
-9.558908463
-9.56845665
-9.577963829
-9.587409973
-9.596823692
-9.606197357
-9.615531921
-9.624847412
-9.63409996
-9.64331913
-9.652497292
-9.661642075
-9.670752525
-9.679795265
-9.688821793
-9.697815895
-9.70674324
-9.715652466
-9.7245121
-9.733332634
-9.742113113
-9.750845909
-9.759551048
-9.768221855
-9.776816368
-9.78540802
-9.793946266
-9.80243969
-9.810909271
-9.819313049
-9.82770443
-9.836018562
-9.844316483
-9.852566719
-9.860780716
-9.868935585
-9.877073288
-9.885160446
-9.893195152
-9.901222229
-9.909171104
-9.917088509
-9.924983978
-9.932808876
-9.940608978
-9.948357582
-9.956082344
-9.963763237
-9.971385002
-9.978962898
-9.986505508
-9.994020462
-10.00147724
-10.00888634
-10.01629639
-10.02360916
-10.03091049
-10.03815556
-10.04536152
-10.05254364
-10.05965996
-10.06674957
-10.07378387
-10.08078671
-10.08773613
-10.09465599
-10.10153294
-10.10835648
-10.11513329
-10.12189579
-10.12857342
-10.13524437
-10.14186954
-10.14842796
-10.15496349
-10.16145897
-10.16788673
-10.17429352
-10.18066406
-10.18697643
-10.19323635
-10.19947815
-10.20565701
-10.21180153
-10.21789551
-10.22395897
-10.22997665
-10.23594475
-10.24186325
-10.24774742
-10.253582
-10.25940132
-10.26515007
-10.27086067
-10.27653313
-10.28214931
-10.2877264
-10.29327583
-10.29876804
-10.30421925
-10.30962944
-10.31498814
-10.32030869
-10.32559013
-10.33083439
-10.33603001
-10.34115696
-10.34627628
-10.35133076
-10.35635757
-10.36132526
-10.3662405
-10.37113571
-10.37597084
-10.38077354
-10.38553715
-10.39024067
-10.39491749
-10.39953709
-10.40413189
-10.40866089
-10.41313839
-10.41759777
-10.42199612
-10.4263649
-10.43067455
-10.43495655
-10.43917751
-10.443367
-10.44752312
-10.45161343
-10.45566654
-10.45968151
-10.46364403
-10.46757603
-10.47146511
-10.47529125
-10.47908401
-10.48282433
-10.4865427
-10.49019718
-10.49381828
-10.49739361
-10.50092316
-10.50440979
-10.50785732
-10.51124859
-10.51460552
-10.51792526
-10.52118874
-10.52441788
-10.52758598
-10.53073502
-10.53382397
-10.53686333
-10.53989792
-10.54284382
-10.54576111
-10.54864407
-10.5514679
-10.55425262
-10.55700016
-10.5596962
-10.56236935
-10.56498241
-10.56752777
-10.57007122
-10.57254314
-10.57498837
-10.57737827
-10.57973957
-10.58206081
-10.58431625
-10.58651638
-10.58872032
-10.59085274
-10.59294033
-10.59497643
-10.59700775
-10.59895134
-10.60085678
-10.60274029
-10.60457802
-10.6063652
-10.60809803
-10.60981941
-10.61146355
-10.61309242
-10.61464691
-10.61617851
-10.61768436
-10.61911488
-10.62050056
-10.62186623
-10.62318134
-10.62446117
-10.62568665
-10.6268692
-10.62801075
-10.62910557
-10.6301775
-10.63117695
-10.63214779
-10.63308144
-10.63395596
-10.63480186
-10.63560104
-10.63634682
-10.63707733
-10.63774586
-10.63835812
-10.63895702
-10.63951588
-10.6400013
-10.64046955
-10.64088154
-10.64126205
-10.64159203
-10.64187717
-10.64211845
-10.64231873
-10.64249897
-10.6426115
-10.64269352
-10.64273071
-10.64273453
-10.64268398
-10.64259911
-10.64246273
-10.64230347
-10.64207458
-10.64183044
-10.64151955
-10.64119339
-10.64081097
-10.6403904
-10.63991356
-10.63941765
-10.63885689
-10.63827991
-10.63764286
-10.63698578
-10.63627434
-10.63550949
-10.63472271
-10.63388634
-10.63299942
-10.63208961
-10.63112926
-10.63012409
-10.62909889
-10.62800407
-10.62688923
-10.62572956
-10.62451458
-10.62327099
-10.62199306
-10.62066078
-10.61929798
-10.61789227
-10.61644554
-10.61494827
-10.61342335
-10.61185169
-10.61025333
-10.60859776
-10.60690689
-10.60516453
-10.60340214
-10.60158539
-10.59974003
-10.59785557
-10.59593868
-10.59397411
-10.59195805
-10.5899086
-10.58782768
-10.58570385
-10.58354568
-10.58132648
-10.57908916
-10.57680511
-10.57448387
-10.57210732
-10.56971931
-10.56727695
-10.56480122
-10.56228828
-10.55971813
-10.5571394
-10.55450726
-10.55182934
-10.54910851
-10.54638958
-10.54358292
-10.54075432
-10.53789425
-10.53499317
-10.53203773
-10.52905464
-10.52604294
-10.52300739
-10.51990414
-10.51676941
-10.51359749
-10.51038551
-10.50714684
-10.50387955
-10.50054646
-10.4971962
-10.49378872
-10.49036694
-10.48689938
-10.48339748
-10.47984028
-10.47625351
-10.47263336
-10.46899223
-10.46529198
-10.46157074
-10.45780373
-10.45401192
-10.45016289
-10.44629288
-10.44239044
-10.43844891
-10.4344492
-10.43042946
-10.42638206
-10.42229271
-10.41817474
-10.41399479
-10.40980244
-10.40556622
-10.40129471
-10.39698601
-10.39265442
-10.38826942
-10.3838625
-10.37940216
-10.37492371
-10.37040234
-10.36584759
-10.36127281
-10.35664082
-10.35198021
-10.34729099
-10.34257507
-10.33780861
-10.333004
-10.32816887
-10.32330036
-10.31840515
-10.31347179
-10.3085146
-10.30350685
-10.29846478
-10.29340553
-10.28827858
-10.28315258
-10.27797318
-10.27279472
-10.26754284
-10.26227188
-10.2569418
-10.25162125
-10.24623394
-10.2408514
-10.23541355
-10.22993851
-10.22442055
-10.21891022
-10.21333408
-10.20774364
-10.2020998
-10.19643116
-10.190732
-10.18499088
-10.17922497
-10.17344761
-10.16761684
-10.16175652
-10.15586281
-10.14991474
-10.14397907
-10.13799095
-10.13197899
-10.12594223
-10.1198597
-10.11373711
-10.10759544
-10.10141468
-10.09520721
-10.08899689
-10.08272266
-10.07642937
-10.07010174
-10.06373024
-10.05734921
-10.05092525
-10.04448605
-10.03802109
-10.03149414
-10.02495098
-10.01837444
-10.01178741
-10.00515556
-9.9985075
-9.991822243
-9.985096931
-9.978352547
-9.971569061
-9.964754105
-9.957928658
-9.951063156
-9.944169044
-9.937263489
-9.930308342
-9.923324585
-9.91631031
-9.909280777
-9.902229309
-9.895137787
-9.888007164
-9.880849838
-9.873678207
-9.866476059
-9.85925293
-9.851987839
-9.844693184
-9.837389946
-9.83005619
-9.822678566
-9.815257072
-9.807852745
-9.800405502
-9.792920113
-9.78541851
-9.777897835
-9.770323753
-9.762744904
-9.755114555
-9.747497559
-9.73982048
-9.732124329
-9.724423409
-9.716684341
-9.708909988
-9.701116562
-9.693272591
-9.6854496
-9.677574158
-9.669681549
-9.661753654
-9.653815269
-9.645830154
-9.637836456
-9.629815102
-9.621777534
-9.613698006
-9.605605125
-9.597481728
-9.589342117
-9.58116436
-9.572953224
-9.564746857
-9.55650425
-9.548232079
-9.539954185
-9.531632423
-9.523294449
-9.514937401
-9.50653553
-9.498116493
-9.489681244
-9.481245995
-9.47276783
-9.464270592
-9.455742836
-9.447188377
-9.438611984
-9.430008888
-9.421401024
-9.412761688
-9.404110909
-9.395411491
-9.386722565
-9.377989769
-9.369246483
-9.360459328
-9.351673126
-9.3428545
-9.334018707
-9.325171471
-9.316274643
-9.307394981
-9.298463821
-9.289516449
-9.280557632
-9.271565437
-9.262572289
-9.253535271
-9.244496346
-9.235447884
-9.226336479
-9.217226982
-9.208086014
-9.198936462
-9.189766884
-9.18059063
-9.171387672
-9.162149429
-9.152916908
-9.143636703
-9.134360313
-9.125040054
-9.115711212
-9.106372833
-9.097022057
-9.087629318
-9.078229904
-9.068805695
-9.059370995
-9.049915314
-9.040433884
-9.030949593
-9.021416664
-9.01188755
-9.002333641
-8.992783546
-8.983198166
-8.973590851
-8.963986397
-8.954332352
-8.94466877
-8.93500042
-8.925317764
-8.915614128
-8.905880928
-8.896160126
-8.886381149
-8.876616478
-8.866820335
-8.857013702
-8.847189903
-8.837339401
-8.827487946
-8.817614555
-8.807717323
-8.797823906
-8.787910461
-8.77796936
-8.76802063
-8.758041382
-8.748055458
-8.738056183
-8.728042603
-8.7180233
-8.707974434
-8.69790554
-8.687825203
-8.677742958
-8.667636871
-8.657526016
-8.64738369
-8.637233734
-8.627065659
-8.616891861
-8.606710434
-8.596498489
-8.586278915
-8.576048851
-8.565784454
-8.555545807
-8.545273781
-8.53497982
-8.52468586
-8.514364243
-8.504038811
-8.493703842
-8.483344078
-8.472976685
-8.462607384
-8.452206612
-8.441808701
-8.431385994
-8.420949936
-8.410522461
-8.400058746
-8.389611244
-8.379114151
-8.368628502
-8.358124733
-8.347605705
-8.337093353
-8.326545715
-8.315998077
-8.305443764
-8.294867516
-8.284288406
-8.273712158
-8.263094902
-8.252469063
-8.241859436
-8.231227875
-8.220572472
-8.209908485
-8.199252129
-8.188559532
-8.177871704
-8.167193413
-8.156476974
-8.14576149
-8.135026932
-8.124282837
-8.113537788
-8.10278511
-8.092003822
-8.081227303
-8.070449829
-8.059657097
-8.04885006
-8.038043976
-8.027210236
-8.016385078
-8.005535126
-7.994696617
-7.983849049
-7.972971439
-7.962106228
-7.951220989
-7.940337658
-7.929413795
-7.918523788
-7.907599449
-7.896692753
-7.88574791
-7.874826431
-7.863861084
-7.852912903
-7.841958523
-7.830991745
-7.820019245
-7.80903244
-7.798053741
-7.787044048
-7.776052952
-7.765048027
-7.754035473
-7.743017673
-7.73196888
-7.720931053
-7.709897995
-7.69884634
-7.687800884
-7.676730633
-7.665670395
-7.654595852
-7.643522263
-7.632428169
-7.621359825
-7.610259056
-7.599150181
-7.588065624
-7.576935291
-7.565812111
-7.554695129
-7.543572426
-7.532440662
-7.521298409
-7.510168552
-7.499017715
-7.487874031
-7.476721287
-7.46557045
-7.454401493
-7.443230152
-7.432069778
-7.420886517
-7.409701347
-7.39852953
-7.387338161
-7.376152515
-7.364947319
-7.353744984
-7.342556477
-7.331348896
-7.320138931
-7.308948994
-7.297719955
-7.286501884
-7.275268078
-7.264050007
-7.252837181
-7.241595745
-7.230374336
-7.219134331
-7.207896709
-7.196662903
-7.185410023
-7.174162865
-7.162933826
-7.151685238
-7.140439034
-7.129189491
-7.117922306
-7.106668472
-7.095427513
-7.08416748
-7.072915554
-7.061635494
-7.050376892
-7.039120197
-7.027850628
-7.016587257
-7.005325794
-6.994052887
-6.982780457
-6.971509933
-6.960245609
-6.948970795
-6.937695503
-6.926424026
-6.915162086
-6.903880596
-6.892605305
-6.881336212
-6.870050907
-6.85878706
-6.847521305
-6.836242199
-6.824976444
-6.813704014
-6.802413464
-6.791144848
-6.779877186
-6.768610477
-6.757338047
-6.746068478
-6.734804153
-6.723527908
-6.712261677
-6.700992584
-6.689729214
-6.678463459
-6.667212486
-6.655949593
-6.644692421
-6.633439064
-6.622170448
-6.610908031
-6.599659443
-6.588404179
-6.577160835
-6.565908909
-6.554662704
-6.54341507
-6.532169819
-6.520941734
-6.509697437
-6.498462677
-6.487232208
-6.476000786
-6.464776039
-6.453545094
-6.442321777
-6.431102753
-6.419886112
-6.408676147
-6.397460938
-6.386253357
-6.375045776
-6.363849163
-6.352650166
-6.341452122
-6.330250263
-6.319069386
-6.307875156
-6.296702385
-6.285516262
-6.274350643
-6.263168812
-6.252009869
-6.240849018
-6.229679108
-6.218521595
-6.207368374
-6.196228027
-6.185076237
-6.173943996
-6.162804604
-6.151675224
-6.140553474
-6.129431725
-6.118311882
-6.107203484
-6.096095562
-6.084989548
-6.073891163
-6.062794685
-6.051706314
-6.040633202
-6.029542446
-6.018474102
-6.007400513
-5.996348858
-5.985281944
-5.974225044
-5.963181496
-5.952149868
-5.941110611
-5.930074215
-5.919050694
-5.908037186
-5.897018433
-5.886015415
-5.87500906
-5.864022255
-5.853034973
-5.8420434
-5.831061363
-5.820088387
-5.809126854
-5.798169613
-5.787212372
-5.77627182
-5.765332699
-5.754398346
-5.743462563
-5.732550621
-5.721643925
-5.710730076
-5.699830055
-5.688938141
-5.678053856
-5.667174816
-5.656299114
-5.645437717
-5.634584427
-5.623724461
-5.612884045
-5.602049828
-5.591224194
-5.5803895
-5.569577694
-5.558777809
-5.547983646
-5.537188053
-5.526400566
-5.515627861
-5.504851818
-5.494092464
-5.483341217
-5.472598076
-5.461865425
-5.451122284
-5.440401554
-5.429697037
-5.418992996
-5.408294678
-5.397607327
-5.386926174
-5.376253605
-5.365589142
-5.354935169
-5.344293118
-5.333646297
-5.323013306
-5.31239748
-5.301787376
-5.291192055
-5.280593872
-5.270000935
-5.259423256
-5.248853207
-5.238296032
-5.227754116
-5.217206955
-5.206671715
-5.196149826
-5.185626984
-5.175130844
-5.164636612
-5.154139042
-5.143671036
-5.133202076
-5.122749805
-5.112295628
-5.101856232
-5.091421604
-5.081005096
-5.070596695
-5.060189247
-5.049806118
-5.039421558
-5.029044151
-5.018682957
-5.008337975
-4.997982979
-4.987657547
-4.977336407
-4.967020035
-4.956712723
-4.946428776
-4.936143398
-4.925875664
-4.915608406
-4.905361176
-4.895125866
-4.884888649
-4.874665737
-4.864450455
-4.854259968
-4.844073772
-4.833886623
-4.823724747
-4.813560486
-4.803411007
-4.793279171
-4.783157825
-4.773033142
-4.762931824
-4.752840042
-4.742758751
-4.732691765
-4.722625732
-4.712578297
-4.702537537
-4.69250536
-4.682491779
-4.672485352
-4.662489414
-4.65250206
-4.642540455
-4.632574558
-4.622617722
-4.612685204
-4.602761745
-4.592842579
-4.582932949
-4.573050022
-4.563160419
-4.553290844
-4.543423176
-4.533583641
-4.523748398
-4.513916016
-4.504106045
-4.494309425
-4.484518528
-4.474736691
-4.464970589
-4.45522356
-4.445471287
-4.435743809
-4.426031113
-4.416318893
-4.406615257
-4.396934986
-4.387262821
-4.377603054
-4.367947578
-4.358309746
-4.348686695
-4.33907795
-4.329487801
-4.319898605
-4.310321808
-4.300756454
-4.291199207
-4.28166008
-4.27214098
-4.262612343
-4.253120899
-4.243618011
-4.23414278
-4.224673748
-4.215216637
-4.205781937
-4.19635582
-4.186943531
-4.177537441
-4.168144226
-4.158771038
-4.149392605
-4.140043259
-4.130698681
-4.12136507
-4.112046719
-4.102744102
-4.093447208
-4.084172249
-4.074904919
-4.065648556
-4.05641222
-4.047185898
-4.037970543
-4.028768063
-4.019572258
-4.010392189
-4.001224518
-3.992075682
-3.982930899
-3.973798513
-3.964679241
-3.955576658
-3.946489573
-3.937410355
-3.928351402
-3.919302702
-3.910261631
-3.901246548
-3.892229557
-3.883234024
-3.87424612
-3.86527133
-3.856309414
-3.84735918
-3.838420153
-3.829502344
-3.82058835
-3.811687946
-3.802813768
-3.79393816
-3.785080194
-3.776241064
-3.767416239
-3.758590221
-3.749789238
-3.741001844
-3.732217789
-3.723448753
-3.714698076
-3.705950499
-3.697226048
-3.688511848
-3.679812908
-3.671119928
-3.662438393
-3.653782129
-3.645127535
-3.636501551
-3.627868891
-3.61926651
-3.610670805
-3.602078915
-3.59352088
-3.584962606
-3.57641077
-3.567884207
-3.559359789
-3.550853491
-3.542359352
-3.533880472
-3.525414944
-3.516960859
-3.508518457
-3.500093699
-3.491677761
-3.483276367
-3.474891186
-3.466516256
-3.458151579
-3.449801683
-3.441469908
-3.433140516
-3.42483449
-3.416535378
-3.408252716
-3.399978638
-3.391720772
-3.38347435
-3.375243425
-3.36702323
-3.358815432
-3.350625038
-3.342443705
-3.334277153
-3.32612133
-3.31797266
-3.309850454
-3.301735163
-3.293631315
-3.285539627
-3.277457952
-3.269396067
-3.261346102
-3.253305674
-3.245279074
-3.237267017
-3.229268074
-3.221278906
-3.213299751
-3.205336332
-3.197389126
-3.18945241
-3.181524754
-3.173608541
-3.16571188
-3.157827854
-3.14995265
-3.142084599
-3.134241104
-3.12640214
-3.118576527
-3.110761404
-3.102966785
-3.095179796
-3.087400913
-3.079632998
-3.071885824
-3.064147949
-3.056416035
-3.048703671
-3.040999889
-3.033307791
-3.025629759
-3.01796174
-3.010303736
-3.002660036
-2.995027065
-2.987409115
-2.979799986
-2.972203493
-2.964615107
-2.957040071
-2.949475288
-2.941922903
-2.93437767
-2.926846266
-2.919325113
-2.911818504
-2.904319048
-2.896827221
-2.889350891
-2.881880522
-2.874423981
-2.866975307
-2.859532833
-2.85210824
-2.844682693
-2.837272406
-2.829868555
-2.822477579
-2.815092087
-2.8077178
-2.800348759
-2.792991877
-2.785637617
-2.778289795
-2.770956039
-2.763623476
-2.756299973
-2.748984337
-2.74167347
-2.734368563
-2.727063417
-2.719771624
-2.712483644
-2.705197573
-2.697921038
-2.690645933
-2.683372498
-2.676101923
-2.668833017
-2.66157198
-2.654312134
-2.647051811
-2.639791727
-2.63253808
-2.625280619
-2.618024349
-2.610767365
-2.603510857
-2.596249819
-2.588992357
-2.581731081
-2.574470758
-2.567203999
-2.559934616
-2.552663803
-2.545384645
-2.538105011
-2.530816793
-2.523526907
-2.516231775
-2.508929014
-2.501618147
-2.494302273
-2.486979961
-2.479650497
-2.472313881
-2.464963913
-2.457613468
-2.450242758
-2.442875624
-2.435488224
-2.428099155
-2.420695066
-2.413278818
-2.405857801
-2.398423672
-2.39097929
-2.383523703
-2.376052856
-2.368576765
-2.361086607
-2.353585005
-2.346068144
-2.338541508
-2.331006289
-2.323457956
-2.315895557
-2.308322668
-2.300738811
-2.293143511
-2.285543919
-2.277919769
-2.270293951
-2.262662888
-2.255008698
-2.247347116
-2.239679575
-2.231997728
-2.224315166
-2.21661377
-2.208914757
-2.201198816
-2.193482399
-2.185760736
-2.178027153
-2.170289278
-2.162548065
-2.154800892
-2.14705205
-2.139293909
-2.131541967
-2.123778343
-2.116021395
-2.108262062
-2.100502968
-2.092749357
-2.084995747
-2.077242613
-2.069499016
-2.061752081
-2.054014683
-2.046280861
-2.038559437
-2.030846596
-2.023140907
-2.015443563
-2.007760048
-2.000086308
-1.992425323
-1.984779358
-1.977151752
-1.969539404
-1.961945534
-1.954363346
-1.946801782
-1.939262986
-1.93174243
-1.92424202
-1.916769266
-1.909318805
-1.901894331
-1.894493461
-1.88711524
-1.879768968
-1.872451067
-1.865163565
-1.857905865
-1.850681305
-1.843483806
-1.836322784
-1.829191923
-1.822095156
-1.815036178
-1.808010221
-1.801023722
-1.794072986
-1.787160754
-1.780288458
-1.773454309
-1.766661644
-1.759907365
-1.753195286
-1.746526122
-1.739897728
-1.733312726
-1.726769447
-1.720272303
-1.713820934
-1.707408071
-1.701044559
-1.694725275
-1.688452005
-1.682224512
-1.676044345
-1.669910431
-1.663823724
-1.657782912
-1.6517905
-1.645844579
-1.639949083
-1.63409698
-1.628294349
-1.622540951
-1.616833091
-1.611174464
-1.605565667
-1.599999785
-1.59448874
-1.589018703
-1.583601117
-1.57823205
-1.572909713
-1.567632675
-1.562403798
-1.557222486
-1.552088141
-1.547002554
-1.541961432
-1.536966324
-1.532020926
-1.527119637
-1.522263169
-1.517453074
-1.512687325
-1.507967114
-1.503291488
-1.498660684
-1.494073749
-1.489532709
-1.485033631
-1.480574727
-1.476160169
-1.471790671
-1.46745944
-1.463171005
-1.458926439
-1.454719067
-1.450554252
-1.446428776
-1.442341805
-1.438297272
-1.43428874
-1.430318117
-1.42638886
-1.422494769
-1.418638825
-1.41482091
-1.41103816
-1.407291651
-1.403580546
-1.399905205
-1.396264911
-1.392656326
-1.38908577
-1.385546088
-1.382042408
-1.378569007
-1.3751297
-1.37172246
-1.368344426
-1.364997506
-1.361682296
-1.358399868
-1.355142355
-1.351920128
-1.34872365
-1.345555782
-1.342419744
-1.33931005
-1.336229086
-1.333173394
-1.330145955
-1.32714498
-1.324173927
-1.321226954
-1.318308353
-1.315412998
-1.312547565
-1.309703469
-1.306885839
-1.304096341
-1.30132854
-1.298585773
-1.295866609
-1.293169856
-1.290496349
-1.287844777
-1.285214543
-1.282604814
-1.280016184
-1.277444839
-1.274894476
-1.272359729
-1.269843459
-1.267346025
-1.264866829
-1.262403131
-1.25995791
-1.257525563
-1.25511086
-1.252712369
-1.250327468
-1.247957945
-1.245605707
-1.24326396
-1.240938187
-1.238625765
-1.236328363
-1.234042406
-1.231768012
-1.229509115
-1.227262974
-1.22502625
-1.222800493
-1.220590115
-1.218391061
-1.216201663
-1.214023948
-1.211856723
-1.209701657
-1.207553148
-1.205417752
-1.203291535
-1.201175094
-1.199067831
-1.196968913
-1.194883108
-1.192801714
-1.190731406
-1.188670993
-1.186615229
-1.184569478
-1.182531714
-1.180502057
-1.178480864
