0 0.25 
0.05 0.215124 
0.1 0.190425 
0.15 0.172268 
0.2 0.158323 
0.25 0.147202 
0.3 0.138055 
0.35 0.130344 
0.4 0.123712 
0.45 0.117914 
0.5 0.112775 
0.55 0.108169 
0.6 0.103999 
0.65 0.100193 
0.7 0.0966943 
0.75 0.0934579 
0.8 0.0904478 
0.85 0.0876347 
0.9 0.0849942 
0.95 0.0825065 
1 0.0801547 
1.05 0.0779245 
1.1 0.0758039 
1.15 0.0737825 
1.2 0.0718512 
1.25 0.0700022 
1.3 0.0682288 
1.35 0.0665249 
1.4 0.0648852 
1.45 0.0633052 
1.5 0.0617805 
1.55 0.0603076 
1.6 0.0588831 
1.65 0.057504 
1.7 0.0561676 
1.75 0.0548715 
1.8 0.0536135 
1.85 0.0523916 
1.9 0.0512039 
1.95 0.0500488 
2 0.0489248 
2.05 0.0478304 
2.1 0.0467643 
2.15 0.0457254 
2.2 0.0447125 
2.25 0.0437247 
2.3 0.0427609 
2.35 0.0418204 
2.4 0.0409022 
2.45 0.0400056 
2.5 0.0391299 
2.55 0.0382744 
2.6 0.0374384 
2.65 0.0366215 
2.7 0.0358229 
2.75 0.0350423 
2.8 0.034279 
2.85 0.0335326 
2.9 0.0328026 
2.95 0.0320886 
3 0.0313902 
3.05 0.030707 
3.1 0.0300387 
3.15 0.0293847 
3.2 0.0287449 
3.25 0.0281188 
3.3 0.0275062 
3.35 0.0269068 
3.4 0.0263201 
3.45 0.025746 
3.5 0.0251842 
3.55 0.0246344 
3.6 0.0240963 
3.65 0.0235697 
3.7 0.0230543 
3.75 0.0225499 
3.8 0.0220562 
3.85 0.0215731 
3.9 0.0211003 
3.95 0.0206375 
4 0.0201847 
4.05 0.0197415 
4.1 0.0193077 
4.15 0.0188833 
4.2 0.0184679 
4.25 0.0180614 
4.3 0.0176636 
4.35 0.0172743 
4.4 0.0168934 
4.45 0.0165206 
4.5 0.0161559 
4.55 0.015799 
4.6 0.0154498 
4.65 0.0151081 
4.7 0.0147737 
4.75 0.0144466 
4.8 0.0141266 
4.85 0.0138134 
4.9 0.013507 
4.95 0.0132073 
5 0.0129141 
5.05 0.0126272 
5.1 0.0123466 
5.15 0.012072 
5.2 0.0118034 
5.25 0.0115407 
5.3 0.0112837 
5.35 0.0110323 
5.4 0.0107864 
5.45 0.0105459 
5.5 0.0103106 
5.55 0.0100805 
5.6 0.00985536 
5.65 0.0096352 
5.7 0.00941987 
5.75 0.00920927 
5.8 0.00900329 
5.85 0.00880185 
5.9 0.00860483 
5.95 0.00841216 
6 0.00822372 
6.05 0.00803945 
6.1 0.00785924 
6.15 0.00768301 
6.2 0.00751067 
6.25 0.00734214 
6.3 0.00717734 
6.35 0.00701619 
6.4 0.0068586 
6.45 0.00670451 
6.5 0.00655384 
6.55 0.00640651 
6.6 0.00626245 
6.65 0.0061216 
6.7 0.00598387 
6.75 0.0058492 
6.8 0.00571754 
6.85 0.0055888 
6.9 0.00546293 
6.95 0.00533986 
7 0.00521954 
7.05 0.0051019 
7.1 0.00498689 
7.15 0.00487445 
7.2 0.00476451 
7.25 0.00465704 
7.3 0.00455196 
7.35 0.00444924 
7.4 0.00434881 
7.45 0.00425063 
7.5 0.00415465 
7.55 0.00406082 
7.6 0.0039691 
7.65 0.00387942 
7.7 0.00379176 
7.75 0.00370607 
7.8 0.0036223 
7.85 0.00354041 
7.9 0.00346035 
7.95 0.0033821 
8 0.0033056 
8.05 0.00323082 
8.1 0.00315773 
8.15 0.00308627 
8.2 0.00301643 
8.25 0.00294815 
8.3 0.00288142 
8.35 0.00281618 
8.4 0.00275241 
8.45 0.00269009 
8.5 0.00262916 
8.55 0.00256961 
8.6 0.0025114 
8.65 0.0024545 
8.7 0.00239888 
8.75 0.00234452 
8.8 0.00229138 
8.85 0.00223945 
8.9 0.00218869 
8.95 0.00213907 
9 0.00209057 
9.05 0.00204317 
9.1 0.00199684 
9.15 0.00195155 
9.2 0.00190729 
9.25 0.00186402 
9.3 0.00182174 
9.35 0.00178041 
9.4 0.00174002 
9.45 0.00170054 
9.5 0.00166195 
9.55 0.00162424 
9.6 0.00158738 
9.65 0.00155135 
9.7 0.00151614 
9.75 0.00148172 
9.8 0.00144808 
9.85 0.00141521 
9.9 0.00138308 
9.95 0.00135167 
10 0.00132098 
10.05 0.00129099 
10.1 0.00126167 
10.15 0.00123302 
10.2 0.00120502 
10.25 0.00117765 
10.3 0.0011509 
10.35 0.00112476 
10.4 0.00109921 
10.45 0.00107424 
10.5 0.00104983 
10.55 0.00102598 
10.6 0.00100267 
10.65 0.000979884 
10.7 0.000957617 
10.75 0.000935856 
10.8 0.000914589 
10.85 0.000893804 
10.9 0.000873491 
10.95 0.00085364 
11 0.000834239 
11.05 0.000815278 
11.1 0.000796748 
11.15 0.000778639 
11.2 0.000760941 
11.25 0.000743644 
11.3 0.00072674 
11.35 0.00071022 
11.4 0.000694075 
11.45 0.000678297 
11.5 0.000662877 
11.55 0.000647806 
11.6 0.000633078 
11.65 0.000618685 
11.7 0.000604618 
11.75 0.00059087 
11.8 0.000577434 
11.85 0.000564304 
11.9 0.000551471 
11.95 0.00053893 
12 0.000526674 
12.05 0.000514696 
12.1 0.00050299 
12.15 0.000491549 
12.2 0.000480369 
12.25 0.000469442 
12.3 0.000458764 
12.35 0.00044833 
12.4 0.000438132 
12.45 0.000428166 
12.5 0.000418427 
12.55 0.00040891 
12.6 0.000399609 
12.65 0.00039052 
12.7 0.000381637 
12.75 0.000372957 
12.8 0.000364473 
12.85 0.000356183 
12.9 0.000348082 
12.95 0.000340164 
13 0.000332427 
13.05 0.000324866 
13.1 0.000317476 
13.15 0.000310255 
13.2 0.000303198 
13.25 0.000296302 
13.3 0.000289562 
13.35 0.000282976 
13.4 0.00027654 
13.45 0.000270249 
13.5 0.000264102 
13.55 0.000258095 
13.6 0.000252225 
13.65 0.000246488 
13.7 0.000240881 
13.75 0.000235402 
13.8 0.000230048 
13.85 0.000224815 
13.9 0.000219702 
13.95 0.000214704 
14 0.000209821 
14.05 0.000205048 
14.1 0.000200384 
14.15 0.000195826 
14.2 0.000191372 
14.25 0.000187019 
14.3 0.000182765 
14.35 0.000178608 
14.4 0.000174546 
14.45 0.000170576 
14.5 0.000166696 
14.55 0.000162904 
14.6 0.000159199 
14.65 0.000155578 
14.7 0.000152039 
14.75 0.000148581 
14.8 0.000145201 
14.85 0.000141899 
14.9 0.000138671 
14.95 0.000135517 
15 0.000132434 
15.05 0.000129422 
15.1 0.000126478 
15.15 0.000123601 
15.2 0.00012079 
15.25 0.000118043 
15.3 0.000115358 
15.35 0.000112734 
15.4 0.00011017 
15.45 0.000107664 
15.5 0.000105215 
15.55 0.000102822 
15.6 0.000100483 
15.65 9.81973e-05 
15.7 9.59638e-05 
15.75 9.3781e-05 
15.8 9.16479e-05 
15.85 8.95633e-05 
15.9 8.75261e-05 
15.95 8.55353e-05 
16 8.35897e-05 
16.05 8.16884e-05 
16.1 7.98304e-05 
16.15 7.80146e-05 
16.2 7.62401e-05 
16.25 7.4506e-05 
16.3 7.28113e-05 
16.35 7.11551e-05 
16.4 6.95367e-05 
16.45 6.7955e-05 
16.5 6.64093e-05 
16.55 6.48988e-05 
16.6 6.34226e-05 
16.65 6.198e-05 
16.7 6.05703e-05 
16.75 5.91926e-05 
16.8 5.78462e-05 
16.85 5.65304e-05 
16.9 5.52446e-05 
16.95 5.3988e-05 
17 5.276e-05 
17.05 5.156e-05 
17.1 5.03872e-05 
17.15 4.92411e-05 
17.2 4.81211e-05 
17.25 4.70266e-05 
17.3 4.59569e-05 
17.35 4.49116e-05 
17.4 4.38901e-05 
17.45 4.28917e-05 
17.5 4.19161e-05 
17.55 4.09627e-05 
17.6 4.0031e-05 
17.65 3.91205e-05 
17.7 3.82307e-05 
17.75 3.73611e-05 
17.8 3.65113e-05 
17.85 3.56808e-05 
17.9 3.48692e-05 
17.95 3.40761e-05 
18 3.3301e-05 
18.05 3.25436e-05 
18.1 3.18033e-05 
18.15 3.10799e-05 
18.2 3.0373e-05 
18.25 2.96822e-05 
18.3 2.9007e-05 
18.35 2.83472e-05 
18.4 2.77025e-05 
18.45 2.70723e-05 
18.5 2.64566e-05 
18.55 2.58548e-05 
18.6 2.52667e-05 
18.65 2.4692e-05 
18.7 2.41304e-05 
18.75 2.35815e-05 
18.8 2.30451e-05 
18.85 2.2521e-05 
18.9 2.20087e-05 
18.95 2.15081e-05 
19 2.10189e-05 
19.05 2.05408e-05 
19.1 2.00736e-05 
19.15 1.9617e-05 
19.2 1.91708e-05 
19.25 1.87347e-05 
19.3 1.83086e-05 
19.35 1.78922e-05 
19.4 1.74852e-05 
19.45 1.70875e-05 
19.5 1.66988e-05 
19.55 1.6319e-05 
19.6 1.59478e-05 
19.65 1.55851e-05 
19.7 1.52306e-05 
19.75 1.48841e-05 
19.8 1.45456e-05 
19.85 1.42147e-05 
19.9 1.38914e-05 
19.95 1.35755e-05 
20 1.32667e-05 
20.05 1.29649e-05 
20.1 1.267e-05 
20.15 1.23818e-05 
20.2 1.21002e-05 
20.25 1.1825e-05 
20.3 1.1556e-05 
20.35 1.12932e-05 
20.4 1.10363e-05 
20.45 1.07853e-05 
20.5 1.05399e-05 
20.55 1.03002e-05 
20.6 1.00659e-05 
20.65 9.83696e-06 
20.7 9.61321e-06 
20.75 9.39455e-06 
20.8 9.18087e-06 
20.85 8.97204e-06 
20.9 8.76797e-06 
20.95 8.56853e-06 
21 8.37364e-06 
21.05 8.18317e-06 
21.1 7.99704e-06 
21.15 7.81514e-06 
21.2 7.63738e-06 
21.25 7.46367e-06 
21.3 7.2939e-06 
21.35 7.128e-06 
21.4 6.96586e-06 
21.45 6.80742e-06 
21.5 6.65258e-06 
21.55 6.50126e-06 
21.6 6.35339e-06 
21.65 6.20888e-06 
21.7 6.06765e-06 
21.75 5.92964e-06 
21.8 5.79477e-06 
21.85 5.66296e-06 
21.9 5.53415e-06 
21.95 5.40827e-06 
22 5.28526e-06 
22.05 5.16504e-06 
22.1 5.04756e-06 
22.15 4.93275e-06 
22.2 4.82055e-06 
22.25 4.71091e-06 
22.3 4.60375e-06 
22.35 4.49904e-06 
22.4 4.3967e-06 
22.45 4.2967e-06 
22.5 4.19897e-06 
22.55 4.10346e-06 
22.6 4.01012e-06 
22.65 3.91891e-06 
22.7 3.82977e-06 
22.75 3.74266e-06 
22.8 3.65753e-06 
22.85 3.57434e-06 
22.9 3.49304e-06 
22.95 3.41359e-06 
23 3.33594e-06 
23.05 3.26006e-06 
23.1 3.18591e-06 
23.15 3.11345e-06 
23.2 3.04263e-06 
23.25 2.97342e-06 
23.3 2.90579e-06 
23.35 2.8397e-06 
23.4 2.77511e-06 
23.45 2.71198e-06 
23.5 2.6503e-06 
23.55 2.59001e-06 
23.6 2.5311e-06 
23.65 2.47353e-06 
23.7 2.41727e-06 
23.75 2.36229e-06 
23.8 2.30856e-06 
23.85 2.25605e-06 
23.9 2.20473e-06 
23.95 2.15458e-06 
24 2.10558e-06 
24.05 2.05768e-06 
24.1 2.01088e-06 
24.15 1.96514e-06 
24.2 1.92044e-06 
24.25 1.87676e-06 
24.3 1.83407e-06 
24.35 1.79236e-06 
24.4 1.75159e-06 
24.45 1.71175e-06 
24.5 1.67281e-06 
24.55 1.63476e-06 
24.6 1.59758e-06 
24.65 1.56124e-06 
24.7 1.52573e-06 
24.75 1.49103e-06 
24.8 1.45711e-06 
24.85 1.42397e-06 
24.9 1.39158e-06 
24.95 1.35993e-06 
25 1.32899e-06 
25.05 1.29877e-06 
25.1 1.26922e-06 
25.15 1.24035e-06 
25.2 1.21214e-06 
25.25 1.18457e-06 
25.3 1.15763e-06 
25.35 1.1313e-06 
25.4 1.10556e-06 
25.45 1.08042e-06 
25.5 1.05584e-06 
25.55 1.03183e-06 
25.6 1.00836e-06 
25.65 9.85421e-07 
25.7 9.63007e-07 
25.75 9.41103e-07 
25.8 9.19697e-07 
25.85 8.98778e-07 
25.9 8.78335e-07 
25.95 8.58356e-07 
26 8.38832e-07 
26.05 8.19753e-07 
26.1 8.01107e-07 
26.15 7.82885e-07 
26.2 7.65078e-07 
26.25 7.47676e-07 
26.3 7.30669e-07 
26.35 7.1405e-07 
26.4 6.97808e-07 
26.45 6.81936e-07 
26.5 6.66425e-07 
26.55 6.51267e-07 
26.6 6.36453e-07 
26.65 6.21977e-07 
26.7 6.0783e-07 
26.75 5.94004e-07 
26.8 5.80493e-07 
26.85 5.67289e-07 
26.9 5.54386e-07 
26.95 5.41776e-07 
27 5.29453e-07 
27.05 5.1741e-07 
27.1 5.05641e-07 
27.15 4.9414e-07 
27.2 4.82901e-07 
27.25 4.71917e-07 
27.3 4.61183e-07 
27.35 4.50693e-07 
27.4 4.40442e-07 
27.45 4.30423e-07 
27.5 4.20633e-07 
27.55 4.11066e-07 
27.6 4.01716e-07 
27.65 3.92578e-07 
27.7 3.83649e-07 
27.75 3.74923e-07 
27.8 3.66395e-07 
27.85 3.58061e-07 
27.9 3.49917e-07 
27.95 3.41957e-07 
28 3.34179e-07 
28.05 3.26578e-07 
28.1 3.1915e-07 
28.15 3.11891e-07 
28.2 3.04797e-07 
28.25 2.97864e-07 
28.3 2.91089e-07 
28.35 2.84468e-07 
28.4 2.77997e-07 
28.45 2.71674e-07 
28.5 2.65495e-07 
28.55 2.59456e-07 
28.6 2.53554e-07 
28.65 2.47787e-07 
28.7 2.42151e-07 
28.75 2.36643e-07 
28.8 2.3126e-07 
28.85 2.26e-07 
28.9 2.2086e-07 
28.95 2.15836e-07 
29 2.10927e-07 
29.05 2.06129e-07 
29.1 2.01441e-07 
29.15 1.96859e-07 
29.2 1.92381e-07 
29.25 1.88005e-07 
29.3 1.83729e-07 
29.35 1.7955e-07 
29.4 1.75466e-07 
29.45 1.71475e-07 
29.5 1.67575e-07 
29.55 1.63763e-07 
29.6 1.60038e-07 
29.65 1.56398e-07 
29.7 1.5284e-07 
29.75 1.49364e-07 
29.8 1.45967e-07 
29.85 1.42647e-07 
29.9 1.39402e-07 
29.95 1.36231e-07 
30 1.33133e-07 
30.05 1.30104e-07 
30.1 1.27145e-07 
30.15 1.24253e-07 
30.2 1.21427e-07 
30.25 1.18665e-07 
30.3 1.15966e-07 
30.35 1.13328e-07 
30.4 1.1075e-07 
30.45 1.08231e-07 
30.5 1.05769e-07 
30.55 1.03364e-07 
30.6 1.01013e-07 
30.65 9.8715e-08 
30.7 9.64696e-08 
30.75 9.42754e-08 
30.8 9.2131e-08 
30.85 9.00354e-08 
30.9 8.79875e-08 
30.95 8.59862e-08 
31 8.40304e-08 
31.05 8.21191e-08 
31.1 8.02512e-08 
31.15 7.84258e-08 
31.2 7.6642e-08 
31.25 7.48987e-08 
31.3 7.31951e-08 
31.35 7.15302e-08 
31.4 6.99032e-08 
31.45 6.83132e-08 
31.5 6.67594e-08 
31.55 6.52409e-08 
31.6 6.3757e-08 
31.65 6.23068e-08 
31.7 6.08896e-08 
31.75 5.95046e-08 
31.8 5.81511e-08 
31.85 5.68284e-08 
31.9 5.55358e-08 
31.95 5.42726e-08 
32 5.30382e-08 
32.05 5.18318e-08 
32.1 5.06528e-08 
32.15 4.95007e-08 
32.2 4.83748e-08 
32.25 4.72745e-08 
32.3 4.61992e-08 
32.35 4.51483e-08 
32.4 4.41214e-08 
32.45 4.31178e-08 
32.5 4.21371e-08 
32.55 4.11787e-08 
32.6 4.0242e-08 
32.65 3.93267e-08 
32.7 3.84322e-08 
32.75 3.7558e-08 
32.8 3.67037e-08 
32.85 3.58689e-08 
32.9 3.5053e-08 
32.95 3.42557e-08 
33 3.34766e-08 
33.05 3.27151e-08 
33.1 3.1971e-08 
33.15 3.12438e-08 
33.2 3.05331e-08 
33.25 2.98386e-08 
33.3 2.91599e-08 
33.35 2.84967e-08 
33.4 2.78485e-08 
33.45 2.72151e-08 
33.5 2.6596e-08 
33.55 2.59911e-08 
33.6 2.53999e-08 
33.65 2.48222e-08 
33.7 2.42576e-08 
33.75 2.37058e-08 
33.8 2.31666e-08 
33.85 2.26397e-08 
33.9 2.21247e-08 
33.95 2.16215e-08 
34 2.11297e-08 
34.05 2.06491e-08 
34.1 2.01794e-08 
34.15 1.97204e-08 
34.2 1.92719e-08 
34.25 1.88335e-08 
34.3 1.84051e-08 
34.35 1.79865e-08 
34.4 1.75774e-08 
34.45 1.71776e-08 
34.5 1.67868e-08 
34.55 1.6405e-08 
34.6 1.60319e-08 
34.65 1.56672e-08 
34.7 1.53109e-08 
34.75 1.49626e-08 
34.8 1.46223e-08 
34.85 1.42897e-08 
34.9 1.39646e-08 
34.95 1.3647e-08 
35 1.33366e-08 
35.05 1.30333e-08 
35.1 1.27368e-08 
35.15 1.24471e-08 
35.2 1.2164e-08 
35.25 1.18873e-08 
35.3 1.16169e-08 
35.35 1.13527e-08 
35.4 1.10945e-08 
35.45 1.08421e-08 
35.5 1.05955e-08 
35.55 1.03545e-08 
35.6 1.0119e-08 
35.65 9.88881e-09 
35.7 9.66389e-09 
35.75 9.44407e-09 
35.8 9.22926e-09 
35.85 9.01934e-09 
35.9 8.81419e-09 
35.95 8.6137e-09 
36 8.41778e-09 
36.05 8.22631e-09 
36.1 8.0392e-09 
36.15 7.85634e-09 
36.2 7.67764e-09 
36.25 7.50301e-09 
36.3 7.33235e-09 
36.35 7.16557e-09 
36.4 7.00258e-09 
36.45 6.84331e-09 
36.5 6.68765e-09 
36.55 6.53554e-09 
36.6 6.38688e-09 
36.65 6.24161e-09 
36.7 6.09964e-09 
36.75 5.9609e-09 
36.8 5.82531e-09 
36.85 5.69281e-09 
36.9 5.56333e-09 
36.95 5.43678e-09 
37 5.31312e-09 
37.05 5.19227e-09 
37.1 5.07417e-09 
37.15 4.95875e-09 
37.2 4.84596e-09 
37.25 4.73574e-09 
37.3 4.62802e-09 
37.35 4.52275e-09 
37.4 4.41988e-09 
37.45 4.31935e-09 
37.5 4.2211e-09 
37.55 4.12509e-09 
37.6 4.03126e-09 
37.65 3.93957e-09 
37.7 3.84996e-09 
37.75 3.76239e-09 
37.8 3.67681e-09 
37.85 3.59318e-09 
37.9 3.51145e-09 
37.95 3.43158e-09 
38 3.35353e-09 
38.05 3.27725e-09 
38.1 3.20271e-09 
38.15 3.12986e-09 
38.2 3.05867e-09 
38.25 2.9891e-09 
38.3 2.92111e-09 
38.35 2.85467e-09 
38.4 2.78973e-09 
38.45 2.72628e-09 
38.5 2.66427e-09 
38.55 2.60367e-09 
38.6 2.54445e-09 
38.65 2.48657e-09 
38.7 2.43001e-09 
38.75 2.37474e-09 
38.8 2.32072e-09 
38.85 2.26794e-09 
38.9 2.21635e-09 
38.95 2.16594e-09 
39 2.11667e-09 
39.05 2.06853e-09 
39.1 2.02148e-09 
39.15 1.9755e-09 
39.2 1.93057e-09 
39.25 1.88665e-09 
39.3 1.84374e-09 
39.35 1.8018e-09 
39.4 1.76082e-09 
39.45 1.72077e-09 
39.5 1.68163e-09 
39.55 1.64338e-09 
39.6 1.606e-09 
39.65 1.56947e-09 
39.7 1.53377e-09 
39.75 1.49888e-09 
39.8 1.46479e-09 
39.85 1.43147e-09 
39.9 1.39891e-09 
39.95 1.3671e-09 
40 1.336e-09 
40.05 1.30561e-09 
40.1 1.27591e-09 
40.15 1.24689e-09 
40.2 1.21853e-09 
40.25 1.19082e-09 
40.3 1.16373e-09 
40.35 1.13726e-09 
40.4 1.11139e-09 
40.45 1.08611e-09 
40.5 1.06141e-09 
40.55 1.03727e-09 
40.6 1.01367e-09 
40.65 9.90616e-10 
40.7 9.68084e-10 
40.75 9.46064e-10 
40.8 9.24545e-10 
40.85 9.03516e-10 
40.9 8.82965e-10 
40.95 8.62881e-10 
41 8.43254e-10 
41.05 8.24074e-10 
41.1 8.0533e-10 
41.15 7.87012e-10 
41.2 7.69111e-10 
41.25 7.51617e-10 
41.3 7.34521e-10 
41.35 7.17814e-10 
41.4 7.01487e-10 
41.45 6.85531e-10 
41.5 6.69938e-10 
41.55 6.547e-10 
41.6 6.39808e-10 
41.65 6.25256e-10 
41.7 6.11034e-10 
41.75 5.97135e-10 
41.8 5.83553e-10 
41.85 5.7028e-10 
41.9 5.57308e-10 
41.95 5.44632e-10 
42 5.32244e-10 
42.05 5.20138e-10 
42.1 5.08307e-10 
42.15 4.96745e-10 
42.2 4.85446e-10 
42.25 4.74405e-10 
42.3 4.63614e-10 
42.35 4.53069e-10 
42.4 4.42763e-10 
42.45 4.32692e-10 
42.5 4.22851e-10 
42.55 4.13233e-10 
42.6 4.03833e-10 
42.65 3.94648e-10 
42.7 3.85671e-10 
42.75 3.76899e-10 
42.8 3.68326e-10 
42.85 3.59948e-10 
42.9 3.51761e-10 
42.95 3.4376e-10 
43 3.35941e-10 
43.05 3.283e-10 
43.1 3.20832e-10 
43.15 3.13535e-10 
43.2 3.06403e-10 
43.25 2.99434e-10 
43.3 2.92623e-10 
43.35 2.85967e-10 
43.4 2.79463e-10 
43.45 2.73106e-10 
43.5 2.66894e-10 
43.55 2.60824e-10 
43.6 2.54891e-10 
43.65 2.49093e-10 
43.7 2.43427e-10 
43.75 2.37891e-10 
43.8 2.3248e-10 
43.85 2.27192e-10 
43.9 2.22024e-10 
43.95 2.16974e-10 
44 2.12039e-10 
44.05 2.07216e-10 
44.1 2.02503e-10 
44.15 1.97896e-10 
44.2 1.93395e-10 
44.25 1.88996e-10 
44.3 1.84697e-10 
44.35 1.80496e-10 
44.4 1.76391e-10 
44.45 1.72379e-10 
44.5 1.68458e-10 
44.55 1.64626e-10 
44.6 1.60882e-10 
44.65 1.57222e-10 
44.7 1.53646e-10 
44.75 1.50151e-10 
44.8 1.46736e-10 
44.85 1.43399e-10 
44.9 1.40137e-10 
44.95 1.36949e-10 
45 1.33834e-10 
45.05 1.3079e-10 
45.1 1.27815e-10 
45.15 1.24908e-10 
45.2 1.22067e-10 
45.25 1.1929e-10 
45.3 1.16577e-10 
45.35 1.13925e-10 
45.4 1.11334e-10 
45.45 1.08802e-10 
45.5 1.06327e-10 
45.55 1.03909e-10 
45.6 1.01545e-10 
45.65 9.92353e-11 
45.7 9.69782e-11 
45.75 9.47723e-11 
45.8 9.26167e-11 
45.85 9.05101e-11 
45.9 8.84514e-11 
45.95 8.64395e-11 
46 8.44733e-11 
46.05 8.25519e-11 
46.1 8.06742e-11 
46.15 7.88393e-11 
46.2 7.7046e-11 
46.25 7.52935e-11 
46.3 7.35809e-11 
46.35 7.19073e-11 
46.4 7.02717e-11 
46.45 6.86733e-11 
46.5 6.71113e-11 
46.55 6.55848e-11 
46.6 6.40931e-11 
46.65 6.26352e-11 
46.7 6.12105e-11 
46.75 5.98183e-11 
46.8 5.84577e-11 
46.85 5.7128e-11 
46.9 5.58286e-11 
46.95 5.45587e-11 
47 5.33178e-11 
47.05 5.2105e-11 
47.1 5.09199e-11 
47.15 4.97616e-11 
47.2 4.86298e-11 
47.25 4.75237e-11 
47.3 4.64427e-11 
47.35 4.53863e-11 
47.4 4.4354e-11 
47.45 4.33451e-11 
47.5 4.23592e-11 
47.55 4.13957e-11 
47.6 4.04542e-11 
47.65 3.9534e-11 
47.7 3.86348e-11 
47.75 3.7756e-11 
47.8 3.68972e-11 
47.85 3.6058e-11 
47.9 3.52378e-11 
47.95 3.44363e-11 
48 3.3653e-11 
48.05 3.28876e-11 
48.1 3.21395e-11 
48.15 3.14085e-11 
48.2 3.06941e-11 
48.25 2.99959e-11 
48.3 2.93136e-11 
48.35 2.86469e-11 
48.4 2.79953e-11 
48.45 2.73585e-11 
48.5 2.67362e-11 
48.55 2.61281e-11 
48.6 2.55338e-11 
48.65 2.4953e-11 
48.7 2.43854e-11 
48.75 2.38308e-11 
48.8 2.32887e-11 
48.85 2.2759e-11 
48.9 2.22413e-11 
48.95 2.17355e-11 
49 2.12411e-11 
49.05 2.07579e-11 
49.1 2.02858e-11 
49.15 1.98244e-11 
49.2 1.93734e-11 
49.25 1.89328e-11 
49.3 1.85021e-11 
49.35 1.80813e-11 
49.4 1.767e-11 
49.45 1.72681e-11 
49.5 1.68753e-11 
49.55 1.64915e-11 
49.6 1.61164e-11 
49.65 1.57498e-11 
49.7 1.53916e-11 
49.75 1.50415e-11 
49.8 1.46993e-11 
49.85 1.4365e-11 
49.9 1.40383e-11 
49.95 1.3719e-11 
50 1.34069e-11 
