0 0.0775394 
0.05 0.0772876 
0.1 0.0770183 
0.15 0.0767309 
0.2 0.0764249 
0.25 0.0760998 
0.3 0.075755 
0.35 0.07539 
0.4 0.0750042 
0.45 0.0745969 
0.5 0.0741677 
0.55 0.0737158 
0.6 0.0732408 
0.65 0.0727418 
0.7 0.0722184 
0.75 0.0716697 
0.8 0.0710953 
0.85 0.0704943 
0.9 0.069866 
0.95 0.0692099 
1 0.068525 
1.05 0.0678107 
1.1 0.0670663 
1.15 0.0662908 
1.2 0.0654837 
1.25 0.064644 
1.3 0.063771 
1.35 0.0628638 
1.4 0.0619217 
1.45 0.0609437 
1.5 0.059929 
1.55 0.0588767 
1.6 0.0577861 
1.65 0.0566561 
1.7 0.055486 
1.75 0.0542748 
1.8 0.0530216 
1.85 0.0517255 
1.9 0.0503857 
1.95 0.0490012 
2 0.0475712 
2.05 0.0460946 
2.1 0.0445707 
2.15 0.0429986 
2.2 0.0413773 
2.25 0.0397061 
2.3 0.0379839 
2.35 0.0362101 
2.4 0.0343838 
2.45 0.0325042 
2.5 0.0305704 
2.55 0.0285818 
2.6 0.0265375 
2.65 0.0244369 
2.7 0.0222794 
2.75 0.0200641 
2.8 0.0177907 
2.85 0.0154584 
2.9 0.0130667 
2.95 0.0106153 
3 0.00810358 
3.05 0.00553123 
3.1 0.00289791 
3.15 0.000203362 
3.2 -0.00255264 
3.25 -0.00537023 
3.3 -0.0082495 
3.35 -0.0111905 
3.4 -0.014193 
3.45 -0.0172571 
3.5 -0.0203825 
3.55 -0.0235688 
3.6 -0.0268158 
3.65 -0.0301229 
3.7 -0.0334897 
3.75 -0.0369154 
3.8 -0.0403993 
3.85 -0.0439406 
3.9 -0.0475384 
3.95 -0.0511917 
4 -0.0548993 
4.05 -0.05866 
4.1 -0.0624725 
4.15 -0.0663352 
4.2 -0.0702468 
4.25 -0.0742055 
4.3 -0.0782095 
4.35 -0.0822571 
4.4 -0.0863462 
4.45 -0.0904747 
4.5 -0.0946404 
4.55 -0.098841 
4.6 -0.103074 
4.65 -0.107337 
4.7 -0.111628 
4.75 -0.115943 
4.8 -0.12028 
4.85 -0.124636 
4.9 -0.129008 
4.95 -0.133393 
5 -0.137787 
5.05 -0.142187 
5.1 -0.146591 
5.15 -0.150993 
5.2 -0.155392 
5.25 -0.159783 
5.3 -0.164163 
5.35 -0.168528 
5.4 -0.172874 
5.45 -0.177197 
5.5 -0.181493 
5.55 -0.185759 
5.6 -0.189991 
5.65 -0.194184 
5.7 -0.198335 
5.75 -0.20244 
5.8 -0.206494 
5.85 -0.210494 
5.9 -0.214435 
5.95 -0.218314 
6 -0.222127 
6.05 -0.22587 
6.1 -0.229538 
6.15 -0.233129 
6.2 -0.236637 
6.25 -0.240061 
6.3 -0.243395 
6.35 -0.246636 
6.4 -0.249782 
6.45 -0.252827 
6.5 -0.25577 
6.55 -0.258607 
6.6 -0.261335 
6.65 -0.263951 
6.7 -0.266451 
6.75 -0.268835 
6.8 -0.271098 
6.85 -0.273238 
6.9 -0.275254 
6.95 -0.277143 
7 -0.278903 
7.05 -0.280533 
7.1 -0.28203 
7.15 -0.283393 
7.2 -0.284622 
7.25 -0.285715 
7.3 -0.286671 
7.35 -0.287489 
7.4 -0.28817 
7.45 -0.288712 
7.5 -0.289116 
7.55 -0.289381 
7.6 -0.289508 
7.65 -0.289497 
7.7 -0.28935 
7.75 -0.289066 
7.8 -0.288647 
7.85 -0.288095 
7.9 -0.287409 
7.95 -0.286593 
8 -0.285648 
8.05 -0.284575 
8.1 -0.283377 
8.15 -0.282056 
8.2 -0.280615 
8.25 -0.279057 
8.3 -0.277383 
8.35 -0.275597 
8.4 -0.273702 
8.45 -0.271701 
8.5 -0.269598 
8.55 -0.267395 
8.6 -0.265097 
8.65 -0.262706 
8.7 -0.260228 
8.75 -0.257665 
8.8 -0.255022 
8.85 -0.252302 
8.9 -0.24951 
8.95 -0.246649 
9 -0.243725 
9.05 -0.24074 
9.1 -0.2377 
9.15 -0.234608 
9.2 -0.231469 
9.25 -0.228288 
9.3 -0.225067 
9.35 -0.221813 
9.4 -0.218528 
9.45 -0.215218 
9.5 -0.211886 
9.55 -0.208536 
9.6 -0.205173 
9.65 -0.201801 
9.7 -0.198423 
9.75 -0.195044 
9.8 -0.191667 
9.85 -0.188296 
9.9 -0.184935 
9.95 -0.181587 
10 -0.178255 
10.05 -0.174943 
10.1 -0.171655 
10.15 -0.168392 
10.2 -0.165158 
10.25 -0.161957 
10.3 -0.158789 
10.35 -0.155659 
10.4 -0.152568 
10.45 -0.149519 
10.5 -0.146513 
10.55 -0.143554 
10.6 -0.140641 
10.65 -0.137777 
10.7 -0.134964 
10.75 -0.132203 
10.8 -0.129495 
10.85 -0.126841 
10.9 -0.124241 
10.95 -0.121697 
11 -0.119209 
11.05 -0.116778 
11.1 -0.114404 
11.15 -0.112086 
11.2 -0.109826 
11.25 -0.107622 
11.3 -0.105475 
11.35 -0.103384 
11.4 -0.101348 
11.45 -0.0993677 
11.5 -0.0974417 
11.55 -0.0955693 
11.6 -0.0937495 
11.65 -0.0919813 
11.7 -0.0902637 
11.75 -0.0885955 
11.8 -0.0869756 
11.85 -0.0854026 
11.9 -0.0838752 
11.95 -0.082392 
12 -0.0809517 
12.05 -0.0795528 
12.1 -0.0781937 
12.15 -0.076873 
12.2 -0.0755892 
12.25 -0.0743406 
12.3 -0.0731258 
12.35 -0.0719433 
12.4 -0.0707913 
12.45 -0.0696686 
12.5 -0.0685733 
12.55 -0.0675041 
12.6 -0.0664595 
12.65 -0.0654379 
12.7 -0.0644379 
12.75 -0.063458 
12.8 -0.0624969 
12.85 -0.0615531 
12.9 -0.0606253 
12.95 -0.0597121 
13 -0.0588122 
13.05 -0.0579244 
13.1 -0.0570475 
13.15 -0.0561802 
13.2 -0.0553215 
13.25 -0.05447 
13.3 -0.0536249 
13.35 -0.052785 
13.4 -0.0519492 
13.45 -0.0511167 
13.5 -0.0502864 
13.55 -0.0494574 
13.6 -0.0486289 
13.65 -0.0477999 
13.7 -0.0469698 
13.75 -0.0461375 
13.8 -0.0453025 
13.85 -0.044464 
13.9 -0.0436212 
13.95 -0.0427735 
14 -0.0419202 
14.05 -0.0410608 
14.1 -0.0401946 
14.15 -0.039321 
14.2 -0.0384396 
14.25 -0.0375498 
14.3 -0.036651 
14.35 -0.0357429 
14.4 -0.0348249 
14.45 -0.0338966 
14.5 -0.0329577 
14.55 -0.0320076 
14.6 -0.0310461 
14.65 -0.0300728 
14.7 -0.0290873 
14.75 -0.0280893 
14.8 -0.0270785 
14.85 -0.0260546 
14.9 -0.0250174 
14.95 -0.0239665 
15 -0.0229018 
15.05 -0.021823 
15.1 -0.0207298 
15.15 -0.0196221 
15.2 -0.0184996 
15.25 -0.0173622 
15.3 -0.0162097 
15.35 -0.015042 
15.4 -0.0138589 
15.45 -0.0126602 
15.5 -0.0114458 
15.55 -0.0102156 
15.6 -0.00896954 
15.65 -0.00770742 
15.7 -0.00642919 
15.75 -0.00513475 
15.8 -0.00382402 
15.85 -0.00249694 
15.9 -0.00115344 
15.95 0.000206541 
16 0.00158305 
16.05 0.00297613 
16.1 0.00438583 
16.15 0.00581216 
16.2 0.00725517 
16.25 0.00871486 
16.3 0.0101913 
16.35 0.0116844 
16.4 0.0131942 
16.45 0.0147207 
16.5 0.016264 
16.55 0.0178239 
16.6 0.0194006 
16.65 0.0209939 
16.7 0.0226039 
16.75 0.0242305 
16.8 0.0258736 
16.85 0.0275334 
16.9 0.0292096 
16.95 0.0309024 
17 0.0326116 
17.05 0.0343371 
17.1 0.0360791 
17.15 0.0378373 
17.2 0.0396118 
17.25 0.0414024 
17.3 0.0432092 
17.35 0.0450321 
17.4 0.046871 
17.45 0.0487258 
17.5 0.0505965 
17.55 0.052483 
17.6 0.0543852 
17.65 0.0563032 
17.7 0.0582367 
17.75 0.0601857 
17.8 0.0621502 
17.85 0.06413 
17.9 0.0661252 
17.95 0.0681356 
18 0.0701611 
18.05 0.0722016 
18.1 0.0742571 
18.15 0.0763276 
18.2 0.0784128 
18.25 0.0805128 
18.3 0.0826274 
18.35 0.0847565 
18.4 0.0869002 
18.45 0.0890582 
18.5 0.0912305 
18.55 0.0934171 
18.6 0.0956178 
18.65 0.0978325 
18.7 0.100061 
18.75 0.102304 
18.8 0.10456 
18.85 0.10683 
18.9 0.109114 
18.95 0.111411 
19 0.113722 
19.05 0.116046 
19.1 0.118383 
19.15 0.120734 
19.2 0.123097 
19.25 0.125474 
19.3 0.127864 
19.35 0.130266 
19.4 0.132681 
19.45 0.135109 
19.5 0.13755 
19.55 0.140003 
19.6 0.142468 
19.65 0.144946 
19.7 0.147436 
19.75 0.149939 
19.8 0.152453 
19.85 0.15498 
19.9 0.157519 
19.95 0.160069 
20 0.162631 
20.05 0.165206 
20.1 0.167791 
20.15 0.170389 
20.2 0.172998 
20.25 0.175618 
20.3 0.17825 
20.35 0.180893 
20.4 0.183548 
20.45 0.186213 
20.5 0.18889 
20.55 0.191578 
20.6 0.194277 
20.65 0.196987 
20.7 0.199707 
20.75 0.202439 
20.8 0.205181 
20.85 0.207934 
20.9 0.210697 
20.95 0.213471 
21 0.216256 
21.05 0.219051 
21.1 0.221857 
21.15 0.224673 
21.2 0.227499 
21.25 0.230335 
21.3 0.233182 
21.35 0.236038 
21.4 0.238905 
21.45 0.241782 
21.5 0.244669 
21.55 0.247566 
21.6 0.250472 
21.65 0.253389 
21.7 0.256315 
21.75 0.259251 
21.8 0.262197 
21.85 0.265153 
21.9 0.268118 
21.95 0.271093 
22 0.274077 
22.05 0.277071 
22.1 0.280074 
22.15 0.283087 
22.2 0.286109 
22.25 0.289141 
22.3 0.292182 
22.35 0.295232 
22.4 0.298292 
22.45 0.30136 
22.5 0.304439 
22.55 0.307526 
22.6 0.310622 
22.65 0.313728 
22.7 0.316842 
22.75 0.319966 
22.8 0.323099 
22.85 0.326241 
22.9 0.329391 
22.95 0.332551 
23 0.33572 
23.05 0.338898 
23.1 0.342084 
23.15 0.34528 
23.2 0.348484 
23.25 0.351698 
23.3 0.35492 
23.35 0.358151 
23.4 0.361391 
23.45 0.364639 
23.5 0.367897 
23.55 0.371163 
23.6 0.374438 
23.65 0.377721 
23.7 0.381014 
23.75 0.384315 
23.8 0.387625 
23.85 0.390943 
23.9 0.39427 
23.95 0.397606 
24 0.400951 
24.05 0.404304 
24.1 0.407666 
24.15 0.411037 
24.2 0.414416 
24.25 0.417804 
24.3 0.4212 
24.35 0.424605 
24.4 0.428019 
24.45 0.431441 
24.5 0.434872 
24.55 0.438312 
24.6 0.44176 
24.65 0.445217 
24.7 0.448682 
24.75 0.452157 
24.8 0.455639 
24.85 0.459131 
24.9 0.46263 
24.95 0.466139 
25 0.469656 
25.05 0.473182 
25.1 0.476716 
25.15 0.48026 
25.2 0.483811 
25.25 0.487372 
25.3 0.490941 
25.35 0.494518 
25.4 0.498105 
25.45 0.5017 
25.5 0.505303 
25.55 0.508916 
25.6 0.512537 
25.65 0.516166 
25.7 0.519805 
25.75 0.523452 
25.8 0.527108 
25.85 0.530772 
25.9 0.534445 
25.95 0.538127 
26 0.541818 
26.05 0.545518 
26.1 0.549226 
26.15 0.552943 
26.2 0.556669 
26.25 0.560404 
26.3 0.564147 
26.35 0.567899 
26.4 0.571661 
26.45 0.575431 
26.5 0.57921 
26.55 0.582997 
26.6 0.586794 
26.65 0.5906 
26.7 0.594414 
26.75 0.598238 
26.8 0.60207 
26.85 0.605911 
26.9 0.609761 
26.95 0.613621 
27 0.617489 
27.05 0.621366 
27.1 0.625253 
27.15 0.629148 
27.2 0.633052 
27.25 0.636966 
27.3 0.640889 
27.35 0.64482 
27.4 0.648761 
27.45 0.652711 
27.5 0.65667 
27.55 0.660639 
27.6 0.664616 
27.65 0.668603 
27.7 0.672599 
27.75 0.676604 
27.8 0.680618 
27.85 0.684642 
27.9 0.688675 
27.95 0.692717 
28 0.696769 
28.05 0.70083 
28.1 0.7049 
28.15 0.70898 
28.2 0.713069 
28.25 0.717168 
28.3 0.721276 
28.35 0.725393 
28.4 0.72952 
28.45 0.733657 
28.5 0.737803 
28.55 0.741958 
28.6 0.746123 
28.65 0.750298 
28.7 0.754482 
28.75 0.758675 
28.8 0.762879 
28.85 0.767092 
28.9 0.771314 
28.95 0.775547 
29 0.779789 
29.05 0.78404 
29.1 0.788302 
29.15 0.792573 
29.2 0.796854 
29.25 0.801145 
29.3 0.805445 
29.35 0.809756 
29.4 0.814076 
29.45 0.818406 
29.5 0.822746 
29.55 0.827096 
29.6 0.831456 
29.65 0.835825 
29.7 0.840205 
29.75 0.844595 
29.8 0.848994 
29.85 0.853404 
29.9 0.857824 
29.95 0.862253 
30 0.866693 
30.05 0.871143 
30.1 0.875603 
30.15 0.880073 
30.2 0.884553 
30.25 0.889044 
30.3 0.893544 
30.35 0.898055 
30.4 0.902576 
30.45 0.907107 
30.5 0.911649 
30.55 0.916201 
30.6 0.920763 
30.65 0.925335 
30.7 0.929918 
30.75 0.934511 
30.8 0.939114 
30.85 0.943728 
30.9 0.948352 
30.95 0.952986 
31 0.957631 
31.05 0.962287 
31.1 0.966953 
31.15 0.971629 
31.2 0.976316 
31.25 0.981013 
31.3 0.985721 
31.35 0.99044 
31.4 0.995169 
31.45 0.999908 
31.5 1.00466 
31.55 1.00942 
31.6 1.01419 
31.65 1.01897 
31.7 1.02377 
31.75 1.02857 
31.8 1.03338 
31.85 1.03821 
31.9 1.04304 
31.95 1.04789 
32 1.05275 
32.05 1.05762 
32.1 1.06249 
32.15 1.06738 
32.2 1.07228 
32.25 1.0772 
32.3 1.08212 
32.35 1.08705 
32.4 1.09199 
32.45 1.09695 
32.5 1.10191 
32.55 1.10689 
32.6 1.11188 
32.65 1.11688 
32.7 1.12189 
32.75 1.12691 
32.8 1.13194 
32.85 1.13698 
32.9 1.14203 
32.95 1.1471 
33 1.15217 
33.05 1.15726 
33.1 1.16236 
33.15 1.16747 
33.2 1.17259 
33.25 1.17772 
33.3 1.18286 
33.35 1.18801 
33.4 1.19318 
33.45 1.19835 
33.5 1.20354 
33.55 1.20874 
33.6 1.21395 
33.65 1.21917 
33.7 1.2244 
33.75 1.22964 
33.8 1.2349 
33.85 1.24016 
33.9 1.24544 
33.95 1.25073 
34 1.25603 
34.05 1.26134 
34.1 1.26666 
34.15 1.27199 
34.2 1.27734 
34.25 1.2827 
34.3 1.28806 
34.35 1.29344 
34.4 1.29883 
34.45 1.30423 
34.5 1.30965 
34.55 1.31507 
34.6 1.32051 
34.65 1.32595 
34.7 1.33141 
34.75 1.33688 
34.8 1.34236 
34.85 1.34786 
34.9 1.35336 
34.95 1.35888 
35 1.36441 
35.05 1.36995 
35.1 1.3755 
35.15 1.38106 
35.2 1.38663 
35.25 1.39222 
35.3 1.39781 
35.35 1.40342 
35.4 1.40904 
35.45 1.41467 
35.5 1.42032 
35.55 1.42597 
35.6 1.43164 
35.65 1.43731 
35.7 1.443 
35.75 1.4487 
35.8 1.45442 
35.85 1.46014 
35.9 1.46588 
35.95 1.47162 
36 1.47738 
36.05 1.48315 
36.1 1.48893 
36.15 1.49473 
36.2 1.50053 
36.25 1.50635 
36.3 1.51218 
36.35 1.51802 
36.4 1.52387 
36.45 1.52974 
36.5 1.53561 
36.55 1.5415 
36.6 1.5474 
36.65 1.55331 
36.7 1.55923 
36.75 1.56516 
36.8 1.57111 
36.85 1.57706 
36.9 1.58303 
36.95 1.58901 
37 1.59501 
37.05 1.60101 
37.1 1.60703 
37.15 1.61305 
37.2 1.61909 
37.25 1.62514 
37.3 1.6312 
37.35 1.63728 
37.4 1.64336 
37.45 1.64946 
37.5 1.65557 
37.55 1.66169 
37.6 1.66782 
37.65 1.67397 
37.7 1.68012 
37.75 1.68629 
37.8 1.69247 
37.85 1.69866 
37.9 1.70486 
37.95 1.71108 
38 1.7173 
38.05 1.72354 
38.1 1.72979 
38.15 1.73605 
38.2 1.74232 
38.25 1.74861 
38.3 1.7549 
38.35 1.76121 
38.4 1.76753 
38.45 1.77386 
38.5 1.7802 
38.55 1.78656 
38.6 1.79292 
38.65 1.7993 
38.7 1.80569 
38.75 1.81209 
38.8 1.8185 
38.85 1.82493 
38.9 1.83136 
38.95 1.83781 
39 1.84427 
39.05 1.85074 
39.1 1.85722 
39.15 1.86371 
39.2 1.87022 
39.25 1.87673 
39.3 1.88326 
39.35 1.8898 
39.4 1.89635 
39.45 1.90292 
39.5 1.90949 
39.55 1.91608 
39.6 1.92268 
39.65 1.92928 
39.7 1.93591 
39.75 1.94254 
39.8 1.94918 
39.85 1.95584 
39.9 1.9625 
39.95 1.96918 
40 1.97587 
40.05 1.98257 
40.1 1.98928 
40.15 1.99601 
40.2 2.00274 
40.25 2.00949 
40.3 2.01625 
40.35 2.02302 
40.4 2.0298 
40.45 2.03659 
40.5 2.0434 
40.55 2.05021 
40.6 2.05704 
40.65 2.06387 
40.7 2.07072 
40.75 2.07758 
40.8 2.08446 
40.85 2.09134 
40.9 2.09823 
40.95 2.10514 
41 2.11206 
41.05 2.11898 
41.1 2.12592 
41.15 2.13287 
41.2 2.13983 
41.25 2.14681 
41.3 2.15379 
41.35 2.16079 
41.4 2.16779 
41.45 2.17481 
41.5 2.18184 
41.55 2.18888 
41.6 2.19593 
41.65 2.20299 
41.7 2.21006 
41.75 2.21715 
41.8 2.22424 
41.85 2.23135 
41.9 2.23847 
41.95 2.24559 
42 2.25273 
42.05 2.25988 
42.1 2.26705 
42.15 2.27422 
42.2 2.2814 
42.25 2.28859 
42.3 2.2958 
42.35 2.30301 
42.4 2.31024 
42.45 2.31748 
42.5 2.32472 
42.55 2.33198 
42.6 2.33925 
42.65 2.34653 
42.7 2.35382 
42.75 2.36112 
42.8 2.36844 
42.85 2.37576 
42.9 2.38309 
42.95 2.39044 
43 2.39779 
43.05 2.40516 
43.1 2.41253 
43.15 2.41992 
43.2 2.42732 
43.25 2.43473 
43.3 2.44214 
43.35 2.44957 
43.4 2.45701 
43.45 2.46446 
43.5 2.47192 
43.55 2.47939 
43.6 2.48687 
43.65 2.49436 
43.7 2.50186 
43.75 2.50938 
43.8 2.5169 
43.85 2.52443 
43.9 2.53197 
43.95 2.53952 
44 2.54709 
44.05 2.55466 
44.1 2.56224 
44.15 2.56984 
44.2 2.57744 
44.25 2.58505 
44.3 2.59268 
44.35 2.60031 
44.4 2.60795 
44.45 2.61561 
44.5 2.62327 
44.55 2.63094 
44.6 2.63863 
44.65 2.64632 
44.7 2.65402 
44.75 2.66174 
44.8 2.66946 
44.85 2.67719 
44.9 2.68493 
44.95 2.69269 
45 2.70045 
45.05 2.70822 
45.1 2.716 
45.15 2.72379 
45.2 2.73159 
45.25 2.7394 
45.3 2.74722 
45.35 2.75505 
45.4 2.76289 
45.45 2.77074 
45.5 2.77859 
45.55 2.78646 
45.6 2.79434 
45.65 2.80222 
45.7 2.81012 
45.75 2.81802 
45.8 2.82593 
45.85 2.83385 
45.9 2.84179 
45.95 2.84973 
46 2.85768 
46.05 2.86564 
46.1 2.8736 
46.15 2.88158 
46.2 2.88957 
46.25 2.89756 
46.3 2.90557 
46.35 2.91358 
46.4 2.9216 
46.45 2.92963 
46.5 2.93767 
46.55 2.94572 
46.6 2.95378 
46.65 2.96184 
46.7 2.96992 
46.75 2.978 
46.8 2.98609 
46.85 2.99419 
46.9 3.0023 
46.95 3.01042 
47 3.01855 
47.05 3.02668 
47.1 3.03483 
47.15 3.04298 
47.2 3.05114 
47.25 3.0593 
47.3 3.06748 
47.35 3.07567 
47.4 3.08386 
47.45 3.09206 
47.5 3.10027 
47.55 3.10849 
47.6 3.11671 
47.65 3.12495 
47.7 3.13319 
47.75 3.14144 
47.8 3.1497 
47.85 3.15796 
47.9 3.16624 
47.95 3.17452 
48 3.18281 
48.05 3.1911 
48.1 3.19941 
48.15 3.20772 
48.2 3.21604 
48.25 3.22437 
48.3 3.2327 
48.35 3.24105 
48.4 3.2494 
48.45 3.25776 
48.5 3.26612 
48.55 3.27449 
48.6 3.28287 
48.65 3.29126 
48.7 3.29966 
48.75 3.30806 
48.8 3.31647 
48.85 3.32489 
48.9 3.33331 
48.95 3.34174 
49 3.35018 
49.05 3.35862 
49.1 3.36707 
49.15 3.37553 
49.2 3.384 
49.25 3.39247 
49.3 3.40095 
49.35 3.40944 
49.4 3.41793 
49.45 3.42643 
49.5 3.43494 
49.55 3.44345 
49.6 3.45197 
49.65 3.46049 
49.7 3.46903 
49.75 3.47757 
49.8 3.48611 
49.85 3.49466 
49.9 3.50322 
49.95 3.51178 
50 3.52036 
50.05 3.52893 
50.1 3.53751 
50.15 3.5461 
50.2 3.5547 
50.25 3.5633 
50.3 3.57191 
50.35 3.58052 
50.4 3.58914 
50.45 3.59776 
50.5 3.6064 
50.55 3.61503 
50.6 3.62367 
50.65 3.63232 
50.7 3.64097 
50.75 3.64963 
50.8 3.6583 
50.85 3.66697 
50.9 3.67564 
50.95 3.68433 
51 3.69301 
51.05 3.7017 
51.1 3.7104 
51.15 3.7191 
51.2 3.72781 
51.25 3.73652 
51.3 3.74524 
51.35 3.75396 
51.4 3.76269 
51.45 3.77142 
51.5 3.78016 
51.55 3.7889 
51.6 3.79765 
51.65 3.8064 
51.7 3.81516 
51.75 3.82392 
51.8 3.83269 
51.85 3.84146 
51.9 3.85023 
51.95 3.85901 
52 3.86779 
52.05 3.87658 
52.1 3.88538 
52.15 3.89417 
52.2 3.90297 
52.25 3.91178 
52.3 3.92059 
52.35 3.9294 
52.4 3.93822 
52.45 3.94704 
52.5 3.95587 
52.55 3.9647 
52.6 3.97353 
52.65 3.98237 
52.7 3.99121 
52.75 4.00005 
52.8 4.0089 
52.85 4.01775 
52.9 4.02661 
52.95 4.03547 
53 4.04433 
53.05 4.0532 
53.1 4.06207 
53.15 4.07094 
53.2 4.07981 
53.25 4.08869 
53.3 4.09757 
53.35 4.10646 
53.4 4.11535 
53.45 4.12424 
53.5 4.13313 
53.55 4.14203 
53.6 4.15093 
53.65 4.15983 
53.7 4.16874 
53.75 4.17764 
53.8 4.18655 
53.85 4.19547 
53.9 4.20438 
53.95 4.2133 
54 4.22222 
54.05 4.23115 
54.1 4.24007 
54.15 4.249 
54.2 4.25793 
54.25 4.26686 
54.3 4.27579 
54.35 4.28473 
54.4 4.29367 
54.45 4.30261 
54.5 4.31155 
54.55 4.32049 
54.6 4.32944 
54.65 4.33838 
54.7 4.34733 
54.75 4.35628 
54.8 4.36523 
54.85 4.37419 
54.9 4.38314 
54.95 4.3921 
55 4.40105 
55.05 4.41001 
55.1 4.41897 
55.15 4.42793 
55.2 4.4369 
55.25 4.44586 
55.3 4.45482 
55.35 4.46379 
55.4 4.47275 
55.45 4.48172 
55.5 4.49069 
55.55 4.49966 
55.6 4.50862 
55.65 4.51759 
55.7 4.52656 
55.75 4.53553 
55.8 4.5445 
55.85 4.55348 
55.9 4.56245 
55.95 4.57142 
56 4.58039 
56.05 4.58936 
56.1 4.59834 
56.15 4.60731 
56.2 4.61628 
56.25 4.62525 
56.3 4.63422 
56.35 4.6432 
56.4 4.65217 
56.45 4.66114 
56.5 4.67011 
56.55 4.67908 
56.6 4.68805 
56.65 4.69702 
56.7 4.70599 
56.75 4.71495 
56.8 4.72392 
56.85 4.73289 
56.9 4.74185 
56.95 4.75082 
57 4.75978 
57.05 4.76874 
57.1 4.7777 
57.15 4.78666 
57.2 4.79562 
57.25 4.80458 
57.3 4.81354 
57.35 4.82249 
57.4 4.83145 
57.45 4.8404 
57.5 4.84935 
57.55 4.8583 
57.6 4.86724 
57.65 4.87619 
57.7 4.88513 
57.75 4.89407 
57.8 4.90301 
57.85 4.91195 
57.9 4.92089 
57.95 4.92982 
58 4.93875 
58.05 4.94768 
58.1 4.95661 
58.15 4.96553 
58.2 4.97445 
58.25 4.98337 
58.3 4.99229 
58.35 5.0012 
58.4 5.01011 
58.45 5.01902 
58.5 5.02793 
58.55 5.03683 
58.6 5.04573 
58.65 5.05463 
58.7 5.06352 
58.75 5.07241 
58.8 5.0813 
58.85 5.09019 
58.9 5.09907 
58.95 5.10795 
59 5.11682 
59.05 5.12569 
59.1 5.13456 
59.15 5.14342 
59.2 5.15228 
59.25 5.16114 
59.3 5.16999 
59.35 5.17884 
59.4 5.18769 
59.45 5.19653 
59.5 5.20536 
59.55 5.2142 
59.6 5.22302 
59.65 5.23185 
59.7 5.24067 
59.75 5.24948 
59.8 5.2583 
59.85 5.2671 
59.9 5.2759 
59.95 5.2847 
60 5.29349 
60.05 5.30228 
60.1 5.31106 
60.15 5.31984 
60.2 5.32862 
60.25 5.33738 
60.3 5.34615 
60.35 5.3549 
60.4 5.36366 
60.45 5.37241 
60.5 5.38115 
60.55 5.38988 
60.6 5.39861 
60.65 5.40734 
60.7 5.41606 
60.75 5.42477 
60.8 5.43348 
60.85 5.44219 
60.9 5.45088 
60.95 5.45957 
61 5.46826 
61.05 5.47694 
61.1 5.48561 
61.15 5.49428 
61.2 5.50294 
61.25 5.51159 
61.3 5.52024 
61.35 5.52888 
61.4 5.53752 
61.45 5.54614 
61.5 5.55477 
61.55 5.56338 
61.6 5.57199 
61.65 5.58059 
61.7 5.58918 
61.75 5.59777 
61.8 5.60635 
61.85 5.61493 
61.9 5.62349 
61.95 5.63205 
62 5.6406 
62.05 5.64915 
62.1 5.65768 
62.15 5.66621 
62.2 5.67473 
62.25 5.68325 
62.3 5.69175 
62.35 5.70025 
62.4 5.70874 
62.45 5.71723 
62.5 5.7257 
62.55 5.73417 
62.6 5.74263 
62.65 5.75108 
62.7 5.75952 
62.75 5.76795 
62.8 5.77638 
62.85 5.78479 
62.9 5.7932 
62.95 5.8016 
63 5.80999 
63.05 5.81838 
63.1 5.82675 
63.15 5.83512 
63.2 5.84347 
63.25 5.85182 
63.3 5.86016 
63.35 5.86849 
63.4 5.87681 
63.45 5.88512 
63.5 5.89342 
63.55 5.90171 
63.6 5.90999 
63.65 5.91826 
63.7 5.92653 
63.75 5.93478 
63.8 5.94303 
63.85 5.95126 
63.9 5.95949 
63.95 5.9677 
64 5.9759 
64.05 5.9841 
64.1 5.99228 
64.15 6.00046 
64.2 6.00862 
64.25 6.01678 
64.3 6.02492 
64.35 6.03305 
64.4 6.04117 
64.45 6.04929 
64.5 6.05739 
64.55 6.06548 
64.6 6.07356 
64.65 6.08163 
64.7 6.08968 
64.75 6.09773 
64.8 6.10577 
64.85 6.11379 
64.9 6.1218 
64.95 6.12981 
65 6.1378 
65.05 6.14578 
65.1 6.15375 
65.15 6.1617 
65.2 6.16965 
65.25 6.17758 
65.3 6.1855 
65.35 6.19341 
65.4 6.20131 
65.45 6.2092 
65.5 6.21707 
65.55 6.22493 
65.6 6.23278 
65.65 6.24062 
65.7 6.24845 
65.75 6.25626 
65.8 6.26406 
65.85 6.27185 
65.9 6.27962 
65.95 6.28739 
66 6.29514 
66.05 6.30287 
66.1 6.3106 
66.15 6.31831 
66.2 6.32601 
66.25 6.3337 
66.3 6.34137 
66.35 6.34903 
66.4 6.35668 
66.45 6.36431 
66.5 6.37193 
66.55 6.37954 
66.6 6.38713 
66.65 6.39471 
66.7 6.40227 
66.75 6.40983 
66.8 6.41737 
66.85 6.42489 
66.9 6.4324 
66.95 6.4399 
67 6.44738 
67.05 6.45485 
67.1 6.46231 
67.15 6.46975 
67.2 6.47717 
67.25 6.48458 
67.3 6.49198 
67.35 6.49936 
67.4 6.50673 
67.45 6.51409 
67.5 6.52143 
67.55 6.52875 
67.6 6.53606 
67.65 6.54336 
67.7 6.55064 
67.75 6.5579 
67.8 6.56515 
67.85 6.57238 
67.9 6.5796 
67.95 6.58681 
68 6.594 
68.05 6.60117 
68.1 6.60833 
68.15 6.61547 
68.2 6.6226 
68.25 6.62971 
68.3 6.63681 
68.35 6.64389 
68.4 6.65095 
68.45 6.658 
68.5 6.66503 
68.55 6.67204 
68.6 6.67904 
68.65 6.68603 
68.7 6.693 
68.75 6.69995 
68.8 6.70688 
68.85 6.7138 
68.9 6.7207 
68.95 6.72759 
69 6.73445 
69.05 6.74131 
69.1 6.74814 
69.15 6.75496 
69.2 6.76176 
69.25 6.76854 
69.3 6.77531 
69.35 6.78206 
69.4 6.78879 
69.45 6.79551 
69.5 6.80221 
69.55 6.80889 
69.6 6.81555 
69.65 6.8222 
69.7 6.82882 
69.75 6.83544 
69.8 6.84203 
69.85 6.8486 
69.9 6.85516 
69.95 6.8617 
70 6.86822 
70.05 6.87473 
70.1 6.88121 
70.15 6.88768 
70.2 6.89413 
70.25 6.90056 
70.3 6.90697 
70.35 6.91337 
70.4 6.91974 
70.45 6.9261 
70.5 6.93244 
70.55 6.93876 
70.6 6.94506 
70.65 6.95134 
70.7 6.95761 
70.75 6.96385 
70.8 6.97008 
70.85 6.97628 
70.9 6.98247 
70.95 6.98864 
71 6.99479 
71.05 7.00092 
71.1 7.00703 
71.15 7.01312 
71.2 7.01919 
71.25 7.02525 
71.3 7.03128 
71.35 7.03729 
71.4 7.04329 
71.45 7.04926 
71.5 7.05521 
71.55 7.06115 
71.6 7.06706 
71.65 7.07295 
71.7 7.07883 
71.75 7.08468 
71.8 7.09052 
71.85 7.09633 
71.9 7.10212 
71.95 7.10789 
72 7.11365 
72.05 7.11938 
72.1 7.12509 
72.15 7.13078 
72.2 7.13645 
72.25 7.1421 
72.3 7.14773 
72.35 7.15333 
72.4 7.15892 
72.45 7.16448 
72.5 7.17003 
72.55 7.17555 
72.6 7.18105 
72.65 7.18653 
72.7 7.19199 
72.75 7.19743 
72.8 7.20285 
72.85 7.20824 
72.9 7.21362 
72.95 7.21897 
73 7.2243 
73.05 7.22961 
73.1 7.2349 
73.15 7.24016 
73.2 7.2454 
73.25 7.25062 
73.3 7.25582 
73.35 7.261 
73.4 7.26616 
73.45 7.27129 
73.5 7.2764 
73.55 7.28149 
73.6 7.28655 
73.65 7.2916 
73.7 7.29662 
73.75 7.30162 
73.8 7.30659 
73.85 7.31155 
73.9 7.31648 
73.95 7.32139 
74 7.32627 
74.05 7.33113 
74.1 7.33597 
74.15 7.34079 
74.2 7.34558 
74.25 7.35035 
74.3 7.3551 
74.35 7.35982 
74.4 7.36452 
74.45 7.3692 
74.5 7.37386 
74.55 7.37849 
74.6 7.38309 
74.65 7.38768 
74.7 7.39224 
74.75 7.39677 
74.8 7.40129 
74.85 7.40577 
74.9 7.41024 
74.95 7.41468 
75 7.4191 
75.05 7.42349 
75.1 7.42786 
75.15 7.43221 
75.2 7.43653 
75.25 7.44082 
75.3 7.4451 
75.35 7.44934 
75.4 7.45357 
75.45 7.45777 
75.5 7.46194 
75.55 7.46609 
75.6 7.47022 
75.65 7.47432 
75.7 7.4784 
75.75 7.48245 
75.8 7.48648 
75.85 7.49048 
75.9 7.49446 
75.95 7.49841 
76 7.50234 
76.05 7.50624 
76.1 7.51012 
76.15 7.51397 
76.2 7.5178 
76.25 7.5216 
76.3 7.52538 
76.35 7.52913 
76.4 7.53285 
76.45 7.53655 
76.5 7.54023 
76.55 7.54388 
76.6 7.5475 
76.65 7.5511 
76.7 7.55467 
76.75 7.55822 
76.8 7.56174 
76.85 7.56524 
76.9 7.56871 
76.95 7.57215 
77 7.57557 
77.05 7.57896 
77.1 7.58233 
77.15 7.58567 
77.2 7.58898 
77.25 7.59227 
77.3 7.59553 
77.35 7.59876 
77.4 7.60197 
77.45 7.60515 
77.5 7.60831 
77.55 7.61144 
77.6 7.61454 
77.65 7.61761 
77.7 7.62066 
77.75 7.62368 
77.8 7.62668 
77.85 7.62965 
77.9 7.63259 
77.95 7.63551 
78 7.63839 
78.05 7.64126 
78.1 7.64409 
78.15 7.6469 
78.2 7.64968 
78.25 7.65243 
78.3 7.65516 
78.35 7.65786 
78.4 7.66053 
78.45 7.66317 
78.5 7.66579 
78.55 7.66838 
78.6 7.67094 
78.65 7.67347 
78.7 7.67598 
78.75 7.67846 
78.8 7.68091 
78.85 7.68334 
78.9 7.68573 
78.95 7.6881 
79 7.69044 
79.05 7.69276 
79.1 7.69504 
79.15 7.6973 
79.2 7.69953 
79.25 7.70173 
79.3 7.7039 
79.35 7.70605 
79.4 7.70817 
79.45 7.71026 
79.5 7.71232 
79.55 7.71435 
79.6 7.71635 
79.65 7.71833 
79.7 7.72028 
79.75 7.7222 
79.8 7.72409 
79.85 7.72595 
79.9 7.72779 
79.95 7.72959 
80 7.73137 
80.05 7.73312 
80.1 7.73484 
80.15 7.73653 
80.2 7.73819 
80.25 7.73983 
80.3 7.74143 
80.35 7.74301 
80.4 7.74455 
80.45 7.74607 
80.5 7.74756 
80.55 7.74902 
80.6 7.75045 
80.65 7.75186 
80.7 7.75323 
80.75 7.75457 
80.8 7.75589 
80.85 7.75718 
80.9 7.75843 
80.95 7.75966 
81 7.76086 
81.05 7.76203 
81.1 7.76317 
81.15 7.76428 
81.2 7.76536 
81.25 7.76641 
81.3 7.76743 
81.35 7.76842 
81.4 7.76939 
81.45 7.77032 
81.5 7.77122 
81.55 7.7721 
81.6 7.77294 
81.65 7.77376 
81.7 7.77454 
81.75 7.7753 
81.8 7.77602 
81.85 7.77672 
81.9 7.77739 
81.95 7.77802 
82 7.77863 
82.05 7.7792 
82.1 7.77975 
82.15 7.78027 
82.2 7.78075 
82.25 7.78121 
82.3 7.78163 
82.35 7.78203 
82.4 7.7824 
82.45 7.78273 
82.5 7.78304 
82.55 7.78331 
82.6 7.78356 
82.65 7.78377 
82.7 7.78396 
82.75 7.78411 
82.8 7.78424 
82.85 7.78433 
82.9 7.78439 
82.95 7.78442 
83 7.78443 
83.05 7.7844 
83.1 7.78434 
83.15 7.78425 
83.2 7.78413 
83.25 7.78398 
83.3 7.7838 
83.35 7.78359 
83.4 7.78335 
83.45 7.78307 
83.5 7.78277 
83.55 7.78243 
83.6 7.78207 
83.65 7.78167 
83.7 7.78125 
83.75 7.78079 
83.8 7.7803 
83.85 7.77978 
83.9 7.77923 
83.95 7.77865 
84 7.77804 
84.05 7.7774 
84.1 7.77673 
84.15 7.77602 
84.2 7.77529 
84.25 7.77452 
84.3 7.77372 
84.35 7.77289 
84.4 7.77204 
84.45 7.77114 
84.5 7.77022 
84.55 7.76927 
84.6 7.76829 
84.65 7.76727 
84.7 7.76623 
84.75 7.76515 
84.8 7.76404 
84.85 7.7629 
84.9 7.76173 
84.95 7.76053 
85 7.75929 
85.05 7.75803 
85.1 7.75673 
85.15 7.75541 
85.2 7.75405 
85.25 7.75266 
85.3 7.75124 
85.35 7.74979 
85.4 7.7483 
85.45 7.74679 
85.5 7.74524 
85.55 7.74366 
85.6 7.74205 
85.65 7.74041 
85.7 7.73874 
85.75 7.73704 
85.8 7.7353 
85.85 7.73354 
85.9 7.73174 
85.95 7.72991 
86 7.72805 
86.05 7.72616 
86.1 7.72423 
86.15 7.72228 
86.2 7.72029 
86.25 7.71827 
86.3 7.71622 
86.35 7.71414 
86.4 7.71203 
86.45 7.70988 
86.5 7.7077 
86.55 7.7055 
86.6 7.70326 
86.65 7.70099 
86.7 7.69868 
86.75 7.69635 
86.8 7.69398 
86.85 7.69158 
86.9 7.68916 
86.95 7.68669 
87 7.6842 
87.05 7.68168 
87.1 7.67912 
87.15 7.67653 
87.2 7.67391 
87.25 7.67126 
87.3 7.66858 
87.35 7.66587 
87.4 7.66312 
87.45 7.66034 
87.5 7.65753 
87.55 7.65469 
87.6 7.65182 
87.65 7.64892 
87.7 7.64598 
87.75 7.64301 
87.8 7.64001 
87.85 7.63698 
87.9 7.63392 
87.95 7.63083 
88 7.6277 
88.05 7.62454 
88.1 7.62135 
88.15 7.61813 
88.2 7.61488 
88.25 7.61159 
88.3 7.60828 
88.35 7.60493 
88.4 7.60155 
88.45 7.59814 
88.5 7.5947 
88.55 7.59122 
88.6 7.58772 
88.65 7.58418 
88.7 7.58061 
88.75 7.57701 
88.8 7.57338 
88.85 7.56971 
88.9 7.56602 
88.95 7.56229 
89 7.55853 
89.05 7.55474 
89.1 7.55092 
89.15 7.54706 
89.2 7.54318 
89.25 7.53926 
89.3 7.53531 
89.35 7.53133 
89.4 7.52732 
89.45 7.52327 
89.5 7.5192 
89.55 7.51509 
89.6 7.51095 
89.65 7.50679 
89.7 7.50258 
89.75 7.49835 
89.8 7.49409 
89.85 7.48979 
89.9 7.48547 
89.95 7.48111 
90 7.47672 
90.05 7.4723 
90.1 7.46784 
90.15 7.46336 
90.2 7.45884 
90.25 7.4543 
90.3 7.44972 
90.35 7.44511 
90.4 7.44047 
90.45 7.4358 
90.5 7.43109 
90.55 7.42636 
90.6 7.42159 
90.65 7.4168 
90.7 7.41197 
90.75 7.40711 
90.8 7.40222 
90.85 7.3973 
90.9 7.39234 
90.95 7.38736 
91 7.38234 
91.05 7.3773 
91.1 7.37222 
91.15 7.36711 
91.2 7.36197 
91.25 7.3568 
91.3 7.3516 
91.35 7.34637 
91.4 7.3411 
91.45 7.33581 
91.5 7.33048 
91.55 7.32513 
91.6 7.31974 
91.65 7.31432 
91.7 7.30887 
91.75 7.30339 
91.8 7.29788 
91.85 7.29234 
91.9 7.28677 
91.95 7.28116 
92 7.27553 
92.05 7.26987 
92.1 7.26417 
92.15 7.25844 
92.2 7.25269 
92.25 7.2469 
92.3 7.24108 
92.35 7.23524 
92.4 7.22936 
92.45 7.22345 
92.5 7.21751 
92.55 7.21154 
92.6 7.20554 
92.65 7.19951 
92.7 7.19345 
92.75 7.18735 
92.8 7.18123 
92.85 7.17508 
92.9 7.1689 
92.95 7.16269 
93 7.15644 
93.05 7.15017 
93.1 7.14387 
93.15 7.13754 
93.2 7.13117 
93.25 7.12478 
93.3 7.11836 
93.35 7.1119 
93.4 7.10542 
93.45 7.09891 
93.5 7.09237 
93.55 7.08579 
93.6 7.07919 
93.65 7.07256 
93.7 7.0659 
93.75 7.05921 
93.8 7.05248 
93.85 7.04573 
93.9 7.03895 
93.95 7.03214 
94 7.0253 
94.05 7.01844 
94.1 7.01154 
94.15 7.00461 
94.2 6.99765 
94.25 6.99067 
94.3 6.98365 
94.35 6.97661 
94.4 6.96953 
94.45 6.96243 
94.5 6.9553 
94.55 6.94813 
94.6 6.94094 
94.65 6.93372 
94.7 6.92648 
94.75 6.9192 
94.8 6.91189 
94.85 6.90456 
94.9 6.89719 
94.95 6.8898 
95 6.88238 
95.05 6.87493 
95.1 6.86745 
95.15 6.85994 
95.2 6.85241 
95.25 6.84484 
95.3 6.83725 
95.35 6.82963 
95.4 6.82198 
95.45 6.8143 
95.5 6.80659 
95.55 6.79886 
95.6 6.79109 
95.65 6.7833 
95.7 6.77548 
95.75 6.76764 
95.8 6.75976 
95.85 6.75186 
95.9 6.74393 
95.95 6.73597 
96 6.72798 
96.05 6.71997 
96.1 6.71192 
96.15 6.70385 
96.2 6.69576 
96.25 6.68763 
96.3 6.67948 
96.35 6.6713 
96.4 6.66309 
96.45 6.65485 
96.5 6.64659 
96.55 6.6383 
96.6 6.62998 
96.65 6.62164 
96.7 6.61327 
96.75 6.60487 
96.8 6.59645 
96.85 6.58799 
96.9 6.57951 
96.95 6.57101 
97 6.56248 
97.05 6.55392 
97.1 6.54533 
97.15 6.53672 
97.2 6.52808 
97.25 6.51941 
97.3 6.51072 
97.35 6.502 
97.4 6.49325 
97.45 6.48448 
97.5 6.47568 
97.55 6.46686 
97.6 6.45801 
97.65 6.44913 
97.7 6.44023 
97.75 6.4313 
97.8 6.42235 
97.85 6.41337 
97.9 6.40437 
97.95 6.39533 
98 6.38628 
98.05 6.37719 
98.1 6.36809 
98.15 6.35895 
98.2 6.34979 
98.25 6.34061 
98.3 6.3314 
98.35 6.32217 
98.4 6.31291 
98.45 6.30362 
98.5 6.29431 
98.55 6.28498 
98.6 6.27562 
98.65 6.26623 
98.7 6.25682 
98.75 6.24739 
98.8 6.23793 
98.85 6.22845 
98.9 6.21894 
98.95 6.20941 
99 6.19985 
99.05 6.19027 
99.1 6.18066 
99.15 6.17103 
99.2 6.16138 
99.25 6.1517 
99.3 6.142 
99.35 6.13228 
99.4 6.12253 
99.45 6.11276 
99.5 6.10296 
99.55 6.09314 
99.6 6.0833 
99.65 6.07343 
99.7 6.06354 
99.75 6.05362 
99.8 6.04369 
99.85 6.03373 
99.9 6.02374 
99.95 6.01374 
100 6.00371 
100.05 5.99366 
100.1 5.98358 
100.15 5.97348 
100.2 5.96336 
100.25 5.95322 
100.3 5.94305 
100.35 5.93287 
100.4 5.92266 
100.45 5.91242 
100.5 5.90217 
100.55 5.89189 
100.6 5.88159 
100.65 5.87127 
100.7 5.86093 
100.75 5.85056 
100.8 5.84017 
100.85 5.82977 
100.9 5.81934 
100.95 5.80889 
101 5.79841 
101.05 5.78792 
101.1 5.7774 
101.15 5.76687 
101.2 5.75631 
101.25 5.74573 
101.3 5.73513 
101.35 5.72451 
101.4 5.71387 
101.45 5.7032 
101.5 5.69252 
101.55 5.68182 
101.6 5.67109 
101.65 5.66035 
101.7 5.64958 
101.75 5.6388 
101.8 5.62799 
101.85 5.61717 
101.9 5.60632 
101.95 5.59546 
102 5.58457 
102.05 5.57367 
102.1 5.56275 
102.15 5.5518 
102.2 5.54084 
102.25 5.52986 
102.3 5.51886 
102.35 5.50783 
102.4 5.49679 
102.45 5.48573 
102.5 5.47466 
102.55 5.46356 
102.6 5.45244 
102.65 5.44131 
102.7 5.43016 
102.75 5.41898 
102.8 5.4078 
102.85 5.39659 
102.9 5.38536 
102.95 5.37412 
103 5.36285 
103.05 5.35157 
103.1 5.34027 
103.15 5.32896 
103.2 5.31763 
103.25 5.30627 
103.3 5.2949 
103.35 5.28352 
103.4 5.27211 
103.45 5.26069 
103.5 5.24926 
103.55 5.2378 
103.6 5.22633 
103.65 5.21484 
103.7 5.20334 
103.75 5.19181 
103.8 5.18027 
103.85 5.16872 
103.9 5.15715 
103.95 5.14556 
104 5.13396 
104.05 5.12234 
104.1 5.1107 
104.15 5.09905 
104.2 5.08738 
104.25 5.0757 
104.3 5.064 
104.35 5.05228 
104.4 5.04055 
104.45 5.02881 
104.5 5.01705 
104.55 5.00527 
104.6 4.99348 
104.65 4.98168 
104.7 4.96986 
104.75 4.95802 
104.8 4.94617 
104.85 4.93431 
104.9 4.92243 
104.95 4.91054 
105 4.89863 
105.05 4.88671 
105.1 4.87478 
105.15 4.86283 
105.2 4.85087 
105.25 4.83889 
105.3 4.8269 
105.35 4.8149 
105.4 4.80288 
105.45 4.79085 
105.5 4.77881 
105.55 4.76676 
105.6 4.75469 
105.65 4.74261 
105.7 4.73051 
105.75 4.7184 
105.8 4.70629 
105.85 4.69415 
105.9 4.68201 
105.95 4.66985 
106 4.65769 
106.05 4.6455 
106.1 4.63331 
106.15 4.62111 
106.2 4.60889 
106.25 4.59667 
106.3 4.58443 
106.35 4.57218 
106.4 4.55992 
106.45 4.54765 
106.5 4.53536 
106.55 4.52307 
106.6 4.51076 
106.65 4.49845 
106.7 4.48612 
106.75 4.47379 
106.8 4.46144 
106.85 4.44908 
106.9 4.43672 
106.95 4.42434 
107 4.41195 
107.05 4.39956 
107.1 4.38715 
107.15 4.37473 
107.2 4.36231 
107.25 4.34987 
107.3 4.33743 
107.35 4.32498 
107.4 4.31252 
107.45 4.30005 
107.5 4.28757 
107.55 4.27508 
107.6 4.26258 
107.65 4.25008 
107.7 4.23756 
107.75 4.22504 
107.8 4.21251 
107.85 4.19998 
107.9 4.18743 
107.95 4.17488 
108 4.16232 
108.05 4.14975 
108.1 4.13718 
108.15 4.1246 
108.2 4.11201 
108.25 4.09941 
108.3 4.08681 
108.35 4.0742 
108.4 4.06158 
108.45 4.04896 
108.5 4.03633 
108.55 4.02369 
108.6 4.01105 
108.65 3.9984 
108.7 3.98575 
108.75 3.97309 
108.8 3.96043 
108.85 3.94776 
108.9 3.93508 
108.95 3.9224 
109 3.90971 
109.05 3.89702 
109.1 3.88433 
109.15 3.87163 
109.2 3.85892 
109.25 3.84621 
109.3 3.8335 
109.35 3.82078 
109.4 3.80805 
109.45 3.79533 
109.5 3.7826 
109.55 3.76986 
109.6 3.75712 
109.65 3.74438 
109.7 3.73164 
109.75 3.71889 
109.8 3.70614 
109.85 3.69338 
109.9 3.68062 
109.95 3.66786 
110 3.6551 
110.05 3.64233 
110.1 3.62957 
110.15 3.6168 
110.2 3.60402 
110.25 3.59125 
110.3 3.57847 
110.35 3.5657 
110.4 3.55292 
110.45 3.54014 
110.5 3.52735 
110.55 3.51457 
110.6 3.50178 
110.65 3.489 
110.7 3.47621 
110.75 3.46343 
110.8 3.45064 
110.85 3.43785 
110.9 3.42506 
110.95 3.41227 
111 3.39948 
111.05 3.3867 
111.1 3.37391 
111.15 3.36112 
111.2 3.34833 
111.25 3.33554 
111.3 3.32276 
111.35 3.30997 
111.4 3.29719 
111.45 3.28441 
111.5 3.27162 
111.55 3.25884 
111.6 3.24606 
111.65 3.23329 
111.7 3.22051 
111.75 3.20774 
111.8 3.19497 
111.85 3.1822 
111.9 3.16943 
111.95 3.15667 
112 3.14391 
112.05 3.13115 
112.1 3.11839 
112.15 3.10564 
112.2 3.09289 
112.25 3.08014 
112.3 3.0674 
112.35 3.05466 
112.4 3.04193 
112.45 3.02919 
112.5 3.01647 
112.55 3.00374 
112.6 2.99102 
112.65 2.97831 
112.7 2.9656 
112.75 2.95289 
112.8 2.94019 
112.85 2.9275 
112.9 2.91481 
112.95 2.90212 
113 2.88944 
113.05 2.87677 
113.1 2.8641 
113.15 2.85144 
113.2 2.83878 
113.25 2.82613 
113.3 2.81349 
113.35 2.80085 
113.4 2.78822 
113.45 2.7756 
113.5 2.76298 
113.55 2.75037 
113.6 2.73776 
113.65 2.72517 
113.7 2.71258 
113.75 2.7 
113.8 2.68742 
113.85 2.67486 
113.9 2.6623 
113.95 2.64975 
114 2.63721 
114.05 2.62468 
114.1 2.61215 
114.15 2.59964 
114.2 2.58713 
114.25 2.57463 
114.3 2.56215 
114.35 2.54967 
114.4 2.5372 
114.45 2.52474 
114.5 2.51229 
114.55 2.49985 
114.6 2.48742 
114.65 2.475 
114.7 2.46259 
114.75 2.45019 
114.8 2.4378 
114.85 2.42542 
114.9 2.41305 
114.95 2.4007 
115 2.38835 
115.05 2.37602 
115.1 2.3637 
115.15 2.35139 
115.2 2.33909 
115.25 2.3268 
115.3 2.31453 
115.35 2.30227 
115.4 2.29002 
115.45 2.27778 
115.5 2.26555 
115.55 2.25334 
115.6 2.24114 
115.65 2.22896 
115.7 2.21679 
115.75 2.20463 
115.8 2.19249 
115.85 2.18035 
115.9 2.16824 
115.95 2.15613 
116 2.14405 
116.05 2.13197 
116.1 2.11991 
116.15 2.10787 
116.2 2.09584 
116.25 2.08382 
116.3 2.07182 
116.35 2.05984 
116.4 2.04787 
116.45 2.03592 
116.5 2.02398 
116.55 2.01206 
116.6 2.00015 
116.65 1.98826 
116.7 1.97639 
116.75 1.96454 
116.8 1.9527 
116.85 1.94087 
116.9 1.92907 
116.95 1.91728 
117 1.90551 
117.05 1.89376 
117.1 1.88202 
117.15 1.87031 
117.2 1.85861 
117.25 1.84692 
117.3 1.83526 
117.35 1.82362 
117.4 1.81199 
117.45 1.80038 
117.5 1.7888 
117.55 1.77723 
117.6 1.76568 
117.65 1.75415 
117.7 1.74264 
117.75 1.73115 
117.8 1.71968 
117.85 1.70823 
117.9 1.6968 
117.95 1.68539 
118 1.674 
118.05 1.66263 
118.1 1.65128 
118.15 1.63996 
118.2 1.62865 
118.25 1.61737 
118.3 1.60611 
118.35 1.59487 
118.4 1.58365 
118.45 1.57245 
118.5 1.56128 
118.55 1.55013 
118.6 1.539 
118.65 1.52789 
118.7 1.51681 
118.75 1.50575 
118.8 1.49471 
118.85 1.4837 
118.9 1.47271 
118.95 1.46175 
119 1.45081 
119.05 1.43989 
119.1 1.429 
119.15 1.41813 
119.2 1.40728 
119.25 1.39647 
119.3 1.38567 
119.35 1.3749 
119.4 1.36416 
119.45 1.35344 
119.5 1.34275 
119.55 1.33208 
119.6 1.32144 
119.65 1.31083 
119.7 1.30024 
119.75 1.28968 
119.8 1.27915 
119.85 1.26864 
119.9 1.25816 
119.95 1.24771 
120 1.23729 
120.05 1.22689 
120.1 1.21652 
120.15 1.20618 
120.2 1.19587 
120.25 1.18558 
120.3 1.17533 
120.35 1.1651 
120.4 1.1549 
120.45 1.14473 
120.5 1.1346 
120.55 1.12449 
120.6 1.11441 
120.65 1.10436 
120.7 1.09434 
120.75 1.08435 
120.8 1.07439 
120.85 1.06446 
120.9 1.05456 
120.95 1.0447 
121 1.03486 
121.05 1.02506 
121.1 1.01529 
121.15 1.00555 
121.2 0.995844 
121.25 0.98617 
121.3 0.976528 
121.35 0.966918 
121.4 0.957342 
121.45 0.947799 
121.5 0.938289 
121.55 0.928813 
121.6 0.91937 
121.65 0.909962 
121.7 0.900587 
121.75 0.891248 
121.8 0.881943 
121.85 0.872673 
121.9 0.863438 
121.95 0.854238 
122 0.845074 
122.05 0.835945 
122.1 0.826853 
122.15 0.817797 
122.2 0.808777 
122.25 0.799794 
122.3 0.790848 
122.35 0.781939 
122.4 0.773068 
122.45 0.764234 
122.5 0.755438 
122.55 0.74668 
122.6 0.73796 
122.65 0.72928 
122.7 0.720638 
122.75 0.712035 
122.8 0.703471 
122.85 0.694947 
122.9 0.686464 
122.95 0.67802 
123 0.669617 
123.05 0.661254 
123.1 0.652932 
123.15 0.644652 
123.2 0.636413 
123.25 0.628216 
123.3 0.620061 
123.35 0.611949 
123.4 0.603879 
123.45 0.595852 
123.5 0.587869 
123.55 0.579929 
123.6 0.572033 
123.65 0.564181 
123.7 0.556374 
123.75 0.548611 
123.8 0.540894 
123.85 0.533222 
123.9 0.525597 
123.95 0.518017 
124 0.510484 
124.05 0.502998 
124.1 0.495559 
124.15 0.488167 
124.2 0.480824 
124.25 0.473529 
124.3 0.466283 
124.35 0.459086 
124.4 0.451939 
124.45 0.444841 
124.5 0.437794 
124.55 0.430798 
124.6 0.423853 
124.65 0.416959 
124.7 0.410118 
124.75 0.403329 
124.8 0.396594 
124.85 0.389911 
124.9 0.383283 
124.95 0.37671 
125 0.370191 
125.05 0.363728 
125.1 0.357321 
125.15 0.35097 
125.2 0.344677 
125.25 0.338441 
125.3 0.332264 
125.35 0.326146 
125.4 0.320087 
125.45 0.314088 
125.5 0.30815 
125.55 0.302273 
125.6 0.296459 
125.65 0.290707 
125.7 0.285018 
125.75 0.279394 
125.8 0.273835 
125.85 0.268341 
125.9 0.262913 
125.95 0.257553 
126 0.252261 
126.05 0.247037 
126.1 0.241883 
126.15 0.2368 
126.2 0.231787 
126.25 0.226847 
126.3 0.22198 
126.35 0.217187 
126.4 0.212469 
126.45 0.207827 
126.5 0.203261 
126.55 0.198774 
126.6 0.194365 
126.65 0.190035 
126.7 0.185786 
126.75 0.181619 
126.8 0.177535 
126.85 0.173534 
126.9 0.169617 
126.95 0.165786 
127 0.162042 
127.05 0.158384 
127.1 0.154815 
127.15 0.151335 
127.2 0.147944 
127.25 0.144644 
127.3 0.141435 
127.35 0.138318 
127.4 0.135293 
127.45 0.13236 
127.5 0.129521 
127.55 0.126774 
127.6 0.124121 
127.65 0.121562 
127.7 0.119095 
127.75 0.116721 
127.8 0.11444 
127.85 0.11225 
127.9 0.110152 
127.95 0.108143 
128 0.106223 
128.05 0.104392 
128.1 0.102646 
128.15 0.100985 
128.2 0.0994073 
128.25 0.0979107 
128.3 0.0964933 
128.35 0.0951529 
128.4 0.0938874 
128.45 0.0926944 
128.5 0.0915717 
128.55 0.0905167 
128.6 0.089527 
128.65 0.0886001 
128.7 0.0877335 
128.75 0.0869247 
128.8 0.0861711 
128.85 0.0854704 
128.9 0.0848201 
128.95 0.0842179 
129 0.0836614 
129.05 0.0831483 
129.1 0.0826765 
129.15 0.0822438 
129.2 0.0818483 
129.25 0.0814878 
129.3 0.0811605 
129.35 0.0808645 
129.4 0.0805981 
129.45 0.0803595 
129.5 0.0801471 
129.55 0.0799593 
129.6 0.0797946 
129.65 0.0796514 
129.7 0.0795284 
129.75 0.0794241 
129.8 0.0793374 
129.85 0.0792668 
129.9 0.0792112 
129.95 0.0791693 
130 0.0791401 
130.05 0.0791223 
130.1 0.0791151 
130.15 0.0791172 
130.2 0.0791277 
130.25 0.0791457 
130.3 0.0791702 
130.35 0.0792002 
130.4 0.0792351 
130.45 0.0792737 
130.5 0.0793155 
130.55 0.0793595 
130.6 0.079405 
130.65 0.0794513 
130.7 0.0794976 
130.75 0.0795433 
130.8 0.0795876 
130.85 0.0796299 
130.9 0.0796695 
130.95 0.0797059 
131 0.0797384 
131.05 0.0797664 
131.1 0.0797893 
131.15 0.0798067 
131.2 0.0798179 
131.25 0.0798223 
131.3 0.0798196 
131.35 0.079809 
131.4 0.0797902 
131.45 0.0797627 
131.5 0.0797258 
131.55 0.0796792 
131.6 0.0796223 
131.65 0.0795547 
131.7 0.0794758 
131.75 0.0793853 
131.8 0.0792826 
131.85 0.0791672 
131.9 0.0790387 
131.95 0.0788966 
132 0.0787403 
132.05 0.0785695 
132.1 0.0783837 
132.15 0.0781822 
132.2 0.0779648 
132.25 0.0777307 
