0 0.253577 
0.05 0.252223 
0.1 0.25087 
0.15 0.249515 
0.2 0.24816 
0.25 0.246806 
0.3 0.245448 
0.35 0.244089 
0.4 0.242731 
0.45 0.24137 
0.5 0.240011 
0.55 0.238647 
0.6 0.237284 
0.65 0.235918 
0.7 0.234551 
0.75 0.233184 
0.8 0.231815 
0.85 0.230443 
0.9 0.22907 
0.95 0.227695 
1 0.226319 
1.05 0.224939 
1.1 0.223558 
1.15 0.222173 
1.2 0.220787 
1.25 0.219397 
1.3 0.218004 
1.35 0.216607 
1.4 0.215207 
1.45 0.213803 
1.5 0.212395 
1.55 0.210983 
1.6 0.209566 
1.65 0.208145 
1.7 0.206717 
1.75 0.205286 
1.8 0.20385 
1.85 0.202405 
1.9 0.200955 
1.95 0.199498 
2 0.198033 
2.05 0.196561 
2.1 0.195081 
2.15 0.193594 
2.2 0.192099 
2.25 0.190594 
2.3 0.189079 
2.35 0.187553 
2.4 0.186018 
2.45 0.184472 
2.5 0.182916 
2.55 0.181345 
2.6 0.179766 
2.65 0.178171 
2.7 0.176565 
2.75 0.174943 
2.8 0.173309 
2.85 0.17166 
2.9 0.169994 
2.95 0.168314 
3 0.166615 
3.05 0.164902 
3.1 0.16317 
3.15 0.16142 
3.2 0.159652 
3.25 0.157865 
3.3 0.156057 
3.35 0.154229 
3.4 0.152381 
3.45 0.15051 
3.5 0.148617 
3.55 0.146703 
3.6 0.144763 
3.65 0.142801 
3.7 0.140815 
3.75 0.138802 
3.8 0.136764 
3.85 0.1347 
3.9 0.132608 
3.95 0.130488 
4 0.128339 
4.05 0.126162 
4.1 0.123956 
4.15 0.121718 
4.2 0.119451 
4.25 0.11715 
4.3 0.114819 
4.35 0.112455 
4.4 0.110056 
4.45 0.107624 
4.5 0.105155 
4.55 0.102653 
4.6 0.100113 
4.65 0.0975356 
4.7 0.0949212 
4.75 0.0922684 
4.8 0.0895762 
4.85 0.0868465 
4.9 0.0840747 
4.95 0.0812622 
5 0.0784082 
5.05 0.0755117 
5.1 0.0725717 
5.15 0.0695881 
5.2 0.0665604 
5.25 0.0634877 
5.3 0.0603684 
5.35 0.0572034 
5.4 0.0539912 
5.45 0.0507294 
5.5 0.0474201 
5.55 0.0440616 
5.6 0.0406537 
5.65 0.0371931 
5.7 0.033684 
5.75 0.0301195 
5.8 0.0265034 
5.85 0.022834 
5.9 0.0191107 
5.95 0.0153313 
6 0.0114966 
6.05 0.00760477 
6.1 0.00365658 
6.15 -0.00035032 
6.2 -0.00441559 
6.25 -0.00853951 
6.3 -0.0127256 
6.35 -0.0169707 
6.4 -0.0212775 
6.45 -0.0256467 
6.5 -0.0300802 
6.55 -0.0345769 
6.6 -0.0391371 
6.65 -0.0437638 
6.7 -0.0484568 
6.75 -0.0532161 
6.8 -0.0580429 
6.85 -0.0629382 
6.9 -0.0679019 
6.95 -0.0729364 
7 -0.078042 
7.05 -0.0832165 
7.1 -0.0884651 
7.15 -0.0937871 
7.2 -0.0991818 
7.25 -0.104651 
7.3 -0.110195 
7.35 -0.115815 
7.4 -0.121512 
7.45 -0.127287 
7.5 -0.133139 
7.55 -0.139072 
7.6 -0.145083 
7.65 -0.151176 
7.7 -0.157349 
7.75 -0.163605 
7.8 -0.169945 
7.85 -0.176367 
7.9 -0.182874 
7.95 -0.189467 
8 -0.196146 
8.05 -0.202911 
8.1 -0.209764 
8.15 -0.216707 
8.2 -0.223738 
8.25 -0.230859 
8.3 -0.238071 
8.35 -0.245376 
8.4 -0.252773 
8.45 -0.260263 
8.5 -0.267847 
8.55 -0.275527 
8.6 -0.283301 
8.65 -0.291172 
8.7 -0.299141 
8.75 -0.307209 
8.8 -0.315375 
8.85 -0.323641 
8.9 -0.332008 
8.95 -0.340476 
9 -0.349047 
9.05 -0.35772 
9.1 -0.366497 
9.15 -0.375381 
9.2 -0.384367 
9.25 -0.393462 
9.3 -0.402664 
9.35 -0.411974 
9.4 -0.421393 
9.45 -0.430921 
9.5 -0.440559 
9.55 -0.450309 
9.6 -0.460171 
9.65 -0.470147 
9.7 -0.480235 
9.75 -0.490439 
9.8 -0.500759 
9.85 -0.511195 
9.9 -0.521748 
9.95 -0.532419 
10 -0.543208 
10.05 -0.554118 
10.1 -0.565147 
10.15 -0.576296 
10.2 -0.587571 
10.25 -0.598966 
10.3 -0.610486 
10.35 -0.622131 
10.4 -0.6339 
10.45 -0.645796 
10.5 -0.65782 
10.55 -0.66997 
10.6 -0.68225 
10.65 -0.694658 
10.7 -0.707199 
10.75 -0.71987 
10.8 -0.732671 
10.85 -0.745607 
10.9 -0.758676 
10.95 -0.77188 
11 -0.785219 
11.05 -0.798693 
11.1 -0.812306 
11.15 -0.826056 
11.2 -0.839944 
11.25 -0.853971 
11.3 -0.86814 
11.35 -0.882447 
11.4 -0.896897 
11.45 -0.911489 
11.5 -0.926226 
11.55 -0.941106 
11.6 -0.95613 
11.65 -0.971301 
11.7 -0.986617 
11.75 -1.00208 
11.8 -1.0177 
11.85 -1.03346 
11.9 -1.04937 
11.95 -1.06543 
12 -1.08164 
12.05 -1.09801 
12.1 -1.11452 
12.15 -1.13119 
12.2 -1.14802 
12.25 -1.165 
12.3 -1.18214 
12.35 -1.19943 
12.4 -1.21688 
12.45 -1.23448 
12.5 -1.25225 
12.55 -1.27018 
12.6 -1.28826 
12.65 -1.30651 
12.7 -1.32492 
12.75 -1.34349 
12.8 -1.36222 
12.85 -1.38112 
12.9 -1.40018 
12.95 -1.41941 
13 -1.4388 
13.05 -1.45836 
13.1 -1.47809 
13.15 -1.49798 
13.2 -1.51805 
13.25 -1.53828 
13.3 -1.55869 
13.35 -1.57926 
13.4 -1.60001 
13.45 -1.62092 
13.5 -1.64202 
13.55 -1.66328 
13.6 -1.68472 
13.65 -1.70633 
13.7 -1.72812 
13.75 -1.75008 
13.8 -1.77222 
13.85 -1.79454 
13.9 -1.81703 
13.95 -1.8397 
14 -1.86256 
14.05 -1.88559 
14.1 -1.9088 
14.15 -1.93219 
14.2 -1.95576 
14.25 -1.97952 
14.3 -2.00346 
14.35 -2.02758 
14.4 -2.05188 
14.45 -2.07637 
14.5 -2.10104 
14.55 -2.1259 
14.6 -2.15094 
14.65 -2.17617 
14.7 -2.20158 
14.75 -2.22719 
14.8 -2.25297 
14.85 -2.27895 
14.9 -2.30512 
14.95 -2.33148 
15 -2.35802 
15.05 -2.38476 
15.1 -2.41168 
15.15 -2.4388 
15.2 -2.4661 
15.25 -2.4936 
15.3 -2.52129 
15.35 -2.54918 
15.4 -2.57725 
15.45 -2.60552 
15.5 -2.63398 
15.55 -2.66264 
15.6 -2.69149 
15.65 -2.72054 
15.7 -2.74978 
15.75 -2.77922 
15.8 -2.80884 
15.85 -2.83867 
15.9 -2.8687 
15.95 -2.89891 
16 -2.92933 
16.05 -2.95995 
16.1 -2.99076 
16.15 -3.02177 
16.2 -3.05298 
16.25 -3.08438 
16.3 -3.11599 
16.35 -3.14779 
16.4 -3.17979 
16.45 -3.21199 
16.5 -3.24439 
16.55 -3.27699 
16.6 -3.30979 
16.65 -3.34278 
16.7 -3.37598 
16.75 -3.40938 
16.8 -3.44297 
16.85 -3.47677 
16.9 -3.51077 
16.95 -3.54497 
17 -3.57937 
17.05 -3.61397 
17.1 -3.64877 
17.15 -3.68378 
17.2 -3.71898 
17.25 -3.75438 
17.3 -3.78998 
17.35 -3.82579 
17.4 -3.86179 
17.45 -3.898 
17.5 -3.93441 
17.55 -3.97102 
17.6 -4.00783 
17.65 -4.04484 
17.7 -4.08204 
17.75 -4.11946 
17.8 -4.15707 
17.85 -4.19488 
17.9 -4.2329 
17.95 -4.2711 
18 -4.30952 
18.05 -4.34813 
18.1 -4.38694 
18.15 -4.42595 
18.2 -4.46516 
18.25 -4.50457 
18.3 -4.54418 
18.35 -4.58399 
18.4 -4.62399 
18.45 -4.6642 
18.5 -4.7046 
18.55 -4.7452 
18.6 -4.786 
18.65 -4.82699 
18.7 -4.86818 
18.75 -4.90956 
18.8 -4.95115 
18.85 -4.99292 
18.9 -5.0349 
18.95 -5.07707 
19 -5.11943 
19.05 -5.16199 
19.1 -5.20474 
19.15 -5.24768 
19.2 -5.29082 
19.25 -5.33415 
19.3 -5.37767 
19.35 -5.42138 
19.4 -5.46529 
19.45 -5.50938 
19.5 -5.55367 
19.55 -5.59814 
19.6 -5.64281 
19.65 -5.68766 
19.7 -5.7327 
19.75 -5.77792 
19.8 -5.82334 
19.85 -5.86894 
19.9 -5.91472 
19.95 -5.96069 
20 -6.00684 
20.05 -6.05318 
20.1 -6.0997 
20.15 -6.1464 
20.2 -6.19328 
20.25 -6.24034 
20.3 -6.28759 
20.35 -6.335 
20.4 -6.3826 
20.45 -6.43038 
20.5 -6.47834 
20.55 -6.52647 
20.6 -6.57478 
20.65 -6.62325 
20.7 -6.67191 
20.75 -6.72073 
20.8 -6.76973 
20.85 -6.8189 
20.9 -6.86823 
20.95 -6.91774 
21 -6.96741 
21.05 -7.01726 
21.1 -7.06727 
21.15 -7.11744 
21.2 -7.16777 
21.25 -7.21828 
21.3 -7.26893 
21.35 -7.31976 
21.4 -7.37074 
21.45 -7.42188 
21.5 -7.47319 
21.55 -7.52464 
21.6 -7.57626 
21.65 -7.62803 
21.7 -7.67995 
21.75 -7.73202 
21.8 -7.78425 
21.85 -7.83662 
21.9 -7.88914 
21.95 -7.94182 
22 -7.99464 
22.05 -8.04761 
22.1 -8.10071 
22.15 -8.15396 
22.2 -8.20736 
22.25 -8.26089 
22.3 -8.31456 
22.35 -8.36837 
22.4 -8.42232 
22.45 -8.4764 
22.5 -8.53061 
22.55 -8.58495 
22.6 -8.63944 
22.65 -8.69405 
22.7 -8.74878 
22.75 -8.80364 
22.8 -8.85864 
22.85 -8.91374 
22.9 -8.96898 
22.95 -9.02433 
23 -9.07981 
23.05 -9.13541 
23.1 -9.19112 
23.15 -9.24694 
23.2 -9.30288 
23.25 -9.35894 
23.3 -9.4151 
23.35 -9.47137 
23.4 -9.52775 
23.45 -9.58423 
23.5 -9.64081 
23.55 -9.69751 
23.6 -9.7543 
23.65 -9.81119 
23.7 -9.86819 
23.75 -9.92528 
23.8 -9.98246 
23.85 -10.0397 
23.9 -10.0971 
23.95 -10.1545 
24 -10.2121 
24.05 -10.2697 
24.1 -10.3274 
24.15 -10.3852 
24.2 -10.4431 
24.25 -10.5011 
24.3 -10.5591 
24.35 -10.6172 
24.4 -10.6754 
24.45 -10.7336 
24.5 -10.7919 
24.55 -10.8503 
24.6 -10.9088 
24.65 -10.9673 
24.7 -11.0259 
24.75 -11.0845 
24.8 -11.1432 
24.85 -11.202 
24.9 -11.2608 
24.95 -11.3197 
25 -11.3786 
25.05 -11.4376 
25.1 -11.4966 
25.15 -11.5557 
25.2 -11.6148 
25.25 -11.6739 
25.3 -11.7331 
25.35 -11.7923 
25.4 -11.8516 
25.45 -11.9109 
25.5 -11.9702 
25.55 -12.0296 
25.6 -12.0889 
25.65 -12.1483 
25.7 -12.2078 
25.75 -12.2672 
25.8 -12.3267 
25.85 -12.3862 
25.9 -12.4457 
25.95 -12.5052 
26 -12.5647 
26.05 -12.6243 
26.1 -12.6838 
26.15 -12.7434 
26.2 -12.8029 
26.25 -12.8625 
26.3 -12.922 
26.35 -12.9816 
26.4 -13.0411 
26.45 -13.1006 
26.5 -13.1602 
26.55 -13.2197 
26.6 -13.2792 
26.65 -13.3386 
26.7 -13.3981 
26.75 -13.4575 
26.8 -13.517 
26.85 -13.5763 
26.9 -13.6357 
26.95 -13.695 
27 -13.7543 
27.05 -13.8136 
27.1 -13.8728 
27.15 -13.932 
27.2 -13.9912 
27.25 -14.0503 
27.3 -14.1093 
27.35 -14.1684 
27.4 -14.2273 
27.45 -14.2862 
27.5 -14.3451 
27.55 -14.4039 
27.6 -14.4626 
27.65 -14.5213 
27.7 -14.5799 
27.75 -14.6385 
27.8 -14.697 
27.85 -14.7554 
27.9 -14.8137 
27.95 -14.872 
28 -14.9302 
28.05 -14.9883 
28.1 -15.0463 
28.15 -15.1042 
28.2 -15.1621 
28.25 -15.2199 
28.3 -15.2775 
28.35 -15.3351 
28.4 -15.3926 
28.45 -15.45 
28.5 -15.5073 
28.55 -15.5645 
28.6 -15.6216 
28.65 -15.6786 
28.7 -15.7355 
28.75 -15.7922 
28.8 -15.8489 
28.85 -15.9054 
28.9 -15.9618 
28.95 -16.0181 
29 -16.0743 
29.05 -16.1303 
29.1 -16.1862 
29.15 -16.242 
29.2 -16.2977 
29.25 -16.3532 
29.3 -16.4086 
29.35 -16.4639 
29.4 -16.519 
29.45 -16.574 
29.5 -16.6288 
29.55 -16.6835 
29.6 -16.738 
29.65 -16.7924 
29.7 -16.8466 
29.75 -16.9007 
29.8 -16.9546 
29.85 -17.0083 
29.9 -17.0619 
29.95 -17.1153 
30 -17.1686 
30.05 -17.2217 
30.1 -17.2746 
30.15 -17.3273 
30.2 -17.3798 
30.25 -17.4323 
30.3 -17.4845 
30.35 -17.5365 
30.4 -17.5883 
30.45 -17.64 
30.5 -17.6914 
30.55 -17.7427 
30.6 -17.7938 
30.65 -17.8446 
30.7 -17.8954 
30.75 -17.9458 
30.8 -17.9961 
30.85 -18.0462 
30.9 -18.0961 
30.95 -18.1457 
31 -18.1952 
31.05 -18.2444 
31.1 -18.2935 
31.15 -18.3423 
31.2 -18.3909 
31.25 -18.4392 
31.3 -18.4874 
31.35 -18.5353 
31.4 -18.583 
31.45 -18.6305 
31.5 -18.6777 
31.55 -18.7248 
31.6 -18.7715 
31.65 -18.8181 
31.7 -18.8644 
31.75 -18.9104 
31.8 -18.9563 
31.85 -19.0019 
31.9 -19.0472 
31.95 -19.0923 
32 -19.1371 
32.05 -19.1817 
32.1 -19.226 
32.15 -19.2701 
32.2 -19.314 
32.25 -19.3575 
32.3 -19.4008 
32.35 -19.4438 
32.4 -19.4866 
32.45 -19.5291 
32.5 -19.5714 
32.55 -19.6133 
32.6 -19.655 
32.65 -19.6965 
32.7 -19.7376 
32.75 -19.7785 
32.8 -19.8191 
32.85 -19.8594 
32.9 -19.8995 
32.95 -19.9392 
33 -19.9787 
33.05 -20.0178 
33.1 -20.0567 
33.15 -20.0954 
33.2 -20.1337 
33.25 -20.1717 
33.3 -20.2094 
33.35 -20.2469 
33.4 -20.284 
33.45 -20.3208 
33.5 -20.3574 
33.55 -20.3936 
33.6 -20.4295 
33.65 -20.4651 
33.7 -20.5005 
33.75 -20.5355 
33.8 -20.5702 
33.85 -20.6046 
33.9 -20.6387 
33.95 -20.6724 
34 -20.7059 
34.05 -20.7391 
34.1 -20.7718 
34.15 -20.8044 
34.2 -20.8365 
34.25 -20.8684 
34.3 -20.9 
34.35 -20.9312 
34.4 -20.9621 
34.45 -20.9926 
34.5 -21.0229 
34.55 -21.0528 
34.6 -21.0824 
34.65 -21.1116 
34.7 -21.1405 
34.75 -21.1691 
34.8 -21.1974 
34.85 -21.2253 
34.9 -21.2529 
34.95 -21.2801 
35 -21.307 
35.05 -21.3336 
35.1 -21.3598 
35.15 -21.3857 
35.2 -21.4112 
35.25 -21.4364 
35.3 -21.4613 
35.35 -21.4858 
35.4 -21.51 
35.45 -21.5338 
35.5 -21.5573 
35.55 -21.5804 
35.6 -21.6032 
35.65 -21.6256 
35.7 -21.6477 
35.75 -21.6694 
35.8 -21.6908 
35.85 -21.7118 
35.9 -21.7324 
35.95 -21.7528 
36 -21.7727 
36.05 -21.7923 
36.1 -21.8116 
36.15 -21.8305 
36.2 -21.849 
36.25 -21.8672 
36.3 -21.885 
36.35 -21.9024 
36.4 -21.9195 
36.45 -21.9363 
36.5 -21.9526 
36.55 -21.9687 
36.6 -21.9843 
36.65 -21.9996 
36.7 -22.0145 
36.75 -22.0291 
36.8 -22.0433 
36.85 -22.0571 
36.9 -22.0706 
36.95 -22.0838 
37 -22.0965 
37.05 -22.1089 
37.1 -22.1209 
37.15 -22.1325 
37.2 -22.1439 
37.25 -22.1548 
37.3 -22.1653 
37.35 -22.1755 
37.4 -22.1853 
37.45 -22.1948 
37.5 -22.2039 
37.55 -22.2126 
37.6 -22.221 
37.65 -22.229 
37.7 -22.2366 
37.75 -22.2438 
37.8 -22.2507 
37.85 -22.2572 
37.9 -22.2634 
37.95 -22.2692 
38 -22.2746 
38.05 -22.2797 
38.1 -22.2844 
38.15 -22.2887 
38.2 -22.2927 
38.25 -22.2962 
38.3 -22.2995 
38.35 -22.3023 
38.4 -22.3048 
38.45 -22.307 
38.5 -22.3087 
38.55 -22.3101 
38.6 -22.3112 
38.65 -22.3118 
38.7 -22.3121 
38.75 -22.3121 
38.8 -22.3116 
38.85 -22.3109 
38.9 -22.3097 
38.95 -22.3082 
39 -22.3063 
39.05 -22.3041 
39.1 -22.3015 
39.15 -22.2986 
39.2 -22.2953 
39.25 -22.2916 
39.3 -22.2875 
39.35 -22.2832 
39.4 -22.2784 
39.45 -22.2733 
39.5 -22.2679 
39.55 -22.2621 
39.6 -22.2559 
39.65 -22.2493 
39.7 -22.2425 
39.75 -22.2352 
39.8 -22.2276 
39.85 -22.2197 
39.9 -22.2114 
39.95 -22.2028 
40 -22.1938 
40.05 -22.1844 
40.1 -22.1747 
40.15 -22.1647 
40.2 -22.1543 
40.25 -22.1436 
40.3 -22.1325 
40.35 -22.1211 
40.4 -22.1094 
40.45 -22.0972 
40.5 -22.0848 
40.55 -22.072 
40.6 -22.0589 
40.65 -22.0454 
40.7 -22.0316 
40.75 -22.0175 
40.8 -22.003 
40.85 -21.9882 
40.9 -21.973 
40.95 -21.9576 
41 -21.9417 
41.05 -21.9256 
41.1 -21.9091 
41.15 -21.8923 
41.2 -21.8752 
41.25 -21.8578 
41.3 -21.84 
41.35 -21.8219 
41.4 -21.8035 
41.45 -21.7847 
41.5 -21.7656 
41.55 -21.7463 
41.6 -21.7265 
41.65 -21.7065 
41.7 -21.6862 
41.75 -21.6655 
41.8 -21.6445 
41.85 -21.6233 
41.9 -21.6017 
41.95 -21.5798 
42 -21.5576 
42.05 -21.5351 
42.1 -21.5123 
42.15 -21.4891 
42.2 -21.4657 
42.25 -21.442 
42.3 -21.418 
42.35 -21.3936 
42.4 -21.369 
42.45 -21.3441 
42.5 -21.3189 
42.55 -21.2934 
42.6 -21.2676 
42.65 -21.2415 
42.7 -21.2151 
42.75 -21.1884 
42.8 -21.1615 
42.85 -21.1342 
42.9 -21.1067 
42.95 -21.0789 
43 -21.0508 
43.05 -21.0225 
43.1 -20.9939 
43.15 -20.9649 
43.2 -20.9357 
43.25 -20.9063 
43.3 -20.8766 
43.35 -20.8466 
43.4 -20.8163 
43.45 -20.7858 
43.5 -20.755 
43.55 -20.7239 
43.6 -20.6926 
43.65 -20.661 
43.7 -20.6292 
43.75 -20.5971 
43.8 -20.5648 
43.85 -20.5322 
43.9 -20.4993 
43.95 -20.4662 
44 -20.4329 
44.05 -20.3993 
44.1 -20.3654 
44.15 -20.3313 
44.2 -20.297 
44.25 -20.2625 
44.3 -20.2277 
44.35 -20.1927 
44.4 -20.1574 
44.45 -20.1219 
44.5 -20.0861 
44.55 -20.0502 
44.6 -20.014 
44.65 -19.9776 
44.7 -19.941 
44.75 -19.9041 
44.8 -19.867 
44.85 -19.8297 
44.9 -19.7922 
44.95 -19.7545 
45 -19.7166 
45.05 -19.6784 
45.1 -19.64 
45.15 -19.6015 
45.2 -19.5627 
45.25 -19.5237 
45.3 -19.4845 
45.35 -19.4452 
45.4 -19.4056 
45.45 -19.3658 
45.5 -19.3258 
45.55 -19.2857 
45.6 -19.2453 
45.65 -19.2048 
45.7 -19.1641 
45.75 -19.1231 
45.8 -19.082 
45.85 -19.0407 
45.9 -18.9993 
45.95 -18.9576 
46 -18.9158 
46.05 -18.8738 
46.1 -18.8316 
46.15 -18.7893 
46.2 -18.7468 
46.25 -18.7041 
46.3 -18.6613 
46.35 -18.6183 
46.4 -18.5751 
46.45 -18.5318 
46.5 -18.4883 
46.55 -18.4447 
46.6 -18.4009 
46.65 -18.3569 
46.7 -18.3128 
46.75 -18.2686 
46.8 -18.2242 
46.85 -18.1796 
46.9 -18.135 
46.95 -18.0901 
47 -18.0452 
47.05 -18.0001 
47.1 -17.9549 
47.15 -17.9095 
47.2 -17.864 
47.25 -17.8184 
47.3 -17.7726 
47.35 -17.7267 
47.4 -17.6807 
47.45 -17.6346 
47.5 -17.5883 
47.55 -17.5419 
47.6 -17.4954 
47.65 -17.4488 
47.7 -17.4021 
47.75 -17.3553 
47.8 -17.3083 
47.85 -17.2613 
47.9 -17.2142 
47.95 -17.1669 
48 -17.1195 
48.05 -17.0721 
48.1 -17.0245 
48.15 -16.9769 
48.2 -16.9291 
48.25 -16.8812 
48.3 -16.8333 
48.35 -16.7853 
48.4 -16.7371 
48.45 -16.689 
48.5 -16.6407 
48.55 -16.5923 
48.6 -16.5438 
48.65 -16.4953 
48.7 -16.4467 
48.75 -16.398 
48.8 -16.3492 
48.85 -16.3004 
48.9 -16.2515 
48.95 -16.2025 
49 -16.1535 
49.05 -16.1044 
49.1 -16.0553 
49.15 -16.006 
49.2 -15.9567 
49.25 -15.9074 
49.3 -15.858 
49.35 -15.8085 
49.4 -15.759 
49.45 -15.7094 
49.5 -15.6598 
49.55 -15.6102 
49.6 -15.5605 
49.65 -15.5107 
49.7 -15.4609 
49.75 -15.4111 
49.8 -15.3612 
49.85 -15.3113 
49.9 -15.2614 
49.95 -15.2114 
50 -15.1614 
50.05 -15.1113 
50.1 -15.0612 
50.15 -15.0111 
50.2 -14.961 
50.25 -14.9109 
50.3 -14.8607 
50.35 -14.8105 
50.4 -14.7603 
50.45 -14.71 
50.5 -14.6597 
50.55 -14.6095 
50.6 -14.5592 
50.65 -14.5089 
50.7 -14.4586 
50.75 -14.4083 
50.8 -14.3579 
50.85 -14.3076 
50.9 -14.2573 
50.95 -14.2069 
51 -14.1566 
51.05 -14.1063 
51.1 -14.0559 
51.15 -14.0056 
51.2 -13.9553 
51.25 -13.9049 
51.3 -13.8546 
51.35 -13.8043 
51.4 -13.754 
51.45 -13.7037 
51.5 -13.6534 
51.55 -13.6032 
51.6 -13.5529 
51.65 -13.5027 
51.7 -13.4525 
51.75 -13.4023 
51.8 -13.3521 
51.85 -13.302 
51.9 -13.2519 
51.95 -13.2018 
52 -13.1517 
52.05 -13.1017 
52.1 -13.0516 
52.15 -13.0017 
52.2 -12.9517 
52.25 -12.9018 
52.3 -12.8519 
52.35 -12.8021 
52.4 -12.7523 
52.45 -12.7025 
52.5 -12.6528 
52.55 -12.6031 
52.6 -12.5535 
52.65 -12.5039 
52.7 -12.4543 
52.75 -12.4048 
52.8 -12.3553 
52.85 -12.3059 
52.9 -12.2566 
52.95 -12.2072 
53 -12.158 
53.05 -12.1088 
53.1 -12.0596 
53.15 -12.0105 
53.2 -11.9615 
53.25 -11.9125 
53.3 -11.8636 
53.35 -11.8147 
53.4 -11.7659 
53.45 -11.7172 
53.5 -11.6685 
53.55 -11.6199 
53.6 -11.5713 
53.65 -11.5229 
53.7 -11.4745 
53.75 -11.4261 
53.8 -11.3778 
53.85 -11.3296 
53.9 -11.2815 
53.95 -11.2335 
54 -11.1855 
54.05 -11.1376 
54.1 -11.0897 
54.15 -11.042 
54.2 -10.9943 
54.25 -10.9467 
54.3 -10.8992 
54.35 -10.8517 
54.4 -10.8044 
54.45 -10.7571 
54.5 -10.7099 
54.55 -10.6628 
54.6 -10.6158 
54.65 -10.5688 
54.7 -10.522 
54.75 -10.4752 
54.8 -10.4286 
54.85 -10.382 
54.9 -10.3355 
54.95 -10.2891 
55 -10.2428 
55.05 -10.1965 
55.1 -10.1504 
55.15 -10.1044 
55.2 -10.0585 
55.25 -10.0126 
55.3 -9.96689 
55.35 -9.92124 
55.4 -9.8757 
55.45 -9.83025 
55.5 -9.78492 
55.55 -9.73966 
55.6 -9.69452 
55.65 -9.64947 
55.7 -9.60453 
55.75 -9.5597 
55.8 -9.51497 
55.85 -9.47034 
55.9 -9.42581 
55.95 -9.3814 
56 -9.3371 
56.05 -9.29289 
56.1 -9.24878 
56.15 -9.20479 
56.2 -9.16092 
56.25 -9.11716 
56.3 -9.0735 
56.35 -9.02995 
56.4 -8.98652 
56.45 -8.9432 
56.5 -8.89999 
56.55 -8.85688 
56.6 -8.81391 
56.65 -8.77103 
56.7 -8.72829 
56.75 -8.68564 
56.8 -8.64312 
56.85 -8.60071 
56.9 -8.55842 
56.95 -8.51625 
57 -8.47418 
57.05 -8.43224 
57.1 -8.39044 
57.15 -8.34874 
57.2 -8.30716 
57.25 -8.2657 
57.3 -8.22436 
57.35 -8.18314 
57.4 -8.14205 
57.45 -8.10108 
57.5 -8.06022 
57.55 -8.01949 
57.6 -7.97889 
57.65 -7.9384 
57.7 -7.89804 
57.75 -7.85781 
57.8 -7.8177 
57.85 -7.7777 
57.9 -7.73784 
57.95 -7.69812 
58 -7.65851 
58.05 -7.61902 
58.1 -7.57966 
58.15 -7.54043 
58.2 -7.50133 
58.25 -7.46235 
58.3 -7.42351 
58.35 -7.38478 
58.4 -7.34619 
58.45 -7.30772 
58.5 -7.26939 
58.55 -7.23118 
58.6 -7.19311 
58.65 -7.15516 
58.7 -7.11734 
58.75 -7.07965 
58.8 -7.04209 
58.85 -7.00465 
58.9 -6.96736 
58.95 -6.93019 
59 -6.89315 
59.05 -6.85624 
59.1 -6.81947 
59.15 -6.78282 
59.2 -6.74631 
59.25 -6.70993 
59.3 -6.67368 
59.35 -6.63757 
59.4 -6.60158 
59.45 -6.56572 
59.5 -6.53 
59.55 -6.4944 
59.6 -6.45895 
59.65 -6.42363 
59.7 -6.38844 
59.75 -6.35337 
59.8 -6.31845 
59.85 -6.28365 
59.9 -6.249 
59.95 -6.21446 
60 -6.18007 
60.05 -6.1458 
60.1 -6.11168 
60.15 -6.07769 
60.2 -6.04382 
60.25 -6.01009 
60.3 -5.9765 
60.35 -5.94304 
60.4 -5.9097 
60.45 -5.87651 
60.5 -5.84344 
60.55 -5.81051 
60.6 -5.77772 
60.65 -5.74505 
60.7 -5.71253 
60.75 -5.68012 
60.8 -5.64786 
60.85 -5.61573 
60.9 -5.58373 
60.95 -5.55188 
61 -5.52014 
61.05 -5.48853 
61.1 -5.45707 
61.15 -5.42574 
61.2 -5.39453 
61.25 -5.36346 
61.3 -5.33254 
61.35 -5.30173 
61.4 -5.27106 
61.45 -5.24052 
61.5 -5.21011 
61.55 -5.17984 
61.6 -5.1497 
61.65 -5.11968 
61.7 -5.08979 
61.75 -5.06005 
61.8 -5.03044 
61.85 -5.00094 
61.9 -4.9716 
61.95 -4.94237 
62 -4.91328 
62.05 -4.88431 
62.1 -4.85548 
62.15 -4.82678 
62.2 -4.79821 
62.25 -4.76977 
62.3 -4.74146 
62.35 -4.71327 
62.4 -4.68521 
62.45 -4.65731 
62.5 -4.62951 
62.55 -4.60183 
62.6 -4.57431 
62.65 -4.5469 
62.7 -4.51962 
62.75 -4.49246 
62.8 -4.46544 
62.85 -4.43854 
62.9 -4.41177 
62.95 -4.38514 
63 -4.35863 
63.05 -4.33223 
63.1 -4.30597 
63.15 -4.27984 
63.2 -4.25383 
63.25 -4.22794 
63.3 -4.20219 
63.35 -4.17655 
63.4 -4.15104 
63.45 -4.12566 
63.5 -4.10041 
63.55 -4.07527 
63.6 -4.05027 
63.65 -4.02538 
63.7 -4.00062 
63.75 -3.97598 
63.8 -3.95147 
63.85 -3.92707 
63.9 -3.9028 
63.95 -3.87865 
64 -3.85463 
64.05 -3.83071 
64.1 -3.80693 
64.15 -3.78326 
64.2 -3.75972 
64.25 -3.73631 
64.3 -3.71299 
64.35 -3.68982 
64.4 -3.66675 
64.45 -3.64381 
64.5 -3.62098 
64.55 -3.59828 
64.6 -3.57569 
64.65 -3.55322 
64.7 -3.53087 
64.75 -3.50863 
64.8 -3.48651 
64.85 -3.46452 
64.9 -3.44263 
64.95 -3.42085 
65 -3.3992 
65.05 -3.37766 
65.1 -3.35624 
65.15 -3.33492 
65.2 -3.31373 
65.25 -3.29265 
65.3 -3.27168 
65.35 -3.25082 
65.4 -3.23008 
65.45 -3.20945 
65.5 -3.18893 
65.55 -3.16852 
65.6 -3.14823 
65.65 -3.12805 
65.7 -3.10798 
65.75 -3.08801 
65.8 -3.06817 
65.85 -3.04843 
65.9 -3.02879 
65.95 -3.00927 
66 -2.98985 
66.05 -2.97055 
66.1 -2.95134 
66.15 -2.93225 
66.2 -2.91327 
66.25 -2.89439 
66.3 -2.87562 
66.35 -2.85695 
66.4 -2.83839 
66.45 -2.81994 
66.5 -2.80158 
66.55 -2.78334 
66.6 -2.76519 
66.65 -2.74716 
66.7 -2.72923 
66.75 -2.7114 
66.8 -2.69367 
66.85 -2.67604 
66.9 -2.65852 
66.95 -2.6411 
67 -2.62378 
67.05 -2.60655 
67.1 -2.58943 
67.15 -2.5724 
67.2 -2.55548 
67.25 -2.53867 
67.3 -2.52194 
67.35 -2.50531 
67.4 -2.4888 
67.45 -2.47235 
67.5 -2.45603 
67.55 -2.43979 
67.6 -2.42366 
67.65 -2.4076 
67.7 -2.39166 
67.75 -2.37581 
67.8 -2.36005 
67.85 -2.34439 
67.9 -2.32882 
67.95 -2.31334 
68 -2.29796 
68.05 -2.28267 
68.1 -2.26747 
68.15 -2.25237 
68.2 -2.23736 
68.25 -2.22243 
68.3 -2.20761 
68.35 -2.19286 
68.4 -2.17821 
68.45 -2.16366 
68.5 -2.14919 
68.55 -2.1348 
68.6 -2.12051 
68.65 -2.1063 
68.7 -2.09218 
68.75 -2.07815 
68.8 -2.06422 
68.85 -2.05036 
68.9 -2.03659 
68.95 -2.0229 
69 -2.0093 
69.05 -1.99579 
69.1 -1.98236 
69.15 -1.96901 
69.2 -1.95575 
69.25 -1.94257 
69.3 -1.92948 
69.35 -1.91646 
69.4 -1.90353 
69.45 -1.89068 
69.5 -1.87792 
69.55 -1.86523 
69.6 -1.85263 
69.65 -1.8401 
69.7 -1.82766 
69.75 -1.8153 
69.8 -1.80301 
69.85 -1.7908 
69.9 -1.77867 
69.95 -1.76662 
70 -1.75464 
70.05 -1.74275 
70.1 -1.73093 
70.15 -1.71919 
70.2 -1.70752 
70.25 -1.69593 
70.3 -1.68441 
70.35 -1.67297 
70.4 -1.6616 
70.45 -1.65031 
70.5 -1.63909 
70.55 -1.62794 
70.6 -1.61688 
70.65 -1.60588 
70.7 -1.59495 
70.75 -1.58409 
70.8 -1.57331 
70.85 -1.56259 
70.9 -1.55195 
70.95 -1.54138 
71 -1.53088 
71.05 -1.52045 
71.1 -1.51008 
71.15 -1.49979 
71.2 -1.48956 
71.25 -1.47941 
71.3 -1.46931 
71.35 -1.45929 
71.4 -1.44934 
71.45 -1.43945 
71.5 -1.42962 
71.55 -1.41987 
71.6 -1.41017 
71.65 -1.40056 
71.7 -1.39099 
71.75 -1.38149 
71.8 -1.37206 
71.85 -1.36269 
71.9 -1.35339 
71.95 -1.34415 
72 -1.33497 
72.05 -1.32585 
72.1 -1.31679 
72.15 -1.3078 
72.2 -1.29887 
72.25 -1.29 
72.3 -1.28119 
72.35 -1.27244 
72.4 -1.26375 
72.45 -1.25512 
72.5 -1.24654 
72.55 -1.23803 
72.6 -1.22957 
72.65 -1.22118 
72.7 -1.21284 
72.75 -1.20456 
72.8 -1.19634 
72.85 -1.18817 
72.9 -1.18006 
72.95 -1.17201 
73 -1.16401 
73.05 -1.15606 
73.1 -1.14818 
73.15 -1.14034 
73.2 -1.13256 
73.25 -1.12484 
73.3 -1.11717 
73.35 -1.10955 
73.4 -1.10199 
73.45 -1.09448 
73.5 -1.08702 
73.55 -1.07961 
73.6 -1.07226 
73.65 -1.06495 
73.7 -1.0577 
73.75 -1.0505 
73.8 -1.04335 
73.85 -1.03625 
73.9 -1.0292 
73.95 -1.0222 
74 -1.01525 
74.05 -1.00834 
74.1 -1.00149 
74.15 -0.994684 
74.2 -0.98793 
74.25 -0.981217 
74.3 -0.974557 
74.35 -0.967948 
74.4 -0.961376 
74.45 -0.954851 
74.5 -0.948378 
74.55 -0.941948 
74.6 -0.935568 
74.65 -0.929231 
74.7 -0.922936 
74.75 -0.916688 
74.8 -0.910488 
74.85 -0.904328 
74.9 -0.898212 
74.95 -0.892145 
75 -0.886115 
75.05 -0.880129 
75.1 -0.874188 
75.15 -0.868287 
75.2 -0.862431 
75.25 -0.856615 
75.3 -0.850842 
75.35 -0.845109 
75.4 -0.839417 
75.45 -0.833768 
75.5 -0.828155 
75.55 -0.822589 
75.6 -0.817059 
75.65 -0.81157 
75.7 -0.806119 
75.75 -0.800713 
75.8 -0.795336 
75.85 -0.790003 
75.9 -0.784707 
75.95 -0.779452 
76 -0.774232 
76.05 -0.769052 
76.1 -0.763907 
76.15 -0.758801 
76.2 -0.753732 
76.25 -0.748697 
76.3 -0.743698 
76.35 -0.738738 
76.4 -0.733812 
76.45 -0.728925 
76.5 -0.724073 
76.55 -0.719256 
76.6 -0.71447 
76.65 -0.709719 
76.7 -0.705006 
76.75 -0.700323 
76.8 -0.695679 
76.85 -0.691059 
76.9 -0.686483 
76.95 -0.681934 
77 -0.677423 
77.05 -0.672937 
77.1 -0.66849 
77.15 -0.664074 
77.2 -0.65969 
77.25 -0.655336 
77.3 -0.651016 
77.35 -0.646727 
77.4 -0.642466 
77.45 -0.638236 
77.5 -0.63404 
77.55 -0.629871 
77.6 -0.625737 
77.65 -0.62163 
77.7 -0.617551 
77.75 -0.613504 
77.8 -0.609485 
77.85 -0.605494 
77.9 -0.601534 
77.95 -0.597602 
78 -0.593696 
78.05 -0.589821 
78.1 -0.585975 
78.15 -0.582157 
78.2 -0.578362 
78.25 -0.574604 
78.3 -0.570863 
78.35 -0.567151 
78.4 -0.563469 
78.45 -0.559811 
78.5 -0.556182 
78.55 -0.552571 
78.6 -0.548999 
78.65 -0.545444 
78.7 -0.541915 
78.75 -0.538414 
78.8 -0.534939 
78.85 -0.531485 
78.9 -0.528061 
78.95 -0.524653 
79 -0.521279 
79.05 -0.517924 
79.1 -0.514593 
79.15 -0.51129 
79.2 -0.508009 
79.25 -0.50475 
79.3 -0.501512 
79.35 -0.498301 
79.4 -0.495114 
79.45 -0.491947 
79.5 -0.488803 
79.55 -0.485683 
79.6 -0.482581 
79.65 -0.479505 
79.7 -0.476447 
79.75 -0.473414 
79.8 -0.470402 
79.85 -0.467412 
79.9 -0.464444 
79.95 -0.461492 
80 -0.458567 
80.05 -0.455659 
80.1 -0.452773 
80.15 -0.449905 
80.2 -0.447059 
80.25 -0.444236 
80.3 -0.441429 
80.35 -0.438641 
80.4 -0.435874 
80.45 -0.433125 
80.5 -0.430397 
80.55 -0.427689 
80.6 -0.425001 
80.65 -0.42233 
80.7 -0.419674 
80.75 -0.41704 
80.8 -0.414425 
80.85 -0.411829 
80.9 -0.409249 
80.95 -0.406685 
81 -0.404142 
81.05 -0.40161 
81.1 -0.399102 
81.15 -0.396612 
81.2 -0.394139 
81.25 -0.391678 
81.3 -0.389237 
81.35 -0.386813 
81.4 -0.384405 
81.45 -0.382012 
81.5 -0.379639 
81.55 -0.377279 
81.6 -0.374934 
81.65 -0.372606 
81.7 -0.37029 
81.75 -0.367998 
81.8 -0.365719 
81.85 -0.36345 
81.9 -0.361204 
81.95 -0.358969 
82 -0.356746 
82.05 -0.354539 
82.1 -0.35235 
82.15 -0.350174 
82.2 -0.348014 
82.25 -0.345867 
82.3 -0.343731 
82.35 -0.341609 
82.4 -0.339505 
82.45 -0.337414 
82.5 -0.335335 
82.55 -0.33327 
82.6 -0.33122 
82.65 -0.32918 
82.7 -0.327156 
82.75 -0.325145 
82.8 -0.323146 
82.85 -0.321161 
82.9 -0.319188 
82.95 -0.317228 
83 -0.315276 
83.05 -0.313346 
83.1 -0.31142 
83.15 -0.309505 
83.2 -0.307607 
83.25 -0.30572 
83.3 -0.303847 
83.35 -0.301983 
83.4 -0.300129 
83.45 -0.298287 
83.5 -0.296455 
83.55 -0.29464 
83.6 -0.292832 
83.65 -0.291034 
83.7 -0.289252 
83.75 -0.287478 
83.8 -0.285714 
83.85 -0.283957 
83.9 -0.282216 
83.95 -0.280483 
84 -0.278761 
84.05 -0.277048 
84.1 -0.275348 
84.15 -0.273655 
84.2 -0.271974 
84.25 -0.270301 
84.3 -0.268641 
84.35 -0.266987 
84.4 -0.265347 
84.45 -0.263711 
84.5 -0.262085 
84.55 -0.260473 
84.6 -0.258864 
84.65 -0.257268 
84.7 -0.255678 
84.75 -0.2541 
84.8 -0.252528 
84.85 -0.250963 
84.9 -0.249413 
84.95 -0.247867 
85 -0.246331 
85.05 -0.244802 
85.1 -0.24328 
85.15 -0.241767 
85.2 -0.240265 
85.25 -0.238767 
85.3 -0.237277 
85.35 -0.235798 
85.4 -0.234325 
85.45 -0.232856 
85.5 -0.231399 
85.55 -0.22995 
85.6 -0.228504 
85.65 -0.227065 
85.7 -0.225637 
85.75 -0.224214 
85.8 -0.222798 
85.85 -0.221386 
85.9 -0.21998 
85.95 -0.218585 
86 -0.217194 
86.05 -0.215811 
86.1 -0.214432 
86.15 -0.213064 
86.2 -0.211697 
86.25 -0.210336 
86.3 -0.208981 
86.35 -0.207634 
86.4 -0.206292 
86.45 -0.204954 
86.5 -0.203621 
86.55 -0.202295 
86.6 -0.200975 
86.65 -0.199662 
86.7 -0.198348 
86.75 -0.197038 
86.8 -0.195739 
86.85 -0.194441 
86.9 -0.193147 
86.95 -0.191859 
87 -0.190574 
87.05 -0.189298 
87.1 -0.18802 
87.15 -0.186744 
87.2 -0.185479 
87.25 -0.184214 
87.3 -0.18295 
87.35 -0.181691 
87.4 -0.180439 
87.45 -0.179188 
87.5 -0.177932 
87.55 -0.176687 
87.6 -0.175443 
87.65 -0.1742 
87.7 -0.172957 
87.75 -0.171721 
87.8 -0.170482 
87.85 -0.169246 
87.9 -0.168011 
87.95 -0.166778 
88 -0.165548 
88.05 -0.164313 
88.1 -0.163083 
88.15 -0.161849 
88.2 -0.16062 
88.25 -0.159385 
88.3 -0.158155 
88.35 -0.156921 
88.4 -0.155686 
88.45 -0.154449 
88.5 -0.153211 
88.55 -0.151973 
88.6 -0.150728 
88.65 -0.149485 
88.7 -0.148239 
88.75 -0.146986 
88.8 -0.14573 
88.85 -0.14447 
88.9 -0.143206 
88.95 -0.141939 
89 -0.140664 
89.05 -0.139383 
89.1 -0.138099 
89.15 -0.136806 
89.2 -0.135505 
89.25 -0.134199 
89.3 -0.132887 
89.35 -0.131562 
89.4 -0.130237 
89.45 -0.128892 
89.5 -0.127546 
89.55 -0.126186 
89.6 -0.124815 
89.65 -0.123433 
89.7 -0.12204 
89.75 -0.120635 
89.8 -0.119219 
89.85 -0.11779 
89.9 -0.116347 
89.95 -0.114886 
90 -0.113415 
90.05 -0.111928 
90.1 -0.110425 
90.15 -0.108907 
90.2 -0.107372 
90.25 -0.105819 
90.3 -0.10425 
90.35 -0.10266 
90.4 -0.101054 
90.45 -0.0994271 
90.5 -0.0977819 
90.55 -0.0961146 
90.6 -0.0944302 
90.65 -0.0927236 
90.7 -0.0909943 
90.75 -0.0892455 
90.8 -0.0874723 
90.85 -0.0856768 
90.9 -0.0838587 
90.95 -0.082018 
91 -0.0801492 
91.05 -0.0782604 
91.1 -0.0763452 
91.15 -0.0744065 
91.2 -0.0724422 
91.25 -0.0704485 
91.3 -0.0684318 
91.35 -0.0663885 
91.4 -0.0643188 
91.45 -0.0622235 
91.5 -0.060099 
91.55 -0.0579464 
91.6 -0.0557707 
91.65 -0.0535633 
91.7 -0.0513325 
91.75 -0.0490685 
91.8 -0.0467805 
91.85 -0.044463 
91.9 -0.0421187 
91.95 -0.039745 
92 -0.0373444 
92.05 -0.0349146 
92.1 -0.032456 
92.15 -0.0299706 
92.2 -0.0274531 
92.25 -0.0249142 
92.3 -0.0223444 
92.35 -0.0197467 
92.4 -0.0171198 
92.45 -0.0144661 
92.5 -0.0117876 
92.55 -0.00907876 
92.6 -0.00634795 
92.65 -0.00358592 
92.7 -0.00079856 
92.75 0.00201329 
92.8 0.00485019 
92.85 0.00771532 
92.9 0.0106005 
92.95 0.0135161 
93 0.0164533 
93.05 0.0194137 
93.1 0.0223977 
93.15 0.0254041 
93.2 0.0284348 
93.25 0.0314874 
93.3 0.0345602 
93.35 0.0376517 
93.4 0.0407658 
93.45 0.0439011 
93.5 0.0470524 
93.55 0.0502246 
93.6 0.0534145 
93.65 0.056621 
93.7 0.0598428 
93.75 0.0630833 
93.8 0.0663387 
93.85 0.0696081 
93.9 0.0728935 
93.95 0.0761903 
94 0.0794998 
94.05 0.0828237 
94.1 0.086156 
94.15 0.0895026 
94.2 0.0928553 
94.25 0.0962181 
94.3 0.0995907 
94.35 0.102969 
94.4 0.106355 
94.45 0.109749 
94.5 0.113146 
94.55 0.11655 
94.6 0.119956 
94.65 0.123364 
94.7 0.126778 
94.75 0.130191 
94.8 0.133607 
94.85 0.137019 
94.9 0.140433 
94.95 0.143846 
95 0.147256 
95.05 0.150661 
95.1 0.154064 
95.15 0.157465 
95.2 0.160855 
95.25 0.164242 
95.3 0.167624 
95.35 0.170996 
95.4 0.174361 
95.45 0.177714 
95.5 0.181059 
95.55 0.184394 
95.6 0.18772 
95.65 0.191032 
95.7 0.194328 
95.75 0.197616 
95.8 0.200887 
95.85 0.204144 
95.9 0.207387 
95.95 0.210612 
96 0.21382 
96.05 0.217013 
96.1 0.220187 
96.15 0.223344 
96.2 0.226482 
96.25 0.229596 
96.3 0.232693 
96.35 0.235768 
96.4 0.238823 
96.45 0.241854 
96.5 0.244865 
96.55 0.247852 
96.6 0.250816 
96.65 0.253755 
96.7 0.256671 
96.75 0.259559 
96.8 0.262425 
96.85 0.265263 
96.9 0.268076 
96.95 0.270863 
97 0.273621 
97.05 0.276354 
97.1 0.279055 
97.15 0.281732 
97.2 0.28438 
97.25 0.286998 
97.3 0.289585 
97.35 0.292146 
97.4 0.294677 
97.45 0.297177 
97.5 0.299644 
97.55 0.302083 
97.6 0.304492 
97.65 0.306869 
97.7 0.309215 
97.75 0.311528 
97.8 0.313812 
97.85 0.316061 
97.9 0.318282 
97.95 0.320468 
98 0.322623 
98.05 0.324744 
98.1 0.326834 
98.15 0.32889 
98.2 0.330914 
98.25 0.332903 
98.3 0.334864 
98.35 0.336788 
98.4 0.338681 
98.45 0.34054 
98.5 0.342367 
98.55 0.34416 
98.6 0.34592 
98.65 0.347646 
98.7 0.349341 
98.75 0.351002 
98.8 0.35263 
98.85 0.354224 
98.9 0.355788 
98.95 0.357318 
99 0.358814 
99.05 0.360278 
99.1 0.361708 
99.15 0.363106 
99.2 0.364473 
99.25 0.365807 
99.3 0.36711 
99.35 0.36838 
99.4 0.369619 
99.45 0.370823 
99.5 0.371996 
99.55 0.37314 
99.6 0.374251 
99.65 0.375333 
99.7 0.37638 
99.75 0.377399 
99.8 0.378386 
99.85 0.379343 
99.9 0.38027 
99.95 0.381168 
100 0.382035 
100.05 0.38287 
100.1 0.383678 
100.15 0.384457 
100.2 0.385206 
100.25 0.385925 
100.3 0.386617 
100.35 0.387278 
100.4 0.387913 
100.45 0.388519 
100.5 0.389096 
100.55 0.38965 
100.6 0.390172 
100.65 0.390666 
100.7 0.391137 
100.75 0.39158 
100.8 0.391996 
100.85 0.392386 
100.9 0.39275 
100.95 0.393088 
101 0.393401 
101.05 0.393687 
101.1 0.39395 
101.15 0.394189 
101.2 0.394401 
101.25 0.394591 
101.3 0.394755 
101.35 0.394895 
101.4 0.395015 
101.45 0.395107 
101.5 0.395181 
101.55 0.395226 
101.6 0.395254 
101.65 0.395257 
101.7 0.395237 
101.75 0.395197 
101.8 0.395134 
101.85 0.395048 
101.9 0.394945 
101.95 0.394817 
102 0.394672 
102.05 0.394503 
102.1 0.394316 
102.15 0.39411 
102.2 0.393881 
102.25 0.393637 
102.3 0.39337 
102.35 0.393084 
102.4 0.392779 
102.45 0.392457 
102.5 0.392115 
102.55 0.391758 
102.6 0.391379 
102.65 0.390984 
102.7 0.390571 
102.75 0.390142 
102.8 0.389695 
102.85 0.389232 
102.9 0.38875 
102.95 0.388253 
103 0.38774 
103.05 0.387212 
103.1 0.386665 
103.15 0.386103 
103.2 0.385528 
103.25 0.384936 
103.3 0.384328 
103.35 0.383706 
103.4 0.383072 
103.45 0.382421 
103.5 0.381755 
103.55 0.381075 
103.6 0.380381 
103.65 0.379676 
103.7 0.378955 
103.75 0.378222 
103.8 0.377474 
103.85 0.376715 
103.9 0.375943 
103.95 0.375156 
104 0.374357 
104.05 0.373545 
104.1 0.372724 
104.15 0.37189 
104.2 0.371042 
104.25 0.370184 
104.3 0.369314 
104.35 0.368434 
104.4 0.367542 
104.45 0.366639 
104.5 0.365724 
104.55 0.364801 
104.6 0.363865 
104.65 0.362919 
104.7 0.361961 
104.75 0.360996 
104.8 0.360016 
104.85 0.359031 
104.9 0.358034 
104.95 0.357026 
105 0.356009 
105.05 0.354982 
105.1 0.353946 
105.15 0.352899 
105.2 0.351842 
105.25 0.350778 
105.3 0.349702 
105.35 0.348618 
105.4 0.347524 
105.45 0.346424 
105.5 0.345313 
105.55 0.344195 
105.6 0.343068 
105.65 0.341932 
105.7 0.340791 
105.75 0.33964 
105.8 0.338484 
105.85 0.337322 
105.9 0.336151 
105.95 0.334974 
106 0.333794 
106.05 0.332605 
106.1 0.331411 
106.15 0.33021 
106.2 0.329007 
106.25 0.327798 
106.3 0.326583 
106.35 0.325361 
106.4 0.32414 
106.45 0.322908 
106.5 0.321674 
106.55 0.320438 
106.6 0.319195 
106.65 0.317948 
106.7 0.3167 
106.75 0.315443 
106.8 0.314185 
106.85 0.312922 
106.9 0.311657 
106.95 0.310387 
107 0.309114 
107.05 0.307837 
107.1 0.306558 
107.15 0.305276 
107.2 0.303991 
107.25 0.302701 
107.3 0.301409 
107.35 0.300114 
107.4 0.298817 
107.45 0.297517 
107.5 0.296212 
107.55 0.294905 
107.6 0.293599 
107.65 0.292288 
107.7 0.290975 
107.75 0.289662 
107.8 0.288344 
107.85 0.287026 
107.9 0.285704 
107.95 0.284383 
108 0.283059 
108.05 0.281732 
108.1 0.280403 
108.15 0.279072 
108.2 0.277743 
108.25 0.276408 
108.3 0.275074 
108.35 0.273739 
108.4 0.272402 
108.45 0.271064 
108.5 0.269724 
108.55 0.268384 
108.6 0.267042 
108.65 0.2657 
108.7 0.264355 
108.75 0.26301 
108.8 0.261664 
108.85 0.260318 
108.9 0.25897 
108.95 0.257622 
109 0.256272 
109.05 0.25492 
109.1 0.253571 
