0 1.24612 
0.05 1.24281 
0.1 1.2395 
0.15 1.2362 
0.2 1.23292 
0.25 1.22964 
0.3 1.22637 
0.35 1.22311 
0.4 1.21986 
0.45 1.21663 
0.5 1.2134 
0.55 1.21017 
0.6 1.20696 
0.65 1.20376 
0.7 1.20057 
0.75 1.19739 
0.8 1.19422 
0.85 1.19106 
0.9 1.18791 
0.95 1.18477 
1 1.18163 
1.05 1.17851 
1.1 1.1754 
1.15 1.1723 
1.2 1.16921 
1.25 1.16612 
1.3 1.16305 
1.35 1.15999 
1.4 1.15694 
1.45 1.1539 
1.5 1.15087 
1.55 1.14785 
1.6 1.14484 
1.65 1.14184 
1.7 1.13885 
1.75 1.13587 
1.8 1.1329 
1.85 1.12995 
1.9 1.127 
1.95 1.12406 
2 1.12114 
2.05 1.11822 
2.1 1.11531 
2.15 1.11242 
2.2 1.10954 
2.25 1.10666 
2.3 1.1038 
2.35 1.10095 
2.4 1.09811 
2.45 1.09528 
2.5 1.09246 
2.55 1.08966 
2.6 1.08686 
2.65 1.08408 
2.7 1.08131 
2.75 1.07855 
2.8 1.0758 
2.85 1.07306 
2.9 1.07033 
2.95 1.06762 
3 1.06492 
3.05 1.06223 
3.1 1.05955 
3.15 1.05689 
3.2 1.05423 
3.25 1.05159 
3.3 1.04897 
3.35 1.04635 
3.4 1.04375 
3.45 1.04116 
3.5 1.03858 
3.55 1.03602 
3.6 1.03347 
3.65 1.03093 
3.7 1.02841 
3.75 1.0259 
3.8 1.0234 
3.85 1.02092 
3.9 1.01845 
3.95 1.01599 
4 1.01355 
4.05 1.01113 
4.1 1.00872 
4.15 1.00632 
4.2 1.00393 
4.25 1.00157 
4.3 0.999212 
4.35 0.996874 
4.4 0.994551 
4.45 0.992243 
4.5 0.989951 
4.55 0.987672 
4.6 0.985411 
4.65 0.983166 
4.7 0.980934 
4.75 0.978717 
4.8 0.976519 
4.85 0.974337 
4.9 0.972173 
4.95 0.970023 
5 0.967889 
5.05 0.965773 
5.1 0.963674 
5.15 0.961591 
5.2 0.959527 
5.25 0.957476 
5.3 0.955445 
5.35 0.953433 
5.4 0.951437 
5.45 0.949455 
5.5 0.947495 
5.55 0.945553 
5.6 0.943625 
5.65 0.941719 
5.7 0.939832 
5.75 0.937961 
5.8 0.936109 
5.85 0.934274 
5.9 0.93246 
5.95 0.930664 
6 0.928886 
6.05 0.92713 
6.1 0.925389 
6.15 0.923671 
6.2 0.921969 
6.25 0.920289 
6.3 0.918629 
6.35 0.916985 
6.4 0.915364 
6.45 0.913763 
6.5 0.912182 
6.55 0.910619 
6.6 0.909079 
6.65 0.907556 
6.7 0.906055 
6.75 0.904577 
6.8 0.903118 
6.85 0.901678 
6.9 0.90026 
6.95 0.898862 
7 0.89749 
7.05 0.896134 
7.1 0.8948 
7.15 0.89349 
7.2 0.892201 
7.25 0.890932 
7.3 0.889684 
7.35 0.888459 
7.4 0.887258 
7.45 0.886075 
7.5 0.884916 
7.55 0.883782 
7.6 0.882667 
7.65 0.881575 
7.7 0.880504 
7.75 0.879457 
7.8 0.878436 
7.85 0.877432 
7.9 0.876453 
7.95 0.875498 
8 0.874567 
8.05 0.873655 
8.1 0.872771 
8.15 0.871908 
8.2 0.87107 
8.25 0.870254 
8.3 0.869461 
8.35 0.868693 
8.4 0.867949 
8.45 0.867229 
8.5 0.866532 
8.55 0.865859 
8.6 0.86521 
8.65 0.864585 
8.7 0.863986 
8.75 0.86341 
8.8 0.862861 
8.85 0.862334 
8.9 0.861832 
8.95 0.861356 
9 0.860901 
9.05 0.860475 
9.1 0.860073 
9.15 0.859697 
9.2 0.859343 
9.25 0.859017 
9.3 0.858717 
9.35 0.858439 
9.4 0.858188 
9.45 0.857963 
9.5 0.857764 
9.55 0.85759 
9.6 0.857444 
9.65 0.857319 
9.7 0.857223 
9.75 0.857153 
9.8 0.857108 
9.85 0.85709 
9.9 0.857097 
9.95 0.857133 
10 0.857193 
10.05 0.857279 
10.1 0.857393 
10.15 0.857533 
10.2 0.857699 
10.25 0.857891 
10.3 0.858111 
10.35 0.858358 
10.4 0.858631 
10.45 0.858931 
10.5 0.859259 
10.55 0.859613 
10.6 0.859994 
10.65 0.860402 
10.7 0.860838 
10.75 0.861301 
10.8 0.861791 
10.85 0.862308 
10.9 0.862856 
10.95 0.863427 
11 0.864026 
11.05 0.864656 
11.1 0.86531 
11.15 0.865992 
11.2 0.866703 
11.25 0.867441 
11.3 0.868208 
11.35 0.869002 
11.4 0.869824 
11.45 0.870675 
11.5 0.871553 
11.55 0.87246 
11.6 0.873394 
11.65 0.874357 
11.7 0.875348 
11.75 0.876367 
11.8 0.877414 
11.85 0.878489 
11.9 0.879595 
11.95 0.880727 
12 0.881888 
12.05 0.883077 
12.1 0.884296 
12.15 0.885544 
12.2 0.886818 
12.25 0.888123 
12.3 0.889456 
12.35 0.890818 
12.4 0.892207 
12.45 0.893626 
12.5 0.895075 
12.55 0.896551 
12.6 0.898058 
12.65 0.899593 
12.7 0.901156 
12.75 0.902749 
12.8 0.90437 
12.85 0.906022 
12.9 0.907701 
12.95 0.909411 
13 0.911148 
13.05 0.912916 
13.1 0.914713 
13.15 0.916539 
13.2 0.918394 
13.25 0.920278 
13.3 0.922192 
13.35 0.924135 
13.4 0.926107 
13.45 0.928109 
13.5 0.930141 
13.55 0.932203 
13.6 0.934292 
13.65 0.936412 
13.7 0.93856 
13.75 0.94074 
13.8 0.942948 
13.85 0.945185 
13.9 0.947453 
13.95 0.949749 
14 0.952076 
14.05 0.954432 
14.1 0.956816 
14.15 0.959232 
14.2 0.961678 
14.25 0.964152 
14.3 0.966656 
14.35 0.96919 
14.4 0.971753 
14.45 0.974348 
14.5 0.976971 
14.55 0.979624 
14.6 0.982306 
14.65 0.985017 
14.7 0.98776 
14.75 0.990532 
14.8 0.993334 
14.85 0.996165 
14.9 0.999026 
14.95 1.00192 
15 1.00484 
15.05 1.00779 
15.1 1.01077 
15.15 1.01378 
15.2 1.01682 
15.25 1.01989 
15.3 1.02299 
15.35 1.02612 
15.4 1.02928 
15.45 1.03246 
15.5 1.03568 
15.55 1.03893 
15.6 1.04221 
15.65 1.04552 
15.7 1.04886 
15.75 1.05222 
15.8 1.05562 
15.85 1.05905 
15.9 1.0625 
15.95 1.06599 
16 1.06951 
16.05 1.07305 
16.1 1.07663 
16.15 1.08024 
16.2 1.08387 
16.25 1.08754 
16.3 1.09123 
16.35 1.09496 
16.4 1.09871 
16.45 1.1025 
16.5 1.10631 
16.55 1.11015 
16.6 1.11403 
16.65 1.11793 
16.7 1.12186 
16.75 1.12583 
16.8 1.12982 
16.85 1.13384 
16.9 1.13789 
16.95 1.14197 
17 1.14608 
17.05 1.15022 
17.1 1.15439 
17.15 1.15859 
17.2 1.16282 
17.25 1.16707 
17.3 1.17136 
17.35 1.17568 
17.4 1.18003 
17.45 1.1844 
17.5 1.1888 
17.55 1.19324 
17.6 1.1977 
17.65 1.2022 
17.7 1.20672 
17.75 1.21127 
17.8 1.21585 
17.85 1.22046 
17.9 1.2251 
17.95 1.22977 
18 1.23446 
18.05 1.23919 
18.1 1.24395 
18.15 1.24873 
18.2 1.25355 
18.25 1.25839 
18.3 1.26326 
18.35 1.26816 
18.4 1.27309 
18.45 1.27805 
18.5 1.28304 
18.55 1.28806 
18.6 1.2931 
18.65 1.29817 
18.7 1.30328 
18.75 1.30841 
18.8 1.31357 
18.85 1.31876 
18.9 1.32398 
18.95 1.32922 
19 1.3345 
19.05 1.3398 
19.1 1.34513 
19.15 1.35049 
19.2 1.35588 
19.25 1.3613 
19.3 1.36675 
19.35 1.37222 
19.4 1.37772 
19.45 1.38325 
19.5 1.38882 
19.55 1.3944 
19.6 1.40002 
19.65 1.40566 
19.7 1.41133 
19.75 1.41703 
19.8 1.42276 
19.85 1.42852 
19.9 1.4343 
19.95 1.44011 
20 1.44595 
20.05 1.45182 
20.1 1.45771 
20.15 1.46364 
20.2 1.46959 
20.25 1.47557 
20.3 1.48157 
20.35 1.4876 
20.4 1.49366 
20.45 1.49975 
20.5 1.50587 
20.55 1.51201 
20.6 1.51818 
20.65 1.52438 
20.7 1.53061 
20.75 1.53686 
20.8 1.54314 
20.85 1.54945 
20.9 1.55578 
20.95 1.56214 
21 1.56853 
21.05 1.57494 
21.1 1.58138 
21.15 1.58785 
21.2 1.59435 
21.25 1.60087 
21.3 1.60742 
21.35 1.61399 
21.4 1.62059 
21.45 1.62722 
21.5 1.63388 
21.55 1.64056 
21.6 1.64727 
21.65 1.654 
21.7 1.66076 
21.75 1.66755 
21.8 1.67436 
21.85 1.6812 
21.9 1.68807 
21.95 1.69496 
22 1.70187 
22.05 1.70882 
22.1 1.71579 
22.15 1.72278 
22.2 1.7298 
22.25 1.73685 
22.3 1.74392 
22.35 1.75101 
22.4 1.75814 
22.45 1.76528 
22.5 1.77246 
22.55 1.77966 
22.6 1.78688 
22.65 1.79413 
22.7 1.80141 
22.75 1.80871 
22.8 1.81603 
22.85 1.82338 
22.9 1.83076 
22.95 1.83816 
23 1.84558 
23.05 1.85303 
23.1 1.8605 
23.15 1.868 
23.2 1.87552 
23.25 1.88307 
23.3 1.89064 
23.35 1.89824 
23.4 1.90586 
23.45 1.91351 
23.5 1.92118 
23.55 1.92887 
23.6 1.93659 
23.65 1.94433 
23.7 1.9521 
23.75 1.95989 
23.8 1.9677 
23.85 1.97554 
23.9 1.9834 
23.95 1.99128 
24 1.99919 
24.05 2.00712 
24.1 2.01508 
24.15 2.02305 
24.2 2.03106 
24.25 2.03908 
24.3 2.04713 
24.35 2.0552 
24.4 2.0633 
24.45 2.07141 
24.5 2.07956 
24.55 2.08772 
24.6 2.0959 
24.65 2.10411 
24.7 2.11234 
24.75 2.1206 
24.8 2.12887 
24.85 2.13717 
24.9 2.14549 
24.95 2.15384 
25 2.1622 
25.05 2.17059 
25.1 2.179 
25.15 2.18743 
25.2 2.19589 
25.25 2.20436 
25.3 2.21286 
25.35 2.22138 
25.4 2.22992 
25.45 2.23848 
25.5 2.24706 
25.55 2.25567 
25.6 2.26429 
25.65 2.27294 
25.7 2.28161 
25.75 2.2903 
25.8 2.29901 
25.85 2.30774 
25.9 2.3165 
25.95 2.32528 
26 2.33407 
26.05 2.34288 
26.1 2.35172 
26.15 2.36058 
26.2 2.36946 
26.25 2.37835 
26.3 2.38727 
26.35 2.39621 
26.4 2.40516 
26.45 2.41414 
26.5 2.42314 
26.55 2.43216 
26.6 2.4412 
26.65 2.45026 
26.7 2.45933 
26.75 2.46843 
26.8 2.47755 
26.85 2.48668 
26.9 2.49584 
26.95 2.50501 
27 2.51421 
27.05 2.52342 
27.1 2.53265 
27.15 2.54191 
27.2 2.55118 
27.25 2.56046 
27.3 2.56977 
27.35 2.5791 
27.4 2.58844 
27.45 2.59781 
27.5 2.60719 
27.55 2.61659 
27.6 2.62601 
27.65 2.63545 
27.7 2.6449 
27.75 2.65438 
27.8 2.66386 
27.85 2.67338 
27.9 2.6829 
27.95 2.69244 
28 2.70201 
28.05 2.71159 
28.1 2.72119 
28.15 2.7308 
28.2 2.74043 
28.25 2.75008 
28.3 2.75974 
28.35 2.76943 
28.4 2.77912 
28.45 2.78885 
28.5 2.79858 
28.55 2.80833 
28.6 2.81809 
28.65 2.82788 
28.7 2.83768 
28.75 2.8475 
28.8 2.85733 
28.85 2.86718 
28.9 2.87704 
28.95 2.88692 
29 2.89682 
29.05 2.90673 
29.1 2.91666 
29.15 2.92661 
29.2 2.93657 
29.25 2.94654 
29.3 2.95653 
29.35 2.96654 
29.4 2.97656 
29.45 2.9866 
29.5 2.99665 
29.55 3.00672 
29.6 3.0168 
29.65 3.0269 
29.7 3.03701 
29.75 3.04714 
29.8 3.05727 
29.85 3.06743 
29.9 3.0776 
29.95 3.08778 
30 3.09798 
30.05 3.10819 
30.1 3.11842 
30.15 3.12866 
30.2 3.13892 
30.25 3.14918 
30.3 3.15947 
30.35 3.16976 
30.4 3.18007 
30.45 3.19039 
30.5 3.20073 
30.55 3.21108 
30.6 3.22144 
30.65 3.23182 
30.7 3.2422 
30.75 3.2526 
30.8 3.26302 
30.85 3.27344 
30.9 3.28388 
30.95 3.29433 
31 3.3048 
31.05 3.31528 
31.1 3.32576 
31.15 3.33627 
31.2 3.34679 
31.25 3.3573 
31.3 3.36785 
31.35 3.37839 
31.4 3.38896 
31.45 3.39953 
31.5 3.41011 
31.55 3.42071 
31.6 3.43131 
31.65 3.44194 
31.7 3.45256 
31.75 3.46321 
31.8 3.47385 
31.85 3.48452 
31.9 3.49519 
31.95 3.50588 
32 3.51657 
32.05 3.52728 
32.1 3.53799 
32.15 3.54872 
32.2 3.55946 
32.25 3.5702 
32.3 3.58096 
32.35 3.59173 
32.4 3.60251 
32.45 3.61329 
32.5 3.62409 
32.55 3.6349 
32.6 3.64571 
32.65 3.65653 
32.7 3.66737 
32.75 3.67822 
32.8 3.68907 
32.85 3.69993 
32.9 3.71081 
32.95 3.72169 
33 3.73257 
33.05 3.74347 
33.1 3.75438 
33.15 3.76529 
33.2 3.77622 
33.25 3.78716 
33.3 3.79809 
33.35 3.80904 
33.4 3.82 
33.45 3.83096 
33.5 3.84194 
33.55 3.85292 
33.6 3.86391 
33.65 3.8749 
33.7 3.8859 
33.75 3.89691 
33.8 3.90793 
33.85 3.91896 
33.9 3.93 
33.95 3.94103 
34 3.95208 
34.05 3.96313 
34.1 3.97419 
34.15 3.98527 
34.2 3.99634 
34.25 4.00742 
34.3 4.01851 
34.35 4.0296 
34.4 4.0407 
34.45 4.05181 
34.5 4.06292 
34.55 4.07404 
34.6 4.08516 
34.65 4.09628 
34.7 4.10743 
34.75 4.11856 
34.8 4.12971 
34.85 4.14087 
34.9 4.15202 
34.95 4.16318 
35 4.17435 
35.05 4.18553 
35.1 4.1967 
35.15 4.20788 
35.2 4.21908 
35.25 4.23027 
35.3 4.24146 
35.35 4.25267 
35.4 4.26387 
35.45 4.27508 
35.5 4.2863 
35.55 4.29751 
35.6 4.30874 
35.65 4.31997 
35.7 4.33119 
35.75 4.34243 
35.8 4.35367 
35.85 4.36491 
35.9 4.37615 
35.95 4.3874 
36 4.39865 
36.05 4.40991 
36.1 4.42117 
36.15 4.43243 
36.2 4.44369 
36.25 4.45496 
36.3 4.46623 
36.35 4.4775 
36.4 4.48877 
36.45 4.50005 
36.5 4.51133 
36.55 4.52262 
36.6 4.5339 
36.65 4.54518 
36.7 4.55647 
36.75 4.56776 
36.8 4.57906 
36.85 4.59036 
36.9 4.60165 
36.95 4.61294 
37 4.62423 
37.05 4.63554 
37.1 4.64684 
37.15 4.65814 
37.2 4.66945 
37.25 4.68075 
37.3 4.69206 
37.35 4.70336 
37.4 4.71467 
37.45 4.72598 
37.5 4.73729 
37.55 4.7486 
37.6 4.7599 
37.65 4.77122 
37.7 4.78252 
37.75 4.79384 
37.8 4.80514 
37.85 4.81646 
37.9 4.82776 
37.95 4.83907 
38 4.85038 
38.05 4.86169 
38.1 4.873 
38.15 4.8843 
38.2 4.89561 
38.25 4.90692 
38.3 4.91822 
38.35 4.92953 
38.4 4.94083 
38.45 4.95213 
38.5 4.96343 
38.55 4.97473 
38.6 4.98603 
38.65 4.99732 
38.7 5.00862 
38.75 5.01991 
38.8 5.0312 
38.85 5.04249 
38.9 5.05378 
38.95 5.06506 
39 5.07635 
39.05 5.08763 
39.1 5.09891 
39.15 5.11018 
39.2 5.12145 
39.25 5.13273 
39.3 5.14399 
39.35 5.15526 
39.4 5.16652 
39.45 5.17778 
39.5 5.18904 
39.55 5.20029 
39.6 5.21154 
39.65 5.22279 
39.7 5.23404 
39.75 5.24527 
39.8 5.25651 
39.85 5.26774 
39.9 5.27897 
39.95 5.2902 
40 5.30141 
40.05 5.31263 
40.1 5.32384 
40.15 5.33506 
40.2 5.34626 
40.25 5.35746 
40.3 5.36865 
40.35 5.37984 
40.4 5.39104 
40.45 5.40222 
40.5 5.41339 
40.55 5.42456 
40.6 5.43573 
40.65 5.44689 
40.7 5.45805 
40.75 5.4692 
40.8 5.48035 
40.85 5.49149 
40.9 5.50263 
40.95 5.51375 
41 5.52488 
41.05 5.53599 
41.1 5.54711 
41.15 5.55821 
41.2 5.56932 
41.25 5.58041 
41.3 5.5915 
41.35 5.60258 
41.4 5.61366 
41.45 5.62472 
41.5 5.63579 
41.55 5.64685 
41.6 5.65789 
41.65 5.66894 
41.7 5.67998 
41.75 5.691 
41.8 5.70203 
41.85 5.71304 
41.9 5.72405 
41.95 5.73505 
42 5.74604 
42.05 5.75703 
42.1 5.76801 
42.15 5.77897 
42.2 5.78994 
42.25 5.8009 
42.3 5.81184 
42.35 5.82278 
42.4 5.83372 
42.45 5.84463 
42.5 5.85556 
42.55 5.86646 
42.6 5.87736 
42.65 5.88825 
42.7 5.89913 
42.75 5.91 
42.8 5.92087 
42.85 5.93173 
42.9 5.94256 
42.95 5.95341 
43 5.96424 
43.05 5.97505 
43.1 5.98587 
43.15 5.99666 
43.2 6.00745 
43.25 6.01824 
43.3 6.02901 
43.35 6.03977 
43.4 6.05053 
43.45 6.06128 
43.5 6.07201 
43.55 6.08273 
43.6 6.09344 
43.65 6.10415 
43.7 6.11485 
43.75 6.12553 
43.8 6.1362 
43.85 6.14686 
43.9 6.15752 
43.95 6.16816 
44 6.17879 
44.05 6.18941 
44.1 6.20003 
44.15 6.21063 
44.2 6.22122 
44.25 6.23179 
44.3 6.24235 
44.35 6.25291 
44.4 6.26345 
44.45 6.27399 
44.5 6.2845 
44.55 6.29502 
44.6 6.30552 
44.65 6.31601 
44.7 6.32647 
44.75 6.33694 
44.8 6.34739 
44.85 6.35783 
44.9 6.36825 
44.95 6.37868 
45 6.38909 
45.05 6.39946 
45.1 6.40985 
45.15 6.42022 
45.2 6.43058 
45.25 6.44091 
45.3 6.45124 
45.35 6.46156 
45.4 6.47186 
45.45 6.48215 
45.5 6.49243 
45.55 6.5027 
45.6 6.51295 
45.65 6.52318 
45.7 6.53341 
45.75 6.54362 
45.8 6.55382 
45.85 6.56401 
45.9 6.57418 
45.95 6.58434 
46 6.59448 
46.05 6.60462 
46.1 6.61473 
46.15 6.62484 
46.2 6.63493 
46.25 6.64501 
46.3 6.65507 
46.35 6.66512 
46.4 6.67515 
46.45 6.68518 
46.5 6.69518 
46.55 6.70516 
46.6 6.71514 
46.65 6.72511 
46.7 6.73505 
46.75 6.74498 
46.8 6.7549 
46.85 6.76481 
46.9 6.77469 
46.95 6.78456 
47 6.79442 
47.05 6.80426 
47.1 6.81409 
47.15 6.8239 
47.2 6.83371 
47.25 6.84349 
47.3 6.85326 
47.35 6.86301 
47.4 6.87274 
47.45 6.88244 
47.5 6.89216 
47.55 6.90185 
47.6 6.91153 
47.65 6.92119 
47.7 6.93083 
47.75 6.94045 
47.8 6.95006 
47.85 6.95966 
47.9 6.96923 
47.95 6.97879 
48 6.98832 
48.05 6.99786 
48.1 7.00738 
48.15 7.01686 
48.2 7.02634 
48.25 7.0358 
48.3 7.04525 
48.35 7.05468 
48.4 7.06408 
48.45 7.07348 
48.5 7.08286 
48.55 7.09221 
48.6 7.10155 
48.65 7.11089 
48.7 7.1202 
48.75 7.12949 
48.8 7.13875 
48.85 7.14801 
48.9 7.15725 
48.95 7.16648 
49 7.17567 
49.05 7.18486 
49.1 7.19404 
49.15 7.20318 
49.2 7.2123 
49.25 7.22142 
49.3 7.23052 
49.35 7.23959 
49.4 7.24866 
49.45 7.2577 
49.5 7.26673 
49.55 7.27573 
49.6 7.28473 
49.65 7.29369 
49.7 7.30264 
49.75 7.31157 
49.8 7.32049 
49.85 7.32937 
49.9 7.33825 
49.95 7.34711 
50 7.35595 
50.05 7.36477 
50.1 7.37356 
50.15 7.38236 
50.2 7.39112 
50.25 7.39987 
50.3 7.40859 
50.35 7.4173 
50.4 7.42597 
50.45 7.43464 
50.5 7.44329 
50.55 7.45192 
50.6 7.46052 
50.65 7.46912 
50.7 7.47768 
50.75 7.48624 
50.8 7.49477 
50.85 7.50328 
50.9 7.51178 
50.95 7.52024 
51 7.5287 
51.05 7.53713 
51.1 7.54554 
51.15 7.55392 
51.2 7.5623 
51.25 7.57066 
51.3 7.57898 
51.35 7.58729 
51.4 7.59558 
51.45 7.60386 
51.5 7.6121 
51.55 7.62034 
51.6 7.62855 
51.65 7.63673 
51.7 7.64489 
51.75 7.65303 
51.8 7.66116 
51.85 7.66929 
51.9 7.67735 
51.95 7.68541 
52 7.69345 
52.05 7.70148 
52.1 7.70947 
52.15 7.71745 
52.2 7.72542 
52.25 7.73336 
52.3 7.74126 
52.35 7.74917 
52.4 7.75704 
52.45 7.76488 
52.5 7.77273 
52.55 7.78053 
52.6 7.78831 
52.65 7.79607 
52.7 7.80383 
52.75 7.81154 
52.8 7.81924 
52.85 7.82693 
52.9 7.83459 
52.95 7.84223 
53 7.84984 
53.05 7.85743 
53.1 7.865 
53.15 7.87255 
53.2 7.88008 
53.25 7.88758 
53.3 7.89506 
53.35 7.90251 
53.4 7.90996 
53.45 7.91737 
53.5 7.92477 
53.55 7.93214 
53.6 7.93949 
53.65 7.9468 
53.7 7.95411 
53.75 7.9614 
53.8 7.96866 
53.85 7.97589 
53.9 7.98311 
53.95 7.99031 
54 7.99746 
54.05 8.0046 
54.1 8.01173 
54.15 8.01883 
54.2 8.0259 
54.25 8.03297 
54.3 8.03998 
54.35 8.04701 
54.4 8.05398 
54.45 8.06094 
54.5 8.06788 
54.55 8.0748 
54.6 8.0817 
54.65 8.08856 
54.7 8.09541 
54.75 8.10224 
54.8 8.10903 
54.85 8.11581 
54.9 8.12256 
54.95 8.1293 
55 8.13599 
55.05 8.14267 
55.1 8.14934 
55.15 8.15596 
55.2 8.16259 
55.25 8.16916 
55.3 8.17572 
55.35 8.18228 
55.4 8.18879 
55.45 8.19528 
55.5 8.20175 
55.55 8.20821 
55.6 8.21462 
55.65 8.22101 
55.7 8.22738 
55.75 8.23373 
55.8 8.24006 
55.85 8.24636 
55.9 8.25263 
55.95 8.25889 
56 8.26512 
56.05 8.27132 
56.1 8.2775 
56.15 8.28366 
56.2 8.2898 
56.25 8.2959 
56.3 8.30198 
56.35 8.30805 
56.4 8.31409 
56.45 8.32009 
56.5 8.32608 
56.55 8.33204 
56.6 8.33796 
56.65 8.34389 
56.7 8.34977 
56.75 8.35563 
56.8 8.36147 
56.85 8.36728 
56.9 8.37308 
56.95 8.37884 
57 8.38458 
57.05 8.3903 
57.1 8.39599 
57.15 8.40166 
57.2 8.4073 
57.25 8.41292 
57.3 8.41851 
57.35 8.42406 
57.4 8.42961 
57.45 8.43513 
57.5 8.44062 
57.55 8.44609 
57.6 8.45154 
57.65 8.45694 
57.7 8.46234 
57.75 8.46769 
57.8 8.47303 
57.85 8.47835 
57.9 8.48365 
57.95 8.48891 
58 8.49414 
58.05 8.49936 
58.1 8.50456 
58.15 8.50971 
58.2 8.51487 
58.25 8.51998 
58.3 8.52505 
58.35 8.53012 
58.4 8.53516 
58.45 8.54017 
58.5 8.54515 
58.55 8.55011 
58.6 8.55506 
58.65 8.55996 
58.7 8.56485 
58.75 8.56971 
58.8 8.57452 
58.85 8.57934 
58.9 8.58413 
58.95 8.58888 
59 8.59361 
59.05 8.59831 
59.1 8.603 
59.15 8.60765 
59.2 8.61229 
59.25 8.61689 
59.3 8.62146 
59.35 8.62601 
59.4 8.63053 
59.45 8.63503 
59.5 8.63951 
59.55 8.64395 
59.6 8.64837 
59.65 8.65277 
59.7 8.65714 
59.75 8.66149 
59.8 8.66581 
59.85 8.67009 
59.9 8.67436 
59.95 8.67861 
60 8.68282 
60.05 8.687 
60.1 8.69116 
60.15 8.69531 
60.2 8.69942 
60.25 8.70351 
60.3 8.70755 
60.35 8.71159 
60.4 8.71559 
60.45 8.71957 
60.5 8.72353 
60.55 8.72746 
60.6 8.73136 
60.65 8.73523 
60.7 8.73909 
60.75 8.74292 
60.8 8.7467 
60.85 8.75048 
60.9 8.75422 
60.95 8.75795 
61 8.76163 
61.05 8.7653 
61.1 8.76895 
61.15 8.77256 
61.2 8.77613 
61.25 8.7797 
61.3 8.78324 
61.35 8.78675 
61.4 8.79024 
61.45 8.79369 
61.5 8.79712 
61.55 8.80053 
61.6 8.80391 
61.65 8.80726 
61.7 8.81058 
61.75 8.81387 
61.8 8.81713 
61.85 8.8204 
61.9 8.8236 
61.95 8.8268 
62 8.82996 
62.05 8.83312 
62.1 8.83623 
62.15 8.83931 
62.2 8.84238 
62.25 8.84541 
62.3 8.84842 
62.35 8.85139 
62.4 8.85435 
62.45 8.85729 
62.5 8.8602 
62.55 8.86307 
62.6 8.86593 
62.65 8.86875 
62.7 8.87154 
62.75 8.87432 
62.8 8.87706 
62.85 8.87976 
62.9 8.88247 
62.95 8.88513 
63 8.88777 
63.05 8.89038 
63.1 8.89297 
63.15 8.89553 
63.2 8.89806 
63.25 8.90057 
63.3 8.90305 
63.35 8.90549 
63.4 8.90793 
63.45 8.91034 
63.5 8.9127 
63.55 8.91505 
63.6 8.91739 
63.65 8.91969 
63.7 8.92194 
63.75 8.92419 
63.8 8.92639 
63.85 8.92859 
63.9 8.93076 
63.95 8.93289 
64 8.93499 
64.05 8.93708 
64.1 8.93915 
64.15 8.94118 
64.2 8.94318 
64.25 8.94517 
64.3 8.9471 
64.35 8.94904 
64.4 8.95093 
64.45 8.95283 
64.5 8.95465 
64.55 8.95647 
64.6 8.95827 
64.65 8.96005 
64.7 8.96179 
64.75 8.9635 
64.8 8.96519 
64.85 8.96686 
64.9 8.96848 
64.95 8.97011 
65 8.97168 
65.05 8.97325 
65.1 8.97478 
65.15 8.97629 
65.2 8.97776 
65.25 8.97921 
65.3 8.98063 
65.35 8.98203 
65.4 8.98342 
65.45 8.98475 
65.5 8.98608 
65.55 8.98735 
65.6 8.98864 
65.65 8.98988 
65.7 8.99109 
65.75 8.9923 
65.8 8.99346 
65.85 8.9946 
65.9 8.99569 
65.95 8.99678 
66 8.99784 
66.05 8.99887 
66.1 8.99988 
66.15 9.00087 
66.2 9.00183 
66.25 9.00274 
66.3 9.00364 
66.35 9.00452 
66.4 9.0054 
66.45 9.00621 
66.5 9.007 
66.55 9.00779 
66.6 9.00854 
66.65 9.00925 
66.7 9.00995 
66.75 9.01061 
66.8 9.01125 
66.85 9.01186 
66.9 9.01247 
66.95 9.01303 
67 9.01356 
67.05 9.01408 
67.1 9.01457 
67.15 9.01502 
67.2 9.01547 
67.25 9.01588 
67.3 9.01626 
67.35 9.01662 
67.4 9.01695 
67.45 9.01726 
67.5 9.01754 
67.55 9.0178 
67.6 9.01802 
67.65 9.01824 
67.7 9.0184 
67.75 9.01857 
67.8 9.0187 
67.85 9.01879 
67.9 9.01888 
67.95 9.01891 
68 9.01895 
68.05 9.01896 
68.1 9.01892 
68.15 9.01887 
68.2 9.0188 
68.25 9.01869 
68.3 9.01857 
68.35 9.0184 
68.4 9.01824 
68.45 9.01803 
68.5 9.01779 
68.55 9.01754 
68.6 9.01727 
68.65 9.01696 
68.7 9.01662 
68.75 9.01628 
68.8 9.01588 
68.85 9.01548 
68.9 9.01505 
68.95 9.0146 
69 9.01411 
69.05 9.01361 
69.1 9.01308 
69.15 9.01252 
69.2 9.01194 
69.25 9.01134 
69.3 9.01069 
69.35 9.01004 
69.4 9.00936 
69.45 9.00865 
69.5 9.00792 
69.55 9.00716 
69.6 9.00638 
69.65 9.00558 
69.7 9.00475 
69.75 9.00389 
69.8 9.00301 
69.85 9.00211 
69.9 9.00117 
69.95 9.00022 
70 8.99924 
70.05 8.99823 
70.1 8.9972 
70.15 8.99615 
70.2 8.99507 
70.25 8.99397 
70.3 8.99283 
70.35 8.99168 
70.4 8.99051 
70.45 8.9893 
70.5 8.98808 
70.55 8.98682 
70.6 8.98554 
70.65 8.98424 
70.7 8.98293 
70.75 8.98158 
70.8 8.98021 
70.85 8.97882 
70.9 8.97739 
70.95 8.97594 
71 8.97448 
71.05 8.973 
71.1 8.97147 
71.15 8.96994 
71.2 8.96836 
71.25 8.96677 
71.3 8.96515 
71.35 8.96353 
71.4 8.96185 
71.45 8.96018 
71.5 8.95848 
71.55 8.95675 
71.6 8.95498 
71.65 8.95321 
71.7 8.95139 
71.75 8.94957 
71.8 8.94772 
71.85 8.94584 
71.9 8.94395 
71.95 8.94202 
72 8.94008 
72.05 8.9381 
72.1 8.93611 
72.15 8.9341 
72.2 8.93206 
72.25 8.92999 
72.3 8.92791 
72.35 8.92579 
72.4 8.92365 
72.45 8.92151 
72.5 8.91933 
72.55 8.91712 
72.6 8.91489 
72.65 8.91264 
72.7 8.91036 
72.75 8.90807 
72.8 8.90574 
72.85 8.90339 
72.9 8.90104 
72.95 8.89865 
73 8.89625 
73.05 8.8938 
73.1 8.89137 
73.15 8.88888 
73.2 8.88639 
73.25 8.88385 
73.3 8.88129 
73.35 8.87872 
73.4 8.87613 
73.45 8.87352 
73.5 8.87088 
73.55 8.86822 
73.6 8.86556 
73.65 8.86284 
73.7 8.8601 
73.75 8.85736 
73.8 8.85458 
73.85 8.85178 
73.9 8.84896 
73.95 8.84611 
74 8.84325 
74.05 8.84038 
74.1 8.83746 
74.15 8.83453 
74.2 8.83158 
74.25 8.8286 
74.3 8.82561 
74.35 8.82259 
74.4 8.81956 
74.45 8.81651 
74.5 8.8134 
74.55 8.81029 
74.6 8.80718 
74.65 8.80402 
74.7 8.80085 
74.75 8.79766 
74.8 8.79445 
74.85 8.79121 
74.9 8.78794 
74.95 8.78469 
75 8.78138 
75.05 8.77805 
75.1 8.77472 
75.15 8.77137 
75.2 8.76796 
75.25 8.76454 
75.3 8.76112 
75.35 8.75767 
75.4 8.75421 
75.45 8.75071 
75.5 8.7472 
75.55 8.74366 
75.6 8.74011 
75.65 8.73654 
75.7 8.73294 
75.75 8.7293 
75.8 8.72567 
75.85 8.72202 
75.9 8.71834 
75.95 8.71465 
76 8.71092 
76.05 8.70717 
76.1 8.70341 
76.15 8.69961 
76.2 8.69581 
76.25 8.69199 
76.3 8.68814 
76.35 8.68427 
76.4 8.68039 
76.45 8.67648 
76.5 8.67256 
76.55 8.6686 
76.6 8.66464 
76.65 8.66065 
76.7 8.65663 
76.75 8.65261 
76.8 8.64856 
76.85 8.64449 
76.9 8.64039 
76.95 8.6363 
77 8.63217 
77.05 8.62801 
77.1 8.62384 
77.15 8.61966 
77.2 8.61545 
77.25 8.61121 
77.3 8.60697 
77.35 8.60272 
77.4 8.59842 
77.45 8.59412 
77.5 8.58978 
77.55 8.58544 
77.6 8.58109 
77.65 8.57671 
77.7 8.57229 
77.75 8.56787 
77.8 8.56344 
77.85 8.55896 
77.9 8.55448 
77.95 8.54999 
78 8.54548 
78.05 8.54094 
78.1 8.53639 
78.15 8.5318 
78.2 8.52723 
78.25 8.5226 
78.3 8.51797 
78.35 8.51333 
78.4 8.50866 
78.45 8.50397 
78.5 8.49926 
78.55 8.49454 
78.6 8.48981 
78.65 8.48504 
78.7 8.48026 
78.75 8.47547 
78.8 8.47064 
78.85 8.46581 
78.9 8.46095 
78.95 8.4561 
79 8.45119 
79.05 8.4463 
79.1 8.44136 
79.15 8.43642 
79.2 8.43146 
79.25 8.42648 
79.3 8.42148 
79.35 8.41646 
79.4 8.41144 
79.45 8.40639 
79.5 8.4013 
79.55 8.39622 
79.6 8.39111 
79.65 8.386 
79.7 8.38085 
79.75 8.37572 
79.8 8.37053 
79.85 8.36534 
79.9 8.36012 
79.95 8.35489 
80 8.34966 
80.05 8.34441 
80.1 8.33913 
80.15 8.33383 
80.2 8.32854 
80.25 8.32318 
80.3 8.31784 
80.35 8.31248 
80.4 8.30709 
80.45 8.30172 
80.5 8.29631 
80.55 8.29088 
80.6 8.28542 
80.65 8.27995 
80.7 8.27448 
80.75 8.269 
80.8 8.26346 
80.85 8.25795 
80.9 8.2524 
80.95 8.24684 
81 8.24125 
81.05 8.23567 
81.1 8.23006 
81.15 8.22443 
81.2 8.21881 
81.25 8.21314 
81.3 8.20746 
81.35 8.20178 
81.4 8.19607 
81.45 8.19035 
81.5 8.1846 
81.55 8.17886 
81.6 8.17308 
81.65 8.1673 
81.7 8.1615 
81.75 8.15569 
81.8 8.14984 
81.85 8.14399 
81.9 8.13813 
81.95 8.13226 
82 8.12635 
82.05 8.12045 
82.1 8.11453 
82.15 8.1086 
82.2 8.10263 
82.25 8.09666 
82.3 8.09068 
82.35 8.08468 
82.4 8.07866 
82.45 8.07263 
82.5 8.0666 
82.55 8.06054 
82.6 8.05446 
82.65 8.04837 
82.7 8.04227 
82.75 8.03614 
82.8 8.03001 
82.85 8.02386 
82.9 8.01771 
82.95 8.01153 
83 8.00534 
83.05 7.99913 
83.1 7.99293 
83.15 7.9867 
83.2 7.98044 
83.25 7.97419 
83.3 7.9679 
83.35 7.96164 
83.4 7.95532 
83.45 7.949 
83.5 7.94267 
83.55 7.93632 
83.6 7.92996 
83.65 7.92359 
83.7 7.9172 
83.75 7.9108 
83.8 7.90439 
83.85 7.89797 
83.9 7.89153 
83.95 7.88507 
84 7.8786 
84.05 7.87212 
84.1 7.86565 
84.15 7.85913 
84.2 7.8526 
84.25 7.84608 
84.3 7.83952 
84.35 7.83298 
84.4 7.82641 
84.45 7.81982 
84.5 7.81321 
84.55 7.80662 
84.6 7.79999 
84.65 7.79336 
84.7 7.78671 
84.75 7.78004 
84.8 7.77336 
84.85 7.76668 
84.9 7.75997 
84.95 7.75327 
85 7.74654 
85.05 7.73981 
85.1 7.73306 
85.15 7.7263 
85.2 7.71952 
85.25 7.71274 
85.3 7.70594 
85.35 7.69914 
85.4 7.69231 
85.45 7.68546 
85.5 7.67863 
85.55 7.67177 
85.6 7.66491 
85.65 7.65802 
85.7 7.65114 
85.75 7.64423 
85.8 7.6373 
85.85 7.63037 
85.9 7.62344 
85.95 7.61649 
86 7.60954 
86.05 7.60256 
86.1 7.59557 
86.15 7.58859 
86.2 7.58158 
86.25 7.57455 
86.3 7.56753 
86.35 7.56048 
86.4 7.55343 
86.45 7.54636 
86.5 7.53929 
86.55 7.53222 
86.6 7.52511 
86.65 7.51801 
86.7 7.51089 
86.75 7.50377 
86.8 7.49665 
86.85 7.48948 
86.9 7.48231 
86.95 7.47514 
87 7.46798 
87.05 7.46078 
87.1 7.45358 
87.15 7.44638 
87.2 7.43916 
87.25 7.43192 
87.3 7.42468 
87.35 7.41742 
87.4 7.41017 
87.45 7.40289 
87.5 7.3956 
87.55 7.38834 
87.6 7.38102 
87.65 7.37373 
87.7 7.36639 
87.75 7.35907 
87.8 7.35172 
87.85 7.34437 
87.9 7.33702 
87.95 7.32965 
88 7.32229 
88.05 7.31489 
88.1 7.30749 
88.15 7.30009 
88.2 7.29267 
88.25 7.28524 
88.3 7.27782 
88.35 7.27037 
88.4 7.26291 
88.45 7.25546 
88.5 7.24799 
88.55 7.24051 
88.6 7.23303 
88.65 7.22552 
88.7 7.21802 
88.75 7.21051 
88.8 7.203 
88.85 7.19546 
88.9 7.18791 
88.95 7.18036 
89 7.17281 
89.05 7.16524 
89.1 7.15766 
89.15 7.15009 
89.2 7.14249 
89.25 7.1349 
89.3 7.12729 
89.35 7.11968 
89.4 7.11205 
89.45 7.10441 
89.5 7.09678 
89.55 7.08914 
89.6 7.08148 
89.65 7.07382 
89.7 7.06614 
89.75 7.05846 
89.8 7.05078 
89.85 7.04309 
89.9 7.03539 
89.95 7.02768 
90 7.01996 
90.05 7.01224 
90.1 7.00449 
90.15 6.99676 
90.2 6.98901 
90.25 6.98125 
90.3 6.97349 
90.35 6.96573 
90.4 6.95796 
90.45 6.95016 
90.5 6.94238 
90.55 6.93458 
90.6 6.92678 
90.65 6.91897 
90.7 6.91114 
90.75 6.90332 
90.8 6.89549 
90.85 6.88765 
90.9 6.87981 
90.95 6.87195 
91 6.8641 
91.05 6.85623 
91.1 6.84835 
91.15 6.84048 
91.2 6.83258 
91.25 6.8247 
91.3 6.8168 
91.35 6.8089 
91.4 6.801 
91.45 6.79307 
91.5 6.78514 
91.55 6.77722 
91.6 6.76929 
91.65 6.76135 
91.7 6.7534 
91.75 6.74543 
91.8 6.7375 
91.85 6.72953 
91.9 6.72155 
91.95 6.71358 
92 6.70558 
92.05 6.6976 
92.1 6.68961 
92.15 6.68162 
92.2 6.67361 
92.25 6.6656 
92.3 6.65758 
92.35 6.64957 
92.4 6.64153 
92.45 6.6335 
92.5 6.62545 
92.55 6.61742 
92.6 6.60937 
92.65 6.60131 
92.7 6.59326 
92.75 6.58519 
92.8 6.57713 
92.85 6.56905 
92.9 6.56099 
92.95 6.55289 
93 6.5448 
93.05 6.53671 
93.1 6.52862 
93.15 6.52052 
93.2 6.5124 
93.25 6.50428 
93.3 6.49617 
93.35 6.48806 
93.4 6.47993 
93.45 6.47181 
93.5 6.46367 
93.55 6.45553 
93.6 6.4474 
93.65 6.43923 
93.7 6.43108 
93.75 6.42292 
93.8 6.41477 
93.85 6.4066 
93.9 6.39843 
93.95 6.39026 
94 6.38209 
94.05 6.37391 
94.1 6.36571 
94.15 6.35752 
94.2 6.34933 
94.25 6.34114 
94.3 6.33291 
94.35 6.32472 
94.4 6.31651 
94.45 6.30829 
94.5 6.30008 
94.55 6.29186 
94.6 6.28364 
94.65 6.27541 
94.7 6.26719 
94.75 6.25895 
94.8 6.2507 
94.85 6.24247 
94.9 6.23422 
94.95 6.22597 
95 6.21772 
95.05 6.20947 
95.1 6.2012 
95.15 6.19294 
95.2 6.18468 
95.25 6.17641 
95.3 6.16815 
95.35 6.15987 
95.4 6.15159 
95.45 6.14332 
95.5 6.13503 
95.55 6.12674 
95.6 6.11846 
95.65 6.11016 
95.7 6.10187 
95.75 6.09357 
95.8 6.08528 
95.85 6.07698 
95.9 6.06867 
95.95 6.06037 
96 6.05205 
96.05 6.04374 
96.1 6.03542 
96.15 6.02711 
96.2 6.01879 
96.25 6.01046 
96.3 6.00214 
96.35 5.99382 
96.4 5.98548 
96.45 5.97716 
96.5 5.96882 
96.55 5.96048 
96.6 5.95214 
96.65 5.9438 
96.7 5.93546 
96.75 5.92712 
96.8 5.91877 
96.85 5.91043 
96.9 5.90208 
96.95 5.89372 
97 5.88537 
97.05 5.87701 
97.1 5.86866 
97.15 5.86029 
97.2 5.85194 
97.25 5.84357 
97.3 5.83521 
97.35 5.82684 
97.4 5.81847 
97.45 5.81011 
97.5 5.80173 
97.55 5.79336 
97.6 5.78499 
97.65 5.77661 
97.7 5.76823 
97.75 5.75986 
97.8 5.75149 
97.85 5.7431 
97.9 5.73471 
97.95 5.72633 
98 5.71795 
98.05 5.70956 
98.1 5.70117 
98.15 5.69278 
98.2 5.6844 
98.25 5.67601 
98.3 5.66762 
98.35 5.65923 
98.4 5.65083 
98.45 5.64244 
98.5 5.63405 
98.55 5.62565 
98.6 5.61725 
98.65 5.60885 
98.7 5.60045 
98.75 5.59205 
98.8 5.58366 
98.85 5.57526 
98.9 5.56685 
98.95 5.55844 
99 5.55004 
99.05 5.54163 
99.1 5.53323 
99.15 5.52483 
99.2 5.51643 
99.25 5.50801 
99.3 5.49961 
99.35 5.4912 
99.4 5.4828 
99.45 5.47439 
99.5 5.46598 
99.55 5.45757 
99.6 5.44916 
99.65 5.44075 
99.7 5.43235 
99.75 5.42393 
99.8 5.41551 
99.85 5.4071 
99.9 5.3987 
99.95 5.39029 
100 5.38187 
100.05 5.37346 
100.1 5.36506 
100.15 5.35664 
100.2 5.34823 
100.25 5.33982 
100.3 5.33141 
100.35 5.323 
100.4 5.31459 
100.45 5.30618 
100.5 5.29776 
100.55 5.28935 
100.6 5.28096 
100.65 5.27254 
100.7 5.26413 
100.75 5.25571 
100.8 5.2473 
100.85 5.2389 
100.9 5.23048 
100.95 5.22208 
101 5.21367 
101.05 5.20526 
101.1 5.19685 
101.15 5.18845 
101.2 5.18004 
101.25 5.17163 
101.3 5.16322 
101.35 5.15482 
101.4 5.14642 
101.45 5.13802 
101.5 5.12962 
101.55 5.12121 
101.6 5.11281 
101.65 5.1044 
101.7 5.09601 
101.75 5.08761 
101.8 5.07921 
101.85 5.0708 
101.9 5.06241 
101.95 5.05401 
102 5.04562 
102.05 5.03722 
102.1 5.02883 
102.15 5.02044 
102.2 5.01203 
102.25 5.00365 
102.3 4.99526 
102.35 4.98687 
102.4 4.97849 
102.45 4.97009 
102.5 4.9617 
102.55 4.95332 
102.6 4.94494 
102.65 4.93655 
102.7 4.92816 
102.75 4.91978 
102.8 4.9114 
102.85 4.90303 
102.9 4.89464 
102.95 4.88627 
103 4.87789 
103.05 4.86951 
103.1 4.86114 
103.15 4.85277 
103.2 4.84439 
103.25 4.83602 
103.3 4.82765 
103.35 4.81928 
103.4 4.81092 
103.45 4.80256 
103.5 4.7942 
103.55 4.78583 
103.6 4.77746 
103.65 4.76911 
103.7 4.76076 
103.75 4.7524 
103.8 4.74403 
103.85 4.73569 
103.9 4.72734 
103.95 4.71899 
104 4.71063 
104.05 4.70228 
104.1 4.69394 
104.15 4.6856 
104.2 4.67725 
104.25 4.66892 
104.3 4.66057 
104.35 4.65223 
104.4 4.6439 
104.45 4.63556 
104.5 4.62723 
104.55 4.6189 
104.6 4.61057 
104.65 4.60224 
104.7 4.59392 
104.75 4.58559 
104.8 4.57727 
104.85 4.56894 
104.9 4.56063 
104.95 4.55231 
105 4.544 
105.05 4.53568 
105.1 4.52737 
105.15 4.51906 
105.2 4.51075 
105.25 4.50245 
105.3 4.49414 
105.35 4.48585 
105.4 4.47754 
105.45 4.46925 
105.5 4.46095 
105.55 4.45266 
105.6 4.44437 
105.65 4.43607 
105.7 4.42779 
105.75 4.41951 
105.8 4.41123 
105.85 4.40294 
105.9 4.39466 
105.95 4.38639 
106 4.37811 
106.05 4.36984 
106.1 4.36158 
106.15 4.35331 
106.2 4.34504 
106.25 4.33678 
106.3 4.32851 
106.35 4.32026 
106.4 4.312 
106.45 4.30376 
106.5 4.29549 
106.55 4.28725 
106.6 4.27901 
106.65 4.27077 
106.7 4.26252 
106.75 4.25428 
106.8 4.24604 
106.85 4.23781 
106.9 4.22958 
106.95 4.22135 
107 4.21313 
107.05 4.20491 
107.1 4.19668 
107.15 4.18847 
107.2 4.18025 
107.25 4.17204 
107.3 4.16383 
107.35 4.15563 
107.4 4.14742 
107.45 4.13923 
107.5 4.13101 
107.55 4.12282 
107.6 4.11463 
107.65 4.10644 
107.7 4.09825 
107.75 4.09006 
107.8 4.08188 
107.85 4.07371 
107.9 4.06553 
107.95 4.05736 
108 4.04918 
108.05 4.04102 
108.1 4.03286 
108.15 4.02469 
108.2 4.01654 
108.25 4.00838 
108.3 4.00023 
108.35 3.99208 
108.4 3.98394 
108.45 3.9758 
108.5 3.96766 
108.55 3.95953 
108.6 3.95139 
108.65 3.94326 
108.7 3.93514 
108.75 3.92702 
108.8 3.9189 
108.85 3.91078 
108.9 3.90267 
108.95 3.89456 
109 3.88647 
109.05 3.87836 
109.1 3.87026 
109.15 3.86217 
109.2 3.85409 
109.25 3.84599 
109.3 3.83791 
109.35 3.82984 
109.4 3.82176 
109.45 3.8137 
109.5 3.80563 
109.55 3.79757 
109.6 3.7895 
109.65 3.78146 
109.7 3.77341 
109.75 3.76535 
109.8 3.75732 
109.85 3.74928 
109.9 3.74125 
109.95 3.73321 
110 3.72519 
110.05 3.71718 
110.1 3.70915 
110.15 3.70115 
110.2 3.69314 
110.25 3.68514 
110.3 3.67714 
110.35 3.66914 
110.4 3.66116 
110.45 3.65318 
110.5 3.64521 
110.55 3.63722 
110.6 3.62925 
110.65 3.62128 
110.7 3.61332 
110.75 3.60537 
110.8 3.59742 
110.85 3.58948 
110.9 3.58155 
110.95 3.57361 
111 3.56568 
111.05 3.55776 
111.1 3.54985 
111.15 3.54193 
111.2 3.53403 
111.25 3.52613 
111.3 3.51823 
111.35 3.51034 
111.4 3.50246 
111.45 3.49457 
111.5 3.48671 
111.55 3.47884 
111.6 3.47099 
111.65 3.46313 
111.7 3.45528 
111.75 3.44744 
111.8 3.4396 
111.85 3.43178 
111.9 3.42396 
111.95 3.41614 
112 3.40833 
112.05 3.40053 
112.1 3.39273 
112.15 3.38494 
112.2 3.37716 
112.25 3.36938 
112.3 3.36161 
112.35 3.35385 
112.4 3.3461 
112.45 3.33835 
112.5 3.33061 
112.55 3.32288 
112.6 3.31516 
112.65 3.30743 
112.7 3.29972 
112.75 3.29202 
112.8 3.28433 
112.85 3.27664 
112.9 3.26896 
112.95 3.26129 
113 3.25362 
113.05 3.24597 
113.1 3.23832 
113.15 3.23068 
113.2 3.22306 
113.25 3.21543 
113.3 3.20782 
113.35 3.20021 
113.4 3.19262 
113.45 3.18503 
113.5 3.17746 
113.55 3.16988 
113.6 3.16233 
113.65 3.15478 
113.7 3.14724 
113.75 3.1397 
113.8 3.13218 
113.85 3.12467 
113.9 3.11716 
113.95 3.10967 
114 3.10219 
114.05 3.09471 
114.1 3.08724 
114.15 3.07979 
114.2 3.07234 
114.25 3.06491 
114.3 3.05749 
114.35 3.05007 
114.4 3.04267 
114.45 3.03527 
114.5 3.0279 
114.55 3.02052 
114.6 3.01316 
114.65 3.00581 
114.7 2.99847 
114.75 2.99115 
114.8 2.98383 
114.85 2.97653 
114.9 2.96923 
114.95 2.96195 
115 2.95468 
115.05 2.94742 
115.1 2.94017 
115.15 2.93294 
115.2 2.92571 
115.25 2.9185 
115.3 2.91131 
115.35 2.90411 
115.4 2.89694 
115.45 2.88978 
115.5 2.88263 
115.55 2.87549 
115.6 2.86836 
115.65 2.86125 
115.7 2.85415 
115.75 2.84706 
115.8 2.83999 
115.85 2.83293 
115.9 2.82588 
115.95 2.81885 
116 2.81182 
116.05 2.80481 
116.1 2.79782 
116.15 2.79083 
116.2 2.78387 
116.25 2.77691 
116.3 2.76997 
116.35 2.76305 
116.4 2.75613 
116.45 2.74923 
116.5 2.74234 
116.55 2.73547 
116.6 2.72861 
116.65 2.72176 
116.7 2.71493 
116.75 2.70811 
116.8 2.70131 
116.85 2.69452 
116.9 2.68774 
116.95 2.68099 
117 2.67424 
117.05 2.66751 
117.1 2.66079 
117.15 2.65409 
117.2 2.64741 
117.25 2.64073 
117.3 2.63407 
117.35 2.62742 
117.4 2.6208 
117.45 2.61418 
117.5 2.60758 
117.55 2.60099 
117.6 2.59442 
117.65 2.58787 
117.7 2.58133 
117.75 2.5748 
117.8 2.56829 
117.85 2.5618 
117.9 2.55532 
117.95 2.54885 
118 2.54239 
118.05 2.53596 
118.1 2.52954 
118.15 2.52314 
118.2 2.51674 
118.25 2.51037 
118.3 2.50401 
118.35 2.49766 
118.4 2.49134 
118.45 2.48502 
118.5 2.47872 
118.55 2.47244 
118.6 2.46617 
118.65 2.45992 
118.7 2.45368 
118.75 2.44746 
118.8 2.44125 
118.85 2.43506 
118.9 2.42889 
118.95 2.42273 
119 2.41658 
119.05 2.41045 
119.1 2.40434 
119.15 2.39825 
119.2 2.39217 
119.25 2.3861 
119.3 2.38005 
119.35 2.37402 
119.4 2.368 
119.45 2.36201 
119.5 2.35602 
119.55 2.35005 
119.6 2.34411 
119.65 2.33816 
119.7 2.33224 
119.75 2.32634 
119.8 2.32046 
119.85 2.31459 
119.9 2.30873 
119.95 2.3029 
120 2.29708 
120.05 2.29128 
120.1 2.28549 
120.15 2.27972 
120.2 2.27397 
120.25 2.26823 
120.3 2.26252 
120.35 2.25681 
120.4 2.25113 
120.45 2.24546 
120.5 2.23981 
120.55 2.23418 
120.6 2.22857 
120.65 2.22297 
120.7 2.2174 
120.75 2.21183 
120.8 2.20629 
120.85 2.20076 
120.9 2.19525 
120.95 2.18976 
121 2.18429 
121.05 2.17884 
121.1 2.17339 
121.15 2.16798 
121.2 2.16258 
121.25 2.1572 
121.3 2.15183 
121.35 2.14648 
121.4 2.14115 
121.45 2.13584 
121.5 2.13054 
121.55 2.12527 
121.6 2.12001 
121.65 2.11477 
121.7 2.10955 
121.75 2.10435 
121.8 2.09916 
121.85 2.09399 
121.9 2.08885 
121.95 2.08372 
122 2.0786 
122.05 2.07351 
122.1 2.06843 
122.15 2.06337 
122.2 2.05833 
122.25 2.0533 
122.3 2.04829 
122.35 2.04331 
122.4 2.03833 
122.45 2.03338 
122.5 2.02844 
122.55 2.02352 
122.6 2.01861 
122.65 2.01373 
122.7 2.00886 
122.75 2.00401 
122.8 1.99917 
122.85 1.99435 
122.9 1.98955 
122.95 1.98476 
123 1.97999 
123.05 1.97524 
123.1 1.9705 
123.15 1.96577 
123.2 1.96106 
123.25 1.95637 
123.3 1.9517 
123.35 1.94703 
123.4 1.94238 
123.45 1.93775 
123.5 1.93313 
123.55 1.92853 
123.6 1.92394 
123.65 1.91937 
123.7 1.9148 
123.75 1.91026 
123.8 1.90572 
123.85 1.9012 
123.9 1.89669 
123.95 1.8922 
124 1.88771 
124.05 1.88324 
124.1 1.87878 
124.15 1.87434 
124.2 1.8699 
124.25 1.86548 
124.3 1.86107 
124.35 1.85668 
124.4 1.85228 
124.45 1.84791 
124.5 1.84354 
124.55 1.83919 
124.6 1.83484 
124.65 1.83051 
124.7 1.82618 
124.75 1.82186 
124.8 1.81756 
124.85 1.81327 
124.9 1.80898 
124.95 1.8047 
125 1.80043 
125.05 1.79617 
125.1 1.79192 
125.15 1.78768 
125.2 1.78344 
125.25 1.77922 
125.3 1.775 
125.35 1.77079 
125.4 1.76659 
125.45 1.7624 
125.5 1.75821 
125.55 1.75402 
125.6 1.74985 
125.65 1.74569 
125.7 1.74153 
125.75 1.73738 
125.8 1.73323 
125.85 1.72909 
125.9 1.72496 
125.95 1.72083 
126 1.71672 
126.05 1.7126 
126.1 1.70849 
126.15 1.70439 
126.2 1.7003 
126.25 1.69621 
126.3 1.69212 
126.35 1.68805 
126.4 1.68397 
126.45 1.6799 
126.5 1.67584 
126.55 1.67179 
126.6 1.66774 
126.65 1.66369 
126.7 1.65965 
126.75 1.65562 
126.8 1.65158 
126.85 1.64756 
126.9 1.64354 
126.95 1.63952 
127 1.63551 
127.05 1.63151 
127.1 1.62751 
127.15 1.62351 
127.2 1.61953 
127.25 1.61554 
127.3 1.61156 
127.35 1.60758 
127.4 1.60361 
127.45 1.59965 
127.5 1.59569 
127.55 1.59173 
127.6 1.58778 
127.65 1.58383 
127.7 1.57989 
127.75 1.57596 
127.8 1.57202 
127.85 1.5681 
127.9 1.56417 
127.95 1.56026 
128 1.55634 
128.05 1.55244 
128.1 1.54854 
128.15 1.54464 
128.2 1.54075 
128.25 1.53686 
128.3 1.53298 
128.35 1.5291 
128.4 1.52523 
128.45 1.52136 
128.5 1.5175 
128.55 1.51365 
128.6 1.50979 
128.65 1.50595 
128.7 1.50211 
128.75 1.49827 
128.8 1.49445 
128.85 1.49062 
128.9 1.4868 
128.95 1.48299 
129 1.47918 
129.05 1.47538 
129.1 1.47158 
129.15 1.46779 
129.2 1.464 
129.25 1.46023 
129.3 1.45645 
129.35 1.45268 
129.4 1.44892 
129.45 1.44516 
129.5 1.44141 
129.55 1.43766 
129.6 1.43392 
129.65 1.43019 
129.7 1.42646 
129.75 1.42274 
129.8 1.41902 
129.85 1.41531 
129.9 1.4116 
129.95 1.40791 
130 1.40421 
130.05 1.40053 
130.1 1.39686 
130.15 1.39319 
130.2 1.38952 
130.25 1.38587 
130.3 1.38222 
130.35 1.37857 
130.4 1.37494 
130.45 1.37131 
130.5 1.36769 
130.55 1.36408 
130.6 1.36048 
130.65 1.35688 
130.7 1.35329 
130.75 1.34971 
130.8 1.34614 
130.85 1.34257 
130.9 1.33901 
130.95 1.33546 
131 1.33192 
131.05 1.32838 
131.1 1.32486 
131.15 1.32134 
131.2 1.31783 
131.25 1.31433 
131.3 1.31084 
131.35 1.30735 
131.4 1.30388 
131.45 1.30041 
131.5 1.29695 
131.55 1.2935 
131.6 1.29006 
131.65 1.28662 
131.7 1.2832 
131.75 1.27978 
131.8 1.27638 
131.85 1.27298 
131.9 1.26959 
131.95 1.26621 
132 1.26284 
132.05 1.25948 
132.1 1.25612 
132.15 1.25278 
132.2 1.24945 
132.25 1.24612 
