0 -1.23219 
0.05 -1.22992 
0.1 -1.22766 
0.15 -1.2254 
0.2 -1.22316 
0.25 -1.22092 
0.3 -1.21868 
0.35 -1.21646 
0.4 -1.21424 
0.45 -1.21204 
0.5 -1.20983 
0.55 -1.20764 
0.6 -1.20546 
0.65 -1.20328 
0.7 -1.20111 
0.75 -1.19894 
0.8 -1.19679 
0.85 -1.19464 
0.9 -1.1925 
0.95 -1.19037 
1 -1.18825 
1.05 -1.18613 
1.1 -1.18403 
1.15 -1.18193 
1.2 -1.17984 
1.25 -1.17776 
1.3 -1.17569 
1.35 -1.17362 
1.4 -1.17157 
1.45 -1.16953 
1.5 -1.16749 
1.55 -1.16547 
1.6 -1.16345 
1.65 -1.16145 
1.7 -1.15945 
1.75 -1.15747 
1.8 -1.1555 
1.85 -1.15353 
1.9 -1.15159 
1.95 -1.14965 
2 -1.14772 
2.05 -1.14581 
2.1 -1.14391 
2.15 -1.14202 
2.2 -1.14015 
2.25 -1.13829 
2.3 -1.13644 
2.35 -1.13461 
2.4 -1.1328 
2.45 -1.131 
2.5 -1.12922 
2.55 -1.12745 
2.6 -1.1257 
2.65 -1.12396 
2.7 -1.12225 
2.75 -1.12055 
2.8 -1.11886 
2.85 -1.1172 
2.9 -1.11556 
2.95 -1.11393 
3 -1.11233 
3.05 -1.11074 
3.1 -1.10918 
3.15 -1.10763 
3.2 -1.10611 
3.25 -1.10461 
3.3 -1.10312 
3.35 -1.10167 
3.4 -1.10023 
3.45 -1.09882 
3.5 -1.09743 
3.55 -1.09606 
3.6 -1.09472 
3.65 -1.0934 
3.7 -1.09211 
3.75 -1.09084 
3.8 -1.0896 
3.85 -1.08838 
3.9 -1.08719 
3.95 -1.08602 
4 -1.08489 
4.05 -1.08378 
4.1 -1.08269 
4.15 -1.08164 
4.2 -1.08061 
4.25 -1.07961 
4.3 -1.07864 
4.35 -1.0777 
4.4 -1.07679 
4.45 -1.0759 
4.5 -1.07505 
4.55 -1.07423 
4.6 -1.07344 
4.65 -1.07267 
4.7 -1.07194 
4.75 -1.07124 
4.8 -1.07057 
4.85 -1.06994 
4.9 -1.06934 
4.95 -1.06876 
5 -1.06823 
5.05 -1.06772 
5.1 -1.06725 
5.15 -1.06681 
5.2 -1.0664 
5.25 -1.06603 
5.3 -1.06569 
5.35 -1.06539 
5.4 -1.06512 
5.45 -1.06489 
5.5 -1.06469 
5.55 -1.06453 
5.6 -1.0644 
5.65 -1.06431 
5.7 -1.06426 
5.75 -1.06424 
5.8 -1.06426 
5.85 -1.06431 
5.9 -1.0644 
5.95 -1.06453 
6 -1.0647 
6.05 -1.0649 
6.1 -1.06515 
6.15 -1.06543 
6.2 -1.06575 
6.25 -1.0661 
6.3 -1.0665 
6.35 -1.06693 
6.4 -1.0674 
6.45 -1.06792 
6.5 -1.06847 
6.55 -1.06906 
6.6 -1.06969 
6.65 -1.07036 
6.7 -1.07108 
6.75 -1.07183 
6.8 -1.07262 
6.85 -1.07346 
6.9 -1.07433 
6.95 -1.07524 
7 -1.0762 
7.05 -1.0772 
7.1 -1.07824 
7.15 -1.07932 
7.2 -1.08044 
7.25 -1.0816 
7.3 -1.08281 
7.35 -1.08406 
7.4 -1.08535 
7.45 -1.08669 
7.5 -1.08806 
7.55 -1.08948 
7.6 -1.09095 
7.65 -1.09245 
7.7 -1.094 
7.75 -1.0956 
7.8 -1.09723 
7.85 -1.09891 
7.9 -1.10064 
7.95 -1.10241 
8 -1.10422 
8.05 -1.10608 
8.1 -1.10798 
8.15 -1.10993 
8.2 -1.11192 
8.25 -1.11395 
8.3 -1.11603 
8.35 -1.11816 
8.4 -1.12033 
8.45 -1.12255 
8.5 -1.12481 
8.55 -1.12711 
8.6 -1.12947 
8.65 -1.13186 
8.7 -1.13431 
8.75 -1.1368 
8.8 -1.13933 
8.85 -1.14191 
8.9 -1.14454 
8.95 -1.14722 
9 -1.14994 
9.05 -1.1527 
9.1 -1.15552 
9.15 -1.15837 
9.2 -1.16128 
9.25 -1.16423 
9.3 -1.16724 
9.35 -1.17028 
9.4 -1.17338 
9.45 -1.17652 
9.5 -1.17971 
9.55 -1.18294 
9.6 -1.18622 
9.65 -1.18955 
9.7 -1.19293 
9.75 -1.19635 
9.8 -1.19983 
9.85 -1.20335 
9.9 -1.20691 
9.95 -1.21053 
10 -1.21419 
10.05 -1.2179 
10.1 -1.22166 
10.15 -1.22546 
10.2 -1.22932 
10.25 -1.23322 
10.3 -1.23717 
10.35 -1.24117 
10.4 -1.24521 
10.45 -1.24931 
10.5 -1.25345 
10.55 -1.25764 
10.6 -1.26188 
10.65 -1.26616 
10.7 -1.2705 
10.75 -1.27488 
10.8 -1.27931 
10.85 -1.28379 
10.9 -1.28832 
10.95 -1.2929 
11 -1.29752 
11.05 -1.3022 
11.1 -1.30692 
11.15 -1.31169 
11.2 -1.31651 
11.25 -1.32138 
11.3 -1.32629 
11.35 -1.33126 
11.4 -1.33627 
11.45 -1.34133 
11.5 -1.34644 
11.55 -1.3516 
11.6 -1.35681 
11.65 -1.36206 
11.7 -1.36737 
11.75 -1.37272 
11.8 -1.37812 
11.85 -1.38357 
11.9 -1.38907 
11.95 -1.39461 
12 -1.40021 
12.05 -1.40585 
12.1 -1.41155 
12.15 -1.41729 
12.2 -1.42308 
12.25 -1.42892 
12.3 -1.4348 
12.35 -1.44074 
12.4 -1.44672 
12.45 -1.45275 
12.5 -1.45883 
12.55 -1.46496 
12.6 -1.47114 
12.65 -1.47736 
12.7 -1.48364 
12.75 -1.48996 
12.8 -1.49633 
12.85 -1.50275 
12.9 -1.50922 
12.95 -1.51574 
13 -1.5223 
13.05 -1.52891 
13.1 -1.53557 
13.15 -1.54228 
13.2 -1.54904 
13.25 -1.55584 
13.3 -1.5627 
13.35 -1.56959 
13.4 -1.57655 
13.45 -1.58354 
13.5 -1.59059 
13.55 -1.59768 
13.6 -1.60482 
13.65 -1.61201 
13.7 -1.61924 
13.75 -1.62653 
13.8 -1.63386 
13.85 -1.64124 
13.9 -1.64867 
13.95 -1.65614 
14 -1.66367 
14.05 -1.67123 
14.1 -1.67885 
14.15 -1.68652 
14.2 -1.69423 
14.25 -1.70199 
14.3 -1.70979 
14.35 -1.71765 
14.4 -1.72555 
14.45 -1.7335 
14.5 -1.74149 
14.55 -1.74954 
14.6 -1.75763 
14.65 -1.76576 
14.7 -1.77395 
14.75 -1.78218 
14.8 -1.79045 
14.85 -1.79878 
14.9 -1.80715 
14.95 -1.81556 
15 -1.82403 
15.05 -1.83254 
15.1 -1.8411 
15.15 -1.8497 
15.2 -1.85835 
15.25 -1.86704 
15.3 -1.87578 
15.35 -1.88457 
15.4 -1.89341 
15.45 -1.90229 
15.5 -1.91121 
15.55 -1.92018 
15.6 -1.9292 
15.65 -1.93826 
15.7 -1.94737 
15.75 -1.95653 
15.8 -1.96572 
15.85 -1.97497 
15.9 -1.98426 
15.95 -1.9936 
16 -2.00298 
16.05 -2.01241 
16.1 -2.02188 
16.15 -2.0314 
16.2 -2.04096 
16.25 -2.05056 
16.3 -2.06021 
16.35 -2.06991 
16.4 -2.07965 
16.45 -2.08944 
16.5 -2.09926 
16.55 -2.10914 
16.6 -2.11906 
16.65 -2.12902 
16.7 -2.13903 
16.75 -2.14908 
16.8 -2.15917 
16.85 -2.16931 
16.9 -2.1795 
16.95 -2.18972 
17 -2.19999 
17.05 -2.21031 
17.1 -2.22066 
17.15 -2.23107 
17.2 -2.24151 
17.25 -2.25199 
17.3 -2.26253 
17.35 -2.2731 
17.4 -2.28372 
17.45 -2.29438 
17.5 -2.30508 
17.55 -2.31583 
17.6 -2.32661 
17.65 -2.33744 
17.7 -2.34831 
17.75 -2.35923 
17.8 -2.37019 
17.85 -2.38119 
17.9 -2.39223 
17.95 -2.40331 
18 -2.41444 
18.05 -2.42561 
18.1 -2.43681 
18.15 -2.44806 
18.2 -2.45936 
18.25 -2.47069 
18.3 -2.48206 
18.35 -2.49348 
18.4 -2.50494 
18.45 -2.51644 
18.5 -2.52797 
18.55 -2.53955 
18.6 -2.55117 
18.65 -2.56283 
18.7 -2.57454 
18.75 -2.58628 
18.8 -2.59806 
18.85 -2.60988 
18.9 -2.62175 
18.95 -2.63365 
19 -2.64559 
19.05 -2.65757 
19.1 -2.6696 
19.15 -2.68165 
19.2 -2.69376 
19.25 -2.7059 
19.3 -2.71808 
19.35 -2.73029 
19.4 -2.74255 
19.45 -2.75485 
19.5 -2.76718 
19.55 -2.77956 
19.6 -2.79197 
19.65 -2.80442 
19.7 -2.81691 
19.75 -2.82944 
19.8 -2.842 
19.85 -2.85461 
19.9 -2.86725 
19.95 -2.87993 
20 -2.89264 
20.05 -2.9054 
20.1 -2.91819 
20.15 -2.93102 
20.2 -2.94389 
20.25 -2.95679 
20.3 -2.96973 
20.35 -2.98271 
20.4 -2.99572 
20.45 -3.00877 
20.5 -3.02186 
20.55 -3.03498 
20.6 -3.04814 
20.65 -3.06134 
20.7 -3.07457 
20.75 -3.08784 
20.8 -3.10114 
20.85 -3.11448 
20.9 -3.12786 
20.95 -3.14127 
21 -3.15472 
21.05 -3.1682 
21.1 -3.18171 
21.15 -3.19526 
21.2 -3.20885 
21.25 -3.22247 
21.3 -3.23612 
21.35 -3.24981 
21.4 -3.26354 
21.45 -3.2773 
21.5 -3.29109 
21.55 -3.30492 
21.6 -3.31877 
21.65 -3.33267 
21.7 -3.34659 
21.75 -3.36055 
21.8 -3.37455 
21.85 -3.38857 
21.9 -3.40263 
21.95 -3.41673 
22 -3.43085 
22.05 -3.44501 
22.1 -3.4592 
22.15 -3.47342 
22.2 -3.48768 
22.25 -3.50197 
22.3 -3.51628 
22.35 -3.53064 
22.4 -3.54503 
22.45 -3.55944 
22.5 -3.57388 
22.55 -3.58836 
22.6 -3.60287 
22.65 -3.61741 
22.7 -3.63198 
22.75 -3.64658 
22.8 -3.66121 
22.85 -3.67588 
22.9 -3.69057 
22.95 -3.70529 
23 -3.72004 
23.05 -3.73483 
23.1 -3.74964 
23.15 -3.76449 
23.2 -3.77936 
23.25 -3.79426 
23.3 -3.80919 
23.35 -3.82415 
23.4 -3.83914 
23.45 -3.85416 
23.5 -3.86921 
23.55 -3.88429 
23.6 -3.89939 
23.65 -3.91452 
23.7 -3.92969 
23.75 -3.94488 
23.8 -3.96009 
23.85 -3.97534 
23.9 -3.99061 
23.95 -4.00591 
24 -4.02124 
24.05 -4.03659 
24.1 -4.05197 
24.15 -4.06738 
24.2 -4.08282 
24.25 -4.09828 
24.3 -4.11377 
24.35 -4.12928 
24.4 -4.14482 
24.45 -4.16039 
24.5 -4.17599 
24.55 -4.1916 
24.6 -4.20725 
24.65 -4.22292 
24.7 -4.23862 
24.75 -4.25434 
24.8 -4.27008 
24.85 -4.28586 
24.9 -4.30165 
24.95 -4.31747 
25 -4.33331 
25.05 -4.34918 
25.1 -4.36508 
25.15 -4.381 
25.2 -4.39694 
25.25 -4.4129 
25.3 -4.42889 
25.35 -4.44491 
25.4 -4.46094 
25.45 -4.477 
25.5 -4.49308 
25.55 -4.50919 
25.6 -4.52532 
25.65 -4.54147 
25.7 -4.55764 
25.75 -4.57384 
25.8 -4.59005 
25.85 -4.60629 
25.9 -4.62255 
25.95 -4.63884 
26 -4.65514 
26.05 -4.67147 
26.1 -4.68782 
26.15 -4.70419 
26.2 -4.72057 
26.25 -4.73699 
26.3 -4.75341 
26.35 -4.76988 
26.4 -4.78634 
26.45 -4.80283 
26.5 -4.81934 
26.55 -4.83588 
26.6 -4.85243 
26.65 -4.869 
26.7 -4.88559 
26.75 -4.9022 
26.8 -4.91883 
26.85 -4.93548 
26.9 -4.95215 
26.95 -4.96884 
27 -4.98554 
27.05 -5.00227 
27.1 -5.01901 
27.15 -5.03577 
27.2 -5.05254 
27.25 -5.06935 
27.3 -5.08616 
27.35 -5.10299 
27.4 -5.11984 
27.45 -5.1367 
27.5 -5.15359 
27.55 -5.17049 
27.6 -5.1874 
27.65 -5.20433 
27.7 -5.22129 
27.75 -5.23825 
27.8 -5.25524 
27.85 -5.27223 
27.9 -5.28924 
27.95 -5.30627 
28 -5.32332 
28.05 -5.34038 
28.1 -5.35746 
28.15 -5.37455 
28.2 -5.39166 
28.25 -5.40878 
28.3 -5.42592 
28.35 -5.44307 
28.4 -5.46023 
28.45 -5.4774 
28.5 -5.49459 
28.55 -5.51181 
28.6 -5.52902 
28.65 -5.54625 
28.7 -5.5635 
28.75 -5.58076 
28.8 -5.59804 
28.85 -5.61533 
28.9 -5.63262 
28.95 -5.64994 
29 -5.66726 
29.05 -5.6846 
29.1 -5.70195 
29.15 -5.71931 
29.2 -5.73668 
29.25 -5.75406 
29.3 -5.77146 
29.35 -5.78887 
29.4 -5.80628 
29.45 -5.82372 
29.5 -5.84116 
29.55 -5.85861 
29.6 -5.87608 
29.65 -5.89354 
29.7 -5.91103 
29.75 -5.92852 
29.8 -5.94603 
29.85 -5.96354 
29.9 -5.98106 
29.95 -5.99859 
30 -6.01613 
30.05 -6.03368 
30.1 -6.05125 
30.15 -6.06881 
30.2 -6.08639 
30.25 -6.10398 
30.3 -6.12158 
30.35 -6.13918 
30.4 -6.15679 
30.45 -6.17441 
30.5 -6.19203 
30.55 -6.20967 
30.6 -6.22731 
30.65 -6.24497 
30.7 -6.26262 
30.75 -6.28029 
30.8 -6.29797 
30.85 -6.31564 
30.9 -6.33331 
30.95 -6.35101 
31 -6.36872 
31.05 -6.38641 
31.1 -6.40413 
31.15 -6.42184 
31.2 -6.43956 
31.25 -6.45728 
31.3 -6.47502 
31.35 -6.49276 
31.4 -6.5105 
31.45 -6.52825 
31.5 -6.54601 
31.55 -6.56376 
31.6 -6.58152 
31.65 -6.59928 
31.7 -6.61705 
31.75 -6.63483 
31.8 -6.65261 
31.85 -6.67039 
31.9 -6.68817 
31.95 -6.70596 
32 -6.72376 
32.05 -6.74155 
32.1 -6.75935 
32.15 -6.77715 
32.2 -6.79495 
32.25 -6.81276 
32.3 -6.83057 
32.35 -6.84838 
32.4 -6.86619 
32.45 -6.88401 
32.5 -6.90181 
32.55 -6.91964 
32.6 -6.93747 
32.65 -6.95528 
32.7 -6.9731 
32.75 -6.99092 
32.8 -7.00875 
32.85 -7.02658 
32.9 -7.04439 
32.95 -7.06222 
33 -7.08005 
33.05 -7.09787 
33.1 -7.1157 
33.15 -7.13353 
33.2 -7.15134 
33.25 -7.16917 
33.3 -7.18699 
33.35 -7.20481 
33.4 -7.22263 
33.45 -7.24045 
33.5 -7.25828 
33.55 -7.27609 
33.6 -7.2939 
33.65 -7.31172 
33.7 -7.32954 
33.75 -7.34735 
33.8 -7.36515 
33.85 -7.38297 
33.9 -7.40076 
33.95 -7.41856 
34 -7.43636 
34.05 -7.45415 
34.1 -7.47194 
34.15 -7.48974 
34.2 -7.50752 
34.25 -7.5253 
34.3 -7.54307 
34.35 -7.56086 
34.4 -7.57863 
34.45 -7.59639 
34.5 -7.61415 
34.55 -7.63191 
34.6 -7.64967 
34.65 -7.66741 
34.7 -7.68516 
34.75 -7.70289 
34.8 -7.72063 
34.85 -7.73836 
34.9 -7.75607 
34.95 -7.7738 
35 -7.7915 
35.05 -7.80921 
35.1 -7.8269 
35.15 -7.8446 
35.2 -7.86229 
35.25 -7.87997 
35.3 -7.89764 
35.35 -7.9153 
35.4 -7.93296 
35.45 -7.95062 
35.5 -7.96826 
35.55 -7.9859 
35.6 -8.00353 
35.65 -8.02116 
35.7 -8.03877 
35.75 -8.05637 
35.8 -8.07397 
35.85 -8.09156 
35.9 -8.10915 
35.95 -8.12672 
36 -8.14428 
36.05 -8.16184 
36.1 -8.1794 
36.15 -8.19693 
36.2 -8.21447 
36.25 -8.23198 
36.3 -8.2495 
36.35 -8.26699 
36.4 -8.28448 
36.45 -8.30196 
36.5 -8.31943 
36.55 -8.3369 
36.6 -8.35434 
36.65 -8.37177 
36.7 -8.38921 
36.75 -8.40664 
36.8 -8.42403 
36.85 -8.44144 
36.9 -8.45882 
36.95 -8.47621 
37 -8.49355 
37.05 -8.51092 
37.1 -8.52825 
37.15 -8.54558 
37.2 -8.56289 
37.25 -8.5802 
37.3 -8.59749 
37.35 -8.61477 
37.4 -8.63203 
37.45 -8.64929 
37.5 -8.66652 
37.55 -8.68375 
37.6 -8.70097 
37.65 -8.71818 
37.7 -8.73535 
37.75 -8.75253 
37.8 -8.76969 
37.85 -8.78684 
37.9 -8.80397 
37.95 -8.82109 
38 -8.83818 
38.05 -8.85528 
38.1 -8.87235 
38.15 -8.88942 
38.2 -8.90646 
38.25 -8.92349 
38.3 -8.9405 
38.35 -8.95752 
38.4 -8.97449 
38.45 -8.99147 
38.5 -9.00842 
38.55 -9.02536 
38.6 -9.04229 
38.65 -9.05919 
38.7 -9.07609 
38.75 -9.09295 
38.8 -9.10982 
38.85 -9.12667 
38.9 -9.14348 
38.95 -9.16029 
39 -9.17708 
39.05 -9.19386 
39.1 -9.21062 
39.15 -9.22735 
39.2 -9.24409 
39.25 -9.26078 
39.3 -9.27747 
39.35 -9.29415 
39.4 -9.31079 
39.45 -9.32744 
39.5 -9.34405 
39.55 -9.36064 
39.6 -9.37724 
39.65 -9.39379 
39.7 -9.41033 
39.75 -9.42686 
39.8 -9.44336 
39.85 -9.45984 
39.9 -9.47632 
39.95 -9.49274 
40 -9.50919 
40.05 -9.52559 
40.1 -9.54198 
40.15 -9.55835 
40.2 -9.5747 
40.25 -9.59104 
40.3 -9.60733 
40.35 -9.62363 
40.4 -9.63989 
40.45 -9.65613 
40.5 -9.67236 
40.55 -9.68858 
40.6 -9.70475 
40.65 -9.72092 
40.7 -9.73706 
40.75 -9.7532 
40.8 -9.76928 
40.85 -9.78536 
40.9 -9.80142 
40.95 -9.81746 
41 -9.83347 
41.05 -9.84945 
41.1 -9.86543 
41.15 -9.88138 
41.2 -9.8973 
41.25 -9.91321 
41.3 -9.92908 
41.35 -9.94494 
41.4 -9.96076 
41.45 -9.97658 
41.5 -9.99237 
41.55 -10.0081 
41.6 -10.0239 
41.65 -10.0396 
41.7 -10.0553 
41.75 -10.071 
41.8 -10.0866 
41.85 -10.1022 
41.9 -10.1178 
41.95 -10.1334 
42 -10.149 
42.05 -10.1645 
42.1 -10.18 
42.15 -10.1955 
42.2 -10.2109 
42.25 -10.2263 
42.3 -10.2417 
42.35 -10.2571 
42.4 -10.2725 
42.45 -10.2878 
42.5 -10.3031 
42.55 -10.3184 
42.6 -10.3336 
42.65 -10.3489 
42.7 -10.3641 
42.75 -10.3792 
42.8 -10.3944 
42.85 -10.4095 
42.9 -10.4246 
42.95 -10.4397 
43 -10.4547 
43.05 -10.4697 
43.1 -10.4847 
43.15 -10.4997 
43.2 -10.5146 
43.25 -10.5295 
43.3 -10.5444 
43.35 -10.5593 
43.4 -10.5741 
43.45 -10.5889 
43.5 -10.6037 
43.55 -10.6184 
43.6 -10.6331 
43.65 -10.6478 
43.7 -10.6625 
43.75 -10.6771 
43.8 -10.6917 
43.85 -10.7063 
43.9 -10.7209 
43.95 -10.7354 
44 -10.7499 
44.05 -10.7643 
44.1 -10.7788 
44.15 -10.7932 
44.2 -10.8076 
44.25 -10.8219 
44.3 -10.8362 
44.35 -10.8505 
44.4 -10.8648 
44.45 -10.879 
44.5 -10.8932 
44.55 -10.9074 
44.6 -10.9215 
44.65 -10.9356 
44.7 -10.9497 
44.75 -10.9638 
44.8 -10.9778 
44.85 -10.9918 
44.9 -11.0057 
44.95 -11.0197 
45 -11.0336 
45.05 -11.0474 
45.1 -11.0613 
45.15 -11.0751 
45.2 -11.0889 
45.25 -11.1026 
45.3 -11.1164 
45.35 -11.13 
45.4 -11.1437 
45.45 -11.1573 
45.5 -11.1709 
45.55 -11.1844 
45.6 -11.198 
45.65 -11.2115 
45.7 -11.2249 
45.75 -11.2384 
45.8 -11.2518 
45.85 -11.2651 
45.9 -11.2785 
45.95 -11.2918 
46 -11.3051 
46.05 -11.3183 
46.1 -11.3315 
46.15 -11.3447 
46.2 -11.3578 
46.25 -11.3709 
46.3 -11.384 
46.35 -11.3971 
46.4 -11.4101 
46.45 -11.423 
46.5 -11.436 
46.55 -11.4489 
46.6 -11.4618 
46.65 -11.4746 
46.7 -11.4874 
46.75 -11.5002 
46.8 -11.513 
46.85 -11.5257 
46.9 -11.5383 
46.95 -11.551 
47 -11.5636 
47.05 -11.5762 
47.1 -11.5887 
47.15 -11.6012 
47.2 -11.6137 
47.25 -11.6261 
47.3 -11.6385 
47.35 -11.6509 
47.4 -11.6632 
47.45 -11.6755 
47.5 -11.6878 
47.55 -11.7 
47.6 -11.7122 
47.65 -11.7244 
47.7 -11.7365 
47.75 -11.7486 
47.8 -11.7606 
47.85 -11.7727 
47.9 -11.7847 
47.95 -11.7966 
48 -11.8085 
48.05 -11.8204 
48.1 -11.8322 
48.15 -11.844 
48.2 -11.8558 
48.25 -11.8675 
48.3 -11.8792 
48.35 -11.8909 
48.4 -11.9025 
48.45 -11.9141 
48.5 -11.9257 
48.55 -11.9372 
48.6 -11.9487 
48.65 -11.9601 
48.7 -11.9715 
48.75 -11.9829 
48.8 -11.9942 
48.85 -12.0055 
48.9 -12.0168 
48.95 -12.028 
49 -12.0392 
49.05 -12.0503 
49.1 -12.0614 
49.15 -12.0725 
49.2 -12.0836 
49.25 -12.0946 
49.3 -12.1055 
49.35 -12.1164 
49.4 -12.1273 
49.45 -12.1382 
49.5 -12.149 
49.55 -12.1598 
49.6 -12.1705 
49.65 -12.1812 
49.7 -12.1919 
49.75 -12.2025 
49.8 -12.2131 
49.85 -12.2236 
49.9 -12.2341 
49.95 -12.2446 
50 -12.255 
50.05 -12.2654 
50.1 -12.2758 
50.15 -12.2861 
50.2 -12.2964 
50.25 -12.3066 
50.3 -12.3168 
50.35 -12.327 
50.4 -12.3371 
50.45 -12.3472 
50.5 -12.3573 
50.55 -12.3673 
50.6 -12.3773 
50.65 -12.3872 
50.7 -12.3971 
50.75 -12.4069 
50.8 -12.4167 
50.85 -12.4265 
50.9 -12.4362 
50.95 -12.446 
51 -12.4556 
51.05 -12.4652 
51.1 -12.4748 
51.15 -12.4843 
51.2 -12.4939 
51.25 -12.5033 
51.3 -12.5127 
51.35 -12.5221 
51.4 -12.5315 
51.45 -12.5408 
51.5 -12.5501 
51.55 -12.5592 
51.6 -12.5684 
51.65 -12.5776 
51.7 -12.5867 
51.75 -12.5957 
51.8 -12.6048 
51.85 -12.6138 
51.9 -12.6227 
51.95 -12.6316 
52 -12.6405 
52.05 -12.6493 
52.1 -12.658 
52.15 -12.6668 
52.2 -12.6755 
52.25 -12.6842 
52.3 -12.6928 
52.35 -12.7014 
52.4 -12.7099 
52.45 -12.7184 
52.5 -12.7269 
52.55 -12.7353 
52.6 -12.7436 
52.65 -12.752 
52.7 -12.7603 
52.75 -12.7685 
52.8 -12.7767 
52.85 -12.7849 
52.9 -12.793 
52.95 -12.8011 
53 -12.8092 
53.05 -12.8172 
53.1 -12.8251 
53.15 -12.8331 
53.2 -12.841 
53.25 -12.8488 
53.3 -12.8566 
53.35 -12.8644 
53.4 -12.8721 
53.45 -12.8798 
53.5 -12.8874 
53.55 -12.895 
53.6 -12.9026 
53.65 -12.9101 
53.7 -12.9175 
53.75 -12.9249 
53.8 -12.9323 
53.85 -12.9397 
53.9 -12.947 
53.95 -12.9543 
54 -12.9615 
54.05 -12.9687 
54.1 -12.9758 
54.15 -12.9829 
54.2 -12.99 
54.25 -12.9969 
54.3 -13.0039 
54.35 -13.0108 
54.4 -13.0177 
54.45 -13.0246 
54.5 -13.0314 
54.55 -13.0381 
54.6 -13.0448 
54.65 -13.0515 
54.7 -13.0581 
54.75 -13.0648 
54.8 -13.0713 
54.85 -13.0778 
54.9 -13.0843 
54.95 -13.0907 
55 -13.0971 
55.05 -13.1034 
55.1 -13.1097 
55.15 -13.116 
55.2 -13.1222 
55.25 -13.1283 
55.3 -13.1345 
55.35 -13.1406 
55.4 -13.1466 
55.45 -13.1526 
55.5 -13.1586 
55.55 -13.1645 
55.6 -13.1703 
55.65 -13.1761 
55.7 -13.1819 
55.75 -13.1877 
55.8 -13.1934 
55.85 -13.199 
55.9 -13.2047 
55.95 -13.2102 
56 -13.2158 
56.05 -13.2212 
56.1 -13.2267 
56.15 -13.2321 
56.2 -13.2375 
56.25 -13.2428 
56.3 -13.2481 
56.35 -13.2533 
56.4 -13.2585 
56.45 -13.2636 
56.5 -13.2687 
56.55 -13.2738 
56.6 -13.2788 
56.65 -13.2838 
56.7 -13.2887 
56.75 -13.2936 
56.8 -13.2985 
56.85 -13.3033 
56.9 -13.308 
56.95 -13.3128 
57 -13.3174 
57.05 -13.322 
57.1 -13.3266 
57.15 -13.3312 
57.2 -13.3357 
57.25 -13.3402 
57.3 -13.3446 
57.35 -13.349 
57.4 -13.3533 
57.45 -13.3576 
57.5 -13.3618 
57.55 -13.366 
57.6 -13.3702 
57.65 -13.3743 
57.7 -13.3784 
57.75 -13.3824 
57.8 -13.3864 
57.85 -13.3904 
57.9 -13.3943 
57.95 -13.3981 
58 -13.4019 
58.05 -13.4057 
58.1 -13.4095 
58.15 -13.4131 
58.2 -13.4168 
58.25 -13.4204 
58.3 -13.4239 
58.35 -13.4275 
58.4 -13.431 
58.45 -13.4344 
58.5 -13.4378 
58.55 -13.4411 
58.6 -13.4444 
58.65 -13.4477 
58.7 -13.4509 
58.75 -13.4541 
58.8 -13.4572 
58.85 -13.4603 
58.9 -13.4634 
58.95 -13.4664 
59 -13.4693 
59.05 -13.4722 
59.1 -13.4751 
59.15 -13.478 
59.2 -13.4807 
59.25 -13.4835 
59.3 -13.4861 
59.35 -13.4888 
59.4 -13.4914 
59.45 -13.494 
59.5 -13.4966 
59.55 -13.4991 
59.6 -13.5015 
59.65 -13.5039 
59.7 -13.5063 
59.75 -13.5086 
59.8 -13.5108 
59.85 -13.5131 
59.9 -13.5153 
59.95 -13.5174 
60 -13.5195 
60.05 -13.5216 
60.1 -13.5236 
60.15 -13.5256 
60.2 -13.5275 
60.25 -13.5294 
60.3 -13.5313 
60.35 -13.5331 
60.4 -13.5348 
60.45 -13.5366 
60.5 -13.5383 
60.55 -13.5399 
60.6 -13.5415 
60.65 -13.543 
60.7 -13.5446 
60.75 -13.546 
60.8 -13.5475 
60.85 -13.5488 
60.9 -13.5502 
60.95 -13.5515 
61 -13.5527 
61.05 -13.5539 
61.1 -13.5551 
61.15 -13.5562 
61.2 -13.5573 
61.25 -13.5584 
61.3 -13.5594 
61.35 -13.5604 
61.4 -13.5613 
61.45 -13.5622 
61.5 -13.563 
61.55 -13.5638 
61.6 -13.5645 
61.65 -13.5652 
61.7 -13.5659 
61.75 -13.5665 
61.8 -13.5671 
61.85 -13.5676 
61.9 -13.5681 
61.95 -13.5686 
62 -13.569 
62.05 -13.5694 
62.1 -13.5697 
62.15 -13.57 
62.2 -13.5702 
62.25 -13.5704 
62.3 -13.5706 
62.35 -13.5707 
62.4 -13.5708 
62.45 -13.5708 
62.5 -13.5708 
62.55 -13.5708 
62.6 -13.5707 
62.65 -13.5706 
62.7 -13.5704 
62.75 -13.5702 
62.8 -13.57 
62.85 -13.5696 
62.9 -13.5693 
62.95 -13.5689 
63 -13.5685 
63.05 -13.568 
63.1 -13.5675 
63.15 -13.567 
63.2 -13.5664 
63.25 -13.5658 
63.3 -13.5652 
63.35 -13.5644 
63.4 -13.5637 
63.45 -13.5629 
63.5 -13.5621 
63.55 -13.5612 
63.6 -13.5603 
63.65 -13.5593 
63.7 -13.5584 
63.75 -13.5573 
63.8 -13.5562 
63.85 -13.5551 
63.9 -13.554 
63.95 -13.5528 
64 -13.5515 
64.05 -13.5503 
64.1 -13.549 
64.15 -13.5476 
64.2 -13.5462 
64.25 -13.5447 
64.3 -13.5433 
64.35 -13.5417 
64.4 -13.5402 
64.45 -13.5386 
64.5 -13.5369 
64.55 -13.5352 
64.6 -13.5335 
64.65 -13.5318 
64.7 -13.5299 
64.75 -13.5281 
64.8 -13.5263 
64.85 -13.5243 
64.9 -13.5224 
64.95 -13.5204 
65 -13.5183 
65.05 -13.5163 
65.1 -13.5141 
65.15 -13.512 
65.2 -13.5098 
65.25 -13.5075 
65.3 -13.5052 
65.35 -13.5029 
65.4 -13.5005 
65.45 -13.4982 
65.5 -13.4957 
65.55 -13.4933 
65.6 -13.4907 
65.65 -13.4882 
65.7 -13.4856 
65.75 -13.483 
65.8 -13.4803 
65.85 -13.4776 
65.9 -13.4748 
65.95 -13.472 
66 -13.4692 
66.05 -13.4664 
66.1 -13.4634 
66.15 -13.4605 
66.2 -13.4575 
66.25 -13.4545 
66.3 -13.4514 
66.35 -13.4483 
66.4 -13.4452 
66.45 -13.442 
66.5 -13.4388 
66.55 -13.4355 
66.6 -13.4323 
66.65 -13.4289 
66.7 -13.4256 
66.75 -13.4221 
66.8 -13.4187 
66.85 -13.4152 
66.9 -13.4117 
66.95 -13.4081 
67 -13.4045 
67.05 -13.4009 
67.1 -13.3972 
67.15 -13.3935 
67.2 -13.3898 
67.25 -13.386 
67.3 -13.3822 
67.35 -13.3783 
67.4 -13.3744 
67.45 -13.3705 
67.5 -13.3665 
67.55 -13.3625 
67.6 -13.3585 
67.65 -13.3544 
67.7 -13.3503 
67.75 -13.3461 
67.8 -13.3419 
67.85 -13.3377 
67.9 -13.3334 
67.95 -13.3291 
68 -13.3248 
68.05 -13.3204 
68.1 -13.3159 
68.15 -13.3115 
68.2 -13.307 
68.25 -13.3025 
68.3 -13.2979 
68.35 -13.2933 
68.4 -13.2887 
68.45 -13.2841 
68.5 -13.2793 
68.55 -13.2746 
68.6 -13.2698 
68.65 -13.265 
68.7 -13.2601 
68.75 -13.2552 
68.8 -13.2503 
68.85 -13.2454 
68.9 -13.2404 
68.95 -13.2353 
69 -13.2303 
69.05 -13.2252 
69.1 -13.22 
69.15 -13.2149 
69.2 -13.2097 
69.25 -13.2044 
69.3 -13.1992 
69.35 -13.1939 
69.4 -13.1885 
69.45 -13.1831 
69.5 -13.1777 
69.55 -13.1723 
69.6 -13.1668 
69.65 -13.1612 
69.7 -13.1557 
69.75 -13.1501 
69.8 -13.1444 
69.85 -13.1388 
69.9 -13.1331 
69.95 -13.1274 
70 -13.1216 
70.05 -13.1158 
70.1 -13.11 
70.15 -13.1041 
70.2 -13.0982 
70.25 -13.0923 
70.3 -13.0863 
70.35 -13.0803 
70.4 -13.0743 
70.45 -13.0682 
70.5 -13.0621 
70.55 -13.056 
70.6 -13.0498 
70.65 -13.0436 
70.7 -13.0373 
70.75 -13.0311 
70.8 -13.0248 
70.85 -13.0184 
70.9 -13.0121 
70.95 -13.0057 
71 -12.9992 
71.05 -12.9928 
71.1 -12.9862 
71.15 -12.9797 
71.2 -12.9732 
71.25 -12.9666 
71.3 -12.96 
71.35 -12.9533 
71.4 -12.9466 
71.45 -12.9399 
71.5 -12.9331 
71.55 -12.9263 
71.6 -12.9195 
71.65 -12.9126 
71.7 -12.9057 
71.75 -12.8988 
71.8 -12.8918 
71.85 -12.8848 
71.9 -12.8778 
71.95 -12.8708 
72 -12.8637 
72.05 -12.8566 
72.1 -12.8494 
72.15 -12.8423 
72.2 -12.8351 
72.25 -12.8278 
72.3 -12.8206 
72.35 -12.8133 
72.4 -12.8059 
72.45 -12.7986 
72.5 -12.7912 
72.55 -12.7838 
72.6 -12.7763 
72.65 -12.7688 
72.7 -12.7613 
72.75 -12.7538 
72.8 -12.7462 
72.85 -12.7386 
72.9 -12.7309 
72.95 -12.7233 
73 -12.7156 
73.05 -12.7079 
73.1 -12.7001 
73.15 -12.6923 
73.2 -12.6845 
73.25 -12.6767 
73.3 -12.6688 
73.35 -12.6609 
73.4 -12.653 
73.45 -12.645 
73.5 -12.637 
73.55 -12.629 
73.6 -12.6209 
73.65 -12.6129 
73.7 -12.6048 
73.75 -12.5966 
73.8 -12.5885 
73.85 -12.5803 
73.9 -12.572 
73.95 -12.5638 
74 -12.5555 
74.05 -12.5472 
74.1 -12.5388 
74.15 -12.5305 
74.2 -12.5221 
74.25 -12.5136 
74.3 -12.5052 
74.35 -12.4967 
74.4 -12.4882 
74.45 -12.4797 
74.5 -12.4712 
74.55 -12.4625 
74.6 -12.4539 
74.65 -12.4453 
74.7 -12.4366 
74.75 -12.4279 
74.8 -12.4192 
74.85 -12.4105 
74.9 -12.4017 
74.95 -12.3929 
75 -12.384 
75.05 -12.3751 
75.1 -12.3663 
75.15 -12.3574 
75.2 -12.3484 
75.25 -12.3395 
75.3 -12.3305 
75.35 -12.3215 
75.4 -12.3124 
75.45 -12.3033 
75.5 -12.2942 
75.55 -12.2851 
75.6 -12.276 
75.65 -12.2668 
75.7 -12.2576 
75.75 -12.2483 
75.8 -12.2391 
75.85 -12.2298 
75.9 -12.2205 
75.95 -12.2112 
76 -12.2018 
76.05 -12.1924 
76.1 -12.183 
76.15 -12.1736 
76.2 -12.1641 
76.25 -12.1547 
76.3 -12.1452 
76.35 -12.1356 
76.4 -12.1261 
76.45 -12.1165 
76.5 -12.1069 
76.55 -12.0973 
76.6 -12.0876 
76.65 -12.0779 
76.7 -12.0683 
76.75 -12.0585 
76.8 -12.0488 
76.85 -12.039 
76.9 -12.0292 
76.95 -12.0194 
77 -12.0095 
77.05 -11.9997 
77.1 -11.9898 
77.15 -11.9799 
77.2 -11.9699 
77.25 -11.96 
77.3 -11.95 
77.35 -11.94 
77.4 -11.9299 
77.45 -11.9199 
77.5 -11.9098 
77.55 -11.8997 
77.6 -11.8896 
77.65 -11.8794 
77.7 -11.8693 
77.75 -11.8591 
77.8 -11.8489 
77.85 -11.8386 
77.9 -11.8284 
77.95 -11.8181 
78 -11.8078 
78.05 -11.7975 
78.1 -11.7872 
78.15 -11.7768 
78.2 -11.7664 
78.25 -11.756 
78.3 -11.7456 
78.35 -11.7352 
78.4 -11.7247 
78.45 -11.7142 
78.5 -11.7036 
78.55 -11.6931 
78.6 -11.6826 
78.65 -11.672 
78.7 -11.6614 
78.75 -11.6508 
78.8 -11.6401 
78.85 -11.6295 
78.9 -11.6188 
78.95 -11.6081 
79 -11.5974 
79.05 -11.5866 
79.1 -11.5759 
79.15 -11.5651 
79.2 -11.5543 
79.25 -11.5435 
79.3 -11.5327 
79.35 -11.5218 
79.4 -11.5109 
79.45 -11.5 
79.5 -11.4891 
79.55 -11.4782 
79.6 -11.4672 
79.65 -11.4563 
79.7 -11.4453 
79.75 -11.4343 
79.8 -11.4232 
79.85 -11.4122 
79.9 -11.4011 
79.95 -11.39 
80 -11.3789 
80.05 -11.3678 
80.1 -11.3566 
80.15 -11.3455 
80.2 -11.3343 
80.25 -11.3231 
80.3 -11.3119 
80.35 -11.3007 
80.4 -11.2894 
80.45 -11.2781 
80.5 -11.2668 
80.55 -11.2556 
80.6 -11.2442 
80.65 -11.2329 
80.7 -11.2215 
80.75 -11.2101 
80.8 -11.1988 
80.85 -11.1873 
80.9 -11.1759 
80.95 -11.1645 
81 -11.153 
81.05 -11.1416 
81.1 -11.1301 
81.15 -11.1186 
81.2 -11.1071 
81.25 -11.0955 
81.3 -11.084 
81.35 -11.0724 
81.4 -11.0608 
81.45 -11.0492 
81.5 -11.0376 
81.55 -11.0259 
81.6 -11.0143 
81.65 -11.0026 
81.7 -10.9909 
81.75 -10.9792 
81.8 -10.9675 
81.85 -10.9558 
81.9 -10.944 
81.95 -10.9323 
82 -10.9205 
82.05 -10.9087 
82.1 -10.8969 
82.15 -10.8851 
82.2 -10.8733 
82.25 -10.8614 
82.3 -10.8496 
82.35 -10.8377 
82.4 -10.8258 
82.45 -10.8139 
82.5 -10.802 
82.55 -10.79 
82.6 -10.7781 
82.65 -10.7661 
82.7 -10.7541 
82.75 -10.7421 
82.8 -10.7301 
82.85 -10.7181 
82.9 -10.7061 
82.95 -10.6941 
83 -10.682 
83.05 -10.6699 
83.1 -10.6578 
83.15 -10.6458 
83.2 -10.6336 
83.25 -10.6215 
83.3 -10.6094 
83.35 -10.5972 
83.4 -10.5851 
83.45 -10.5729 
83.5 -10.5607 
83.55 -10.5485 
83.6 -10.5363 
83.65 -10.5241 
83.7 -10.5118 
83.75 -10.4996 
83.8 -10.4874 
83.85 -10.4751 
83.9 -10.4628 
83.95 -10.4505 
84 -10.4382 
84.05 -10.4259 
84.1 -10.4136 
84.15 -10.4012 
84.2 -10.3889 
84.25 -10.3765 
84.3 -10.3641 
84.35 -10.3517 
84.4 -10.3394 
84.45 -10.3269 
84.5 -10.3145 
84.55 -10.3021 
84.6 -10.2897 
84.65 -10.2772 
84.7 -10.2647 
84.75 -10.2523 
84.8 -10.2398 
84.85 -10.2273 
84.9 -10.2148 
84.95 -10.2023 
85 -10.1898 
85.05 -10.1773 
85.1 -10.1647 
85.15 -10.1522 
85.2 -10.1396 
85.25 -10.1271 
85.3 -10.1145 
85.35 -10.1019 
85.4 -10.0893 
85.45 -10.0767 
85.5 -10.0641 
85.55 -10.0515 
85.6 -10.0388 
85.65 -10.0262 
85.7 -10.0135 
85.75 -10.0009 
85.8 -9.98821 
85.85 -9.97552 
85.9 -9.96286 
85.95 -9.95017 
86 -9.93746 
86.05 -9.92476 
86.1 -9.91204 
86.15 -9.89932 
86.2 -9.88658 
86.25 -9.87385 
86.3 -9.86111 
86.35 -9.84835 
86.4 -9.83559 
86.45 -9.82282 
86.5 -9.81003 
86.55 -9.79725 
86.6 -9.78446 
86.65 -9.77165 
86.7 -9.75886 
86.75 -9.74603 
86.8 -9.73321 
86.85 -9.72038 
86.9 -9.70755 
86.95 -9.6947 
87 -9.68186 
87.05 -9.66902 
87.1 -9.65616 
87.15 -9.64329 
87.2 -9.63043 
87.25 -9.61754 
87.3 -9.60466 
87.35 -9.59178 
87.4 -9.57887 
87.45 -9.56598 
87.5 -9.55308 
87.55 -9.54017 
87.6 -9.52724 
87.65 -9.51431 
87.7 -9.50137 
87.75 -9.48845 
87.8 -9.47548 
87.85 -9.46254 
87.9 -9.44958 
87.95 -9.43663 
88 -9.42368 
88.05 -9.41069 
88.1 -9.39774 
88.15 -9.38475 
88.2 -9.37177 
88.25 -9.35879 
88.3 -9.34582 
88.35 -9.33281 
88.4 -9.31981 
88.45 -9.30681 
88.5 -9.29381 
88.55 -9.28079 
88.6 -9.26777 
88.65 -9.25477 
88.7 -9.24174 
88.75 -9.22871 
88.8 -9.21567 
88.85 -9.20265 
88.9 -9.1896 
88.95 -9.17657 
89 -9.16353 
89.05 -9.15047 
89.1 -9.13742 
89.15 -9.12434 
89.2 -9.11128 
89.25 -9.09822 
89.3 -9.08517 
89.35 -9.07211 
89.4 -9.05902 
89.45 -9.04596 
89.5 -9.03289 
89.55 -9.01981 
89.6 -9.00674 
89.65 -8.99364 
89.7 -8.98056 
89.75 -8.96748 
89.8 -8.95438 
89.85 -8.94129 
89.9 -8.92821 
89.95 -8.91513 
90 -8.90203 
90.05 -8.88891 
90.1 -8.87583 
90.15 -8.86271 
90.2 -8.84962 
90.25 -8.8365 
90.3 -8.82341 
90.35 -8.81028 
90.4 -8.79718 
90.45 -8.78404 
90.5 -8.77094 
90.55 -8.75782 
90.6 -8.74471 
90.65 -8.73158 
90.7 -8.71848 
90.75 -8.70536 
90.8 -8.69224 
90.85 -8.67912 
90.9 -8.66601 
90.95 -8.6529 
91 -8.63976 
91.05 -8.62665 
91.1 -8.61353 
91.15 -8.60042 
91.2 -8.58728 
91.25 -8.57417 
91.3 -8.56105 
91.35 -8.54793 
91.4 -8.5348 
91.45 -8.52169 
91.5 -8.50856 
91.55 -8.49545 
91.6 -8.48233 
91.65 -8.4692 
91.7 -8.45608 
91.75 -8.44295 
91.8 -8.42983 
91.85 -8.41672 
91.9 -8.40361 
91.95 -8.39048 
92 -8.37736 
92.05 -8.36425 
92.1 -8.35115 
92.15 -8.33803 
92.2 -8.32492 
92.25 -8.31183 
92.3 -8.29872 
92.35 -8.28561 
92.4 -8.27251 
92.45 -8.2594 
92.5 -8.24631 
92.55 -8.23322 
92.6 -8.22011 
92.65 -8.20702 
92.7 -8.19391 
92.75 -8.18084 
92.8 -8.16774 
92.85 -8.15466 
92.9 -8.14156 
92.95 -8.12851 
93 -8.11542 
93.05 -8.10236 
93.1 -8.08926 
93.15 -8.0762 
93.2 -8.06312 
93.25 -8.05004 
93.3 -8.03698 
93.35 -8.0239 
93.4 -8.01084 
93.45 -7.9978 
93.5 -7.98473 
93.55 -7.97168 
93.6 -7.95864 
93.65 -7.94559 
93.7 -7.93254 
93.75 -7.9195 
93.8 -7.90649 
93.85 -7.89346 
93.9 -7.88042 
93.95 -7.8674 
94 -7.85438 
94.05 -7.84137 
94.1 -7.82834 
94.15 -7.81536 
94.2 -7.80235 
94.25 -7.78934 
94.3 -7.77635 
94.35 -7.76336 
94.4 -7.75036 
94.45 -7.7374 
94.5 -7.7244 
94.55 -7.71143 
94.6 -7.69847 
94.65 -7.68549 
94.7 -7.67253 
94.75 -7.65956 
94.8 -7.64661 
94.85 -7.63366 
94.9 -7.62071 
94.95 -7.60778 
95 -7.59484 
95.05 -7.5819 
95.1 -7.56898 
95.15 -7.55605 
95.2 -7.54313 
95.25 -7.53022 
95.3 -7.51732 
95.35 -7.50443 
95.4 -7.49153 
95.45 -7.47865 
95.5 -7.46576 
95.55 -7.45288 
95.6 -7.44001 
95.65 -7.42715 
95.7 -7.41428 
95.75 -7.40141 
95.8 -7.38859 
95.85 -7.37575 
95.9 -7.36291 
95.95 -7.35009 
96 -7.33725 
96.05 -7.32443 
96.1 -7.31161 
96.15 -7.29881 
96.2 -7.28602 
96.25 -7.27322 
96.3 -7.26044 
96.35 -7.24765 
96.4 -7.23489 
96.45 -7.2221 
96.5 -7.20936 
96.55 -7.1966 
96.6 -7.18386 
96.65 -7.1711 
96.7 -7.15835 
96.75 -7.14563 
96.8 -7.1329 
96.85 -7.12018 
96.9 -7.10747 
96.95 -7.09476 
97 -7.08207 
97.05 -7.06938 
97.1 -7.05673 
97.15 -7.04403 
97.2 -7.03137 
97.25 -7.01872 
97.3 -7.00606 
97.35 -6.99343 
97.4 -6.98079 
97.45 -6.96816 
97.5 -6.95554 
97.55 -6.94294 
97.6 -6.93034 
97.65 -6.91775 
97.7 -6.90516 
97.75 -6.89258 
97.8 -6.88 
97.85 -6.86744 
97.9 -6.85488 
97.95 -6.84234 
98 -6.8298 
98.05 -6.81727 
98.1 -6.80475 
98.15 -6.79222 
98.2 -6.77972 
98.25 -6.76722 
98.3 -6.75473 
98.35 -6.74225 
98.4 -6.72978 
98.45 -6.71732 
98.5 -6.70485 
98.55 -6.69241 
98.6 -6.67997 
98.65 -6.66753 
98.7 -6.65511 
98.75 -6.6427 
98.8 -6.63029 
98.85 -6.61789 
98.9 -6.60551 
98.95 -6.59312 
99 -6.58075 
99.05 -6.5684 
99.1 -6.55604 
99.15 -6.5437 
99.2 -6.53139 
99.25 -6.51906 
99.3 -6.50674 
99.35 -6.49443 
99.4 -6.48215 
99.45 -6.46987 
99.5 -6.4576 
99.55 -6.44532 
99.6 -6.43308 
99.65 -6.42083 
99.7 -6.4086 
99.75 -6.39638 
99.8 -6.38415 
99.85 -6.37194 
99.9 -6.35976 
99.95 -6.34758 
100 -6.33539 
100.05 -6.32323 
100.1 -6.31107 
100.15 -6.29892 
100.2 -6.28679 
100.25 -6.27467 
100.3 -6.26255 
100.35 -6.25045 
100.4 -6.23835 
100.45 -6.22627 
100.5 -6.2142 
100.55 -6.20213 
100.6 -6.19006 
100.65 -6.17802 
100.7 -6.16598 
100.75 -6.15397 
100.8 -6.14196 
100.85 -6.12995 
100.9 -6.11797 
100.95 -6.10599 
101 -6.09402 
101.05 -6.08207 
101.1 -6.07012 
101.15 -6.05819 
101.2 -6.04626 
101.25 -6.03435 
101.3 -6.02245 
101.35 -6.01056 
101.4 -5.99868 
101.45 -5.9868 
101.5 -5.97494 
101.55 -5.9631 
101.6 -5.95126 
101.65 -5.93944 
101.7 -5.92762 
101.75 -5.91582 
101.8 -5.90402 
101.85 -5.89224 
101.9 -5.88047 
101.95 -5.86873 
102 -5.85698 
102.05 -5.84524 
102.1 -5.83353 
102.15 -5.82182 
102.2 -5.81012 
102.25 -5.79843 
102.3 -5.78676 
102.35 -5.7751 
102.4 -5.76345 
102.45 -5.75181 
102.5 -5.74018 
102.55 -5.72856 
102.6 -5.71696 
102.65 -5.70537 
102.7 -5.69379 
102.75 -5.68221 
102.8 -5.67066 
102.85 -5.65912 
102.9 -5.64759 
102.95 -5.63606 
103 -5.62456 
103.05 -5.61305 
103.1 -5.60158 
103.15 -5.5901 
103.2 -5.57865 
103.25 -5.5672 
103.3 -5.55578 
103.35 -5.54435 
103.4 -5.53295 
103.45 -5.52155 
103.5 -5.51016 
103.55 -5.4988 
103.6 -5.48744 
103.65 -5.4761 
103.7 -5.46476 
103.75 -5.45345 
103.8 -5.44213 
103.85 -5.43084 
103.9 -5.41957 
103.95 -5.40829 
104 -5.39704 
104.05 -5.38578 
104.1 -5.37455 
104.15 -5.36333 
104.2 -5.35212 
104.25 -5.34093 
104.3 -5.32975 
104.35 -5.31858 
104.4 -5.30744 
104.45 -5.29629 
104.5 -5.28517 
104.55 -5.27405 
104.6 -5.26295 
104.65 -5.25186 
104.7 -5.2408 
104.75 -5.22973 
104.8 -5.21868 
104.85 -5.20765 
104.9 -5.19662 
104.95 -5.18561 
105 -5.17462 
105.05 -5.16364 
105.1 -5.15268 
105.15 -5.14171 
105.2 -5.13078 
105.25 -5.11984 
105.3 -5.10893 
105.35 -5.09803 
105.4 -5.08714 
105.45 -5.07627 
105.5 -5.0654 
105.55 -5.05456 
105.6 -5.04373 
105.65 -5.0329 
105.7 -5.02209 
105.75 -5.0113 
105.8 -5.00052 
105.85 -4.98975 
105.9 -4.979 
105.95 -4.96826 
106 -4.95754 
106.05 -4.94683 
106.1 -4.93614 
106.15 -4.92544 
106.2 -4.91477 
106.25 -4.90412 
106.3 -4.89348 
106.35 -4.88285 
106.4 -4.87224 
106.45 -4.86165 
106.5 -4.85106 
106.55 -4.84048 
106.6 -4.82993 
106.65 -4.81938 
106.7 -4.80886 
106.75 -4.79834 
106.8 -4.78785 
106.85 -4.77735 
106.9 -4.76689 
106.95 -4.75642 
107 -4.74598 
107.05 -4.73554 
107.1 -4.72513 
107.15 -4.71472 
107.2 -4.70433 
107.25 -4.69395 
107.3 -4.68359 
107.35 -4.67325 
107.4 -4.66292 
107.45 -4.6526 
107.5 -4.64229 
107.55 -4.632 
107.6 -4.62174 
107.65 -4.61148 
107.7 -4.60122 
107.75 -4.59099 
107.8 -4.58078 
107.85 -4.57058 
107.9 -4.56039 
107.95 -4.55022 
108 -4.54007 
108.05 -4.52992 
108.1 -4.51978 
108.15 -4.50967 
108.2 -4.49957 
108.25 -4.48948 
108.3 -4.47941 
108.35 -4.46935 
108.4 -4.45932 
108.45 -4.44928 
108.5 -4.43927 
108.55 -4.42927 
108.6 -4.41929 
108.65 -4.40932 
108.7 -4.39935 
108.75 -4.38941 
108.8 -4.37948 
108.85 -4.36957 
108.9 -4.35967 
108.95 -4.3498 
109 -4.33992 
109.05 -4.33007 
109.1 -4.32022 
109.15 -4.31039 
109.2 -4.30059 
109.25 -4.2908 
109.3 -4.28102 
109.35 -4.27125 
109.4 -4.26151 
109.45 -4.25177 
109.5 -4.24205 
109.55 -4.23235 
109.6 -4.22265 
109.65 -4.21298 
109.7 -4.20331 
109.75 -4.19367 
109.8 -4.18403 
109.85 -4.17442 
109.9 -4.16481 
109.95 -4.15523 
110 -4.14565 
110.05 -4.1361 
110.1 -4.12656 
110.15 -4.11702 
110.2 -4.1075 
110.25 -4.09801 
110.3 -4.08853 
110.35 -4.07905 
110.4 -4.0696 
110.45 -4.06016 
110.5 -4.05074 
110.55 -4.04132 
110.6 -4.03193 
110.65 -4.02254 
110.7 -4.01317 
110.75 -4.00382 
110.8 -3.99448 
110.85 -3.98516 
110.9 -3.97585 
110.95 -3.96656 
111 -3.95728 
111.05 -3.94802 
111.1 -3.93877 
111.15 -3.92953 
111.2 -3.92033 
111.25 -3.91112 
111.3 -3.90193 
111.35 -3.89276 
111.4 -3.8836 
111.45 -3.87446 
111.5 -3.86533 
111.55 -3.85622 
111.6 -3.84712 
111.65 -3.83803 
111.7 -3.82897 
111.75 -3.81991 
111.8 -3.81087 
111.85 -3.80184 
111.9 -3.79284 
111.95 -3.78385 
112 -3.77486 
112.05 -3.7659 
112.1 -3.75694 
112.15 -3.748 
112.2 -3.73909 
112.25 -3.73017 
112.3 -3.72128 
112.35 -3.71241 
112.4 -3.70354 
112.45 -3.69469 
112.5 -3.68586 
112.55 -3.67704 
112.6 -3.66823 
112.65 -3.65944 
112.7 -3.65066 
112.75 -3.6419 
112.8 -3.63315 
112.85 -3.62442 
112.9 -3.61571 
112.95 -3.607 
113 -3.59832 
113.05 -3.58964 
113.1 -3.58099 
113.15 -3.57235 
113.2 -3.56371 
113.25 -3.5551 
113.3 -3.5465 
113.35 -3.53792 
113.4 -3.52935 
113.45 -3.5208 
113.5 -3.51225 
113.55 -3.50373 
113.6 -3.49522 
113.65 -3.48671 
113.7 -3.47823 
113.75 -3.46977 
113.8 -3.46132 
113.85 -3.45288 
113.9 -3.44444 
113.95 -3.43604 
114 -3.42764 
114.05 -3.41926 
114.1 -3.41089 
114.15 -3.40254 
114.2 -3.39419 
114.25 -3.38587 
114.3 -3.37756 
114.35 -3.36927 
114.4 -3.36098 
114.45 -3.35271 
114.5 -3.34446 
114.55 -3.33622 
114.6 -3.328 
114.65 -3.31978 
114.7 -3.31159 
114.75 -3.30341 
114.8 -3.29523 
114.85 -3.28707 
114.9 -3.27893 
114.95 -3.2708 
115 -3.26269 
115.05 -3.25459 
115.1 -3.2465 
115.15 -3.23842 
115.2 -3.23037 
115.25 -3.22232 
115.3 -3.2143 
115.35 -3.20627 
115.4 -3.19828 
115.45 -3.19029 
115.5 -3.18231 
115.55 -3.17435 
115.6 -3.16641 
115.65 -3.15847 
115.7 -3.15055 
115.75 -3.14265 
115.8 -3.13475 
115.85 -3.12687 
115.9 -3.11901 
115.95 -3.11115 
116 -3.10332 
116.05 -3.09549 
116.1 -3.08767 
116.15 -3.07987 
116.2 -3.07208 
116.25 -3.06431 
116.3 -3.05655 
116.35 -3.0488 
116.4 -3.04107 
116.45 -3.03334 
116.5 -3.02563 
116.55 -3.01793 
116.6 -3.01024 
116.65 -3.00257 
116.7 -2.9949 
116.75 -2.98725 
116.8 -2.97962 
116.85 -2.972 
116.9 -2.96437 
116.95 -2.95678 
117 -2.94919 
117.05 -2.94161 
117.1 -2.93404 
117.15 -2.92648 
117.2 -2.91894 
117.25 -2.9114 
117.3 -2.90388 
117.35 -2.89637 
117.4 -2.88887 
117.45 -2.88137 
117.5 -2.87389 
117.55 -2.86643 
117.6 -2.85896 
117.65 -2.85151 
117.7 -2.84406 
117.75 -2.83663 
117.8 -2.8292 
117.85 -2.82179 
117.9 -2.81438 
117.95 -2.80698 
118 -2.79958 
118.05 -2.7922 
118.1 -2.78482 
118.15 -2.77745 
118.2 -2.77009 
118.25 -2.76273 
118.3 -2.75538 
118.35 -2.74803 
118.4 -2.74069 
118.45 -2.73336 
118.5 -2.72603 
118.55 -2.71871 
118.6 -2.71139 
118.65 -2.70407 
118.7 -2.69676 
118.75 -2.68945 
118.8 -2.68215 
118.85 -2.67485 
118.9 -2.66755 
118.95 -2.66025 
119 -2.65295 
119.05 -2.64565 
119.1 -2.63836 
119.15 -2.63106 
119.2 -2.62376 
119.25 -2.61647 
119.3 -2.60917 
119.35 -2.60187 
119.4 -2.59458 
119.45 -2.58727 
119.5 -2.57997 
119.55 -2.57266 
119.6 -2.56535 
119.65 -2.55804 
119.7 -2.55072 
119.75 -2.5434 
119.8 -2.53608 
119.85 -2.52875 
119.9 -2.52142 
119.95 -2.51408 
120 -2.50674 
120.05 -2.49939 
120.1 -2.49203 
120.15 -2.48468 
120.2 -2.4773 
120.25 -2.46993 
120.3 -2.46255 
120.35 -2.45516 
120.4 -2.44776 
120.45 -2.44036 
120.5 -2.43295 
120.55 -2.42553 
120.6 -2.41811 
120.65 -2.41067 
120.7 -2.40323 
120.75 -2.39578 
120.8 -2.38832 
120.85 -2.38086 
120.9 -2.37338 
120.95 -2.36591 
121 -2.35841 
121.05 -2.35092 
121.1 -2.34341 
121.15 -2.33591 
121.2 -2.32839 
121.25 -2.32086 
121.3 -2.31333 
121.35 -2.30579 
121.4 -2.29825 
121.45 -2.2907 
121.5 -2.28314 
121.55 -2.27559 
121.6 -2.26803 
121.65 -2.26046 
121.7 -2.25289 
121.75 -2.24531 
121.8 -2.23773 
121.85 -2.23015 
121.9 -2.22257 
121.95 -2.21499 
122 -2.2074 
122.05 -2.19981 
122.1 -2.19223 
122.15 -2.18465 
122.2 -2.17707 
122.25 -2.16949 
122.3 -2.16191 
122.35 -2.15434 
122.4 -2.14677 
122.45 -2.13921 
122.5 -2.13165 
122.55 -2.12411 
122.6 -2.11656 
122.65 -2.10902 
122.7 -2.1015 
122.75 -2.09398 
122.8 -2.08648 
122.85 -2.07898 
122.9 -2.07149 
122.95 -2.06403 
123 -2.05658 
123.05 -2.04913 
123.1 -2.04171 
123.15 -2.0343 
123.2 -2.02691 
123.25 -2.01954 
123.3 -2.01218 
123.35 -2.00485 
123.4 -1.99754 
123.45 -1.99024 
123.5 -1.98297 
123.55 -1.97573 
123.6 -1.9685 
123.65 -1.9613 
123.7 -1.95413 
123.75 -1.94698 
123.8 -1.93986 
123.85 -1.93277 
123.9 -1.92571 
123.95 -1.91868 
124 -1.91167 
124.05 -1.9047 
124.1 -1.89775 
124.15 -1.89084 
124.2 -1.88396 
124.25 -1.87712 
124.3 -1.87031 
124.35 -1.86353 
124.4 -1.85679 
124.45 -1.85008 
124.5 -1.84341 
124.55 -1.83678 
124.6 -1.83018 
124.65 -1.82362 
124.7 -1.8171 
124.75 -1.81062 
124.8 -1.80418 
124.85 -1.79778 
124.9 -1.79142 
124.95 -1.7851 
125 -1.77881 
125.05 -1.77258 
125.1 -1.76637 
125.15 -1.76022 
125.2 -1.7541 
125.25 -1.74803 
125.3 -1.742 
125.35 -1.73601 
125.4 -1.73006 
125.45 -1.72415 
125.5 -1.71829 
125.55 -1.71247 
125.6 -1.7067 
125.65 -1.70097 
125.7 -1.69528 
125.75 -1.68963 
125.8 -1.68403 
125.85 -1.67846 
125.9 -1.67295 
125.95 -1.66748 
126 -1.66205 
126.05 -1.65666 
126.1 -1.65132 
126.15 -1.64601 
126.2 -1.64075 
126.25 -1.63554 
126.3 -1.63036 
126.35 -1.62523 
126.4 -1.62014 
126.45 -1.6151 
126.5 -1.61009 
126.55 -1.60512 
126.6 -1.6002 
126.65 -1.59531 
126.7 -1.59047 
126.75 -1.58567 
126.8 -1.58091 
126.85 -1.57619 
126.9 -1.57151 
126.95 -1.56687 
127 -1.56227 
127.05 -1.5577 
127.1 -1.55318 
127.15 -1.5487 
127.2 -1.54425 
127.25 -1.53984 
127.3 -1.53547 
127.35 -1.53113 
127.4 -1.52683 
127.45 -1.52257 
127.5 -1.51834 
127.55 -1.51415 
127.6 -1.51 
127.65 -1.50588 
127.7 -1.50179 
127.75 -1.49774 
127.8 -1.49372 
127.85 -1.48974 
127.9 -1.48579 
127.95 -1.48187 
128 -1.47799 
128.05 -1.47413 
128.1 -1.47031 
128.15 -1.46653 
128.2 -1.46277 
128.25 -1.45904 
128.3 -1.45534 
128.35 -1.45167 
128.4 -1.44804 
128.45 -1.44443 
128.5 -1.44085 
128.55 -1.4373 
128.6 -1.43378 
128.65 -1.43029 
128.7 -1.42682 
128.75 -1.42338 
128.8 -1.41997 
128.85 -1.41659 
128.9 -1.41323 
128.95 -1.4099 
129 -1.40659 
129.05 -1.40331 
129.1 -1.40006 
129.15 -1.39683 
129.2 -1.39362 
129.25 -1.39044 
129.3 -1.38729 
129.35 -1.38416 
129.4 -1.38105 
129.45 -1.37797 
129.5 -1.37491 
129.55 -1.37187 
129.6 -1.36886 
129.65 -1.36587 
129.7 -1.3629 
129.75 -1.35995 
129.8 -1.35703 
129.85 -1.35413 
129.9 -1.35124 
129.95 -1.34838 
130 -1.34553 
130.05 -1.3427 
130.1 -1.3399 
130.15 -1.3371 
130.2 -1.33433 
130.25 -1.33157 
130.3 -1.32883 
130.35 -1.3261 
130.4 -1.3234 
130.45 -1.3207 
130.5 -1.31803 
130.55 -1.31536 
130.6 -1.31272 
130.65 -1.31009 
130.7 -1.30747 
130.75 -1.30486 
130.8 -1.30227 
130.85 -1.2997 
130.9 -1.29713 
130.95 -1.29458 
131 -1.29205 
131.05 -1.28952 
131.1 -1.28701 
131.15 -1.28451 
131.2 -1.28202 
131.25 -1.27955 
131.3 -1.27708 
131.35 -1.27463 
131.4 -1.27219 
131.45 -1.26976 
131.5 -1.26733 
131.55 -1.26492 
131.6 -1.26252 
131.65 -1.26014 
131.7 -1.25776 
131.75 -1.25539 
131.8 -1.25303 
131.85 -1.25068 
131.9 -1.24833 
131.95 -1.246 
132 -1.24368 
132.05 -1.24137 
132.1 -1.23906 
132.15 -1.23676 
132.2 -1.23447 
132.25 -1.23219 
