2183
0
109.1
0.253577292
0.2522227466
0.2508700788
0.2495149374
0.2481603622
0.2468058467
0.2454481721
0.2440894097
0.242730692
0.241369769
0.2400109768
0.2386474311
0.2372840047
0.2359175682
0.2345510572
0.2331837714
0.2318145782
0.2304433137
0.2290697992
0.2276947051
0.2263188809
0.224939242
0.2235577255
0.2221730202
0.2207867652
0.2193966657
0.2180038691
0.216606915
0.215206787
0.2138034254
0.2123954296
0.2109829187
0.2095664442
0.2081454247
0.2067174911
0.2052862197
0.2038502991
0.2024049163
0.2009549588
0.1994979531
0.1980329752
0.1965611577
0.1950814873
0.1935939491
0.1920989603
0.190593794
0.1890792996
0.1875534505
0.1860181242
0.1844721138
0.182916224
0.1813448071
0.1797658056
0.1781713367
0.1765652597
0.1749434769
0.1733088046
0.1716604829
0.1699939519
0.1683136374
0.1666150987
0.1649015993
0.1631703973
0.1614198685
0.1596518159
0.1578646153
0.1560568959
0.1542287767
0.152381137
0.150510028
0.1486166716
0.1467030495
0.144763425
0.1428013742
0.1408145875
0.1388019621
0.1367643923
0.1346995085
0.1326081157
0.1304883957
0.1283389479
0.1261616349
0.1239558756
0.121717982
0.1194511577
0.1171503291
0.1148190424
0.1124546826
0.1100562885
0.1076236293
0.1051550955
0.1026526019
0.1001126617
0.09753561765
0.09492123872
0.09226837009
0.0895762369
0.08684648573
0.08407467604
0.08126215637
0.07840815932
0.07551171631
0.0725716576
0.06958808005
0.06656040996
0.06348766387
0.06036842614
0.05720336363
0.05399118736
0.05072942749
0.04742007703
0.04406159744
0.04065367952
0.037193086
0.03368403763
0.0301194787
0.0265033748
0.02283401787
0.01911071688
0.01533129252
0.01149660069
0.007604767568
0.003656579414
-0.0003503196349
-0.004415594973
-0.008539514616
-0.01272558887
-0.01697072387
-0.02127748169
-0.02564672008
-0.03008024581
-0.0345769152
-0.03913713247
-0.04376383871
-0.04845676944
-0.05321608111
-0.05804291368
-0.0629382357
-0.0679018721
-0.07293641567
-0.07804197818
-0.08321646601
-0.08846513182
-0.09378707409
-0.09918183088
-0.104650639
-0.1101949662
-0.1158146188
-0.1215119809
-0.127286762
-0.1331386566
-0.1390715092
-0.1450831741
-0.1511761695
-0.1573491991
-0.163605392
-0.1699445546
-0.1763668358
-0.1828738749
-0.1894672215
-0.1961460859
-0.2029112428
-0.209764272
-0.2167070508
-0.2237380892
-0.2308592647
-0.2380714715
-0.2453757524
-0.2527726293
-0.2602632642
-0.2678468823
-0.2755268216
-0.2833014131
-0.2911723256
-0.2991413176
-0.3072090149
-0.3153749704
-0.3236413598
-0.332007736
-0.3404764831
-0.3490465283
-0.357720077
-0.3664974272
-0.3753811419
-0.3843673766
-0.3934624493
-0.4026640952
-0.4119744599
-0.4213932455
-0.4309206605
-0.4405588806
-0.4503089786
-0.4601714313
-0.4701465666
-0.4802351296
-0.4904392064
-0.5007586479
-0.511195302
-0.5217481256
-0.5324190855
-0.5432078838
-0.55411762
-0.5651467443
-0.5762962699
-0.5875707269
-0.5989658833
-0.6104862094
-0.6221308112
-0.633900106
-0.645796001
-0.6578202844
-0.6699700356
-0.6822500825
-0.6946582794
-0.7071991563
-0.7198698521
-0.7326712012
-0.7456074953
-0.7586764693
-0.7718803287
-0.7852185965
-0.7986931205
-0.8123059273
-0.8260557652
-0.8399439454
-0.8539712429
-0.868139565
-0.8824469447
-0.8968970776
-0.9114893079
-0.9262256622
-0.9411057234
-0.9561299682
-0.9713013172
-0.9866172075
-1.002082467
-1.017695546
-1.033457518
-1.049367309
-1.065428615
-1.081641316
-1.098006606
-1.114524007
-1.131194353
-1.148018718
-1.1650002
-1.182135105
-1.199428558
-1.216876745
-1.234484553
-1.252249837
-1.270176172
-1.288262129
-1.306508422
-1.32491684
-1.343487382
-1.36222136
-1.38111949
-1.400182366
-1.419409156
-1.438802481
-1.458362103
-1.478090286
-1.497984767
-1.518049359
-1.538283229
-1.558686495
-1.579260945
-1.600007296
-1.620924234
-1.6420151
-1.663277984
-1.684715867
-1.70632875
-1.728117108
-1.750078559
-1.772218823
-1.79453671
-1.817030668
-1.839702845
-1.862555146
-1.885586023
-1.90879941
-1.932188392
-1.955763459
-1.979515433
-2.003455162
-2.027576923
-2.051878929
-2.076366186
-2.101038218
-2.125897408
-2.150939226
-2.176167727
-2.201583862
-2.227186203
-2.252974749
-2.278954268
-2.305121422
-2.331476688
-2.358020544
-2.384756565
-2.41168189
-2.438797951
-2.466104269
-2.49360323
-2.521292448
-2.549176931
-2.577251911
-2.605523109
-2.633983612
-2.662640572
-2.691490173
-2.720538139
-2.749777317
-2.779215097
-2.808842897
-2.838671684
-2.868695736
-2.898914576
-2.929332256
-2.95994854
-2.990759611
-3.021768332
-3.052975178
-3.084381819
-3.115986586
-3.147787333
-3.179789543
-3.211988688
-3.244387865
-3.276985407
-3.309785128
-3.342780352
-3.375977755
-3.409377098
-3.442974329
-3.476774693
-3.510771036
-3.544971466
-3.579371214
-3.613968849
-3.648772478
-3.683775425
-3.718976736
-3.754378557
-3.789983511
-3.825787067
-3.861792088
-3.898000002
-3.93440938
-3.971017122
-4.007826328
-4.04484129
-4.082042694
-4.119455338
-4.157071114
-4.19488287
-4.232895374
-4.271102905
-4.30951643
-4.348133564
-4.386939526
-4.425951004
-4.465163231
-4.50456953
-4.54417944
-4.583986282
-4.623991013
-4.664200783
-4.704597473
-4.745195389
-4.785995007
-4.826985836
-4.868179798
-4.90955925
-4.951147556
-4.992923737
-5.034898281
-5.077065468
-5.119431973
-5.161993027
-5.204737663
-5.247681141
-5.290816784
-5.334148407
-5.377671242
-5.421382904
-5.465287685
-5.509381294
-5.55366993
-5.598144531
-5.642805099
-5.687659264
-5.732696533
-5.777924538
-5.823339462
-5.868939877
-5.914719105
-5.960689545
-6.006842136
-6.053179741
-6.099696159
-6.146399975
-6.19327879
-6.240342617
-6.287587643
-6.335004807
-6.382604122
-6.430379868
-6.478341103
-6.526465893
-6.574775696
-6.623253822
-6.671907902
-6.720728397
-6.769726276
-6.818896294
-6.868229866
-6.917737961
-6.967412472
-7.017260075
-7.067265511
-7.117435455
-7.167768478
-7.21827507
-7.268933296
-7.319758892
-7.370741367
-7.421882629
-7.473187923
-7.524642467
-7.576259613
-7.628029346
-7.679945946
-7.732017517
-7.784248829
-7.836621761
-7.889142513
-7.941820621
-7.994637012
-8.047605515
-8.100708961
-8.153958321
-8.207359314
-8.260886192
-8.314559937
-8.368370056
-8.422317505
-8.476396561
-8.530614853
-8.584950447
-8.639436722
-8.694046021
-8.748779297
-8.803640366
-8.858640671
-8.913743019
-8.968980789
-9.024334908
-9.079808235
-9.135406494
-9.191123962
-9.246939659
-9.302876472
-9.358935356
-9.415097237
-9.471365929
-9.52775383
-9.584233284
-9.640813828
-9.697510719
-9.75429821
-9.811189651
-9.868185043
-9.925282478
-9.982458115
-10.03972244
-10.09710026
-10.15454865
-10.21208858
-10.26971531
-10.32742405
-10.38522816
-10.44309807
-10.50105286
-10.55907822
-10.61718273
-10.67537403
-10.73361492
-10.79194832
-10.85033321
-10.90878391
-10.96731091
-11.02589893
-11.08454323
-11.14324665
-11.20200825
-11.26081467
-11.31968212
-11.37860298
-11.43756676
-11.49659061
-11.55565739
-11.61476707
-11.67391205
-11.73310184
-11.79232693
-11.85159302
-11.91087055
-11.9702034
-12.02955723
-12.08893299
-12.14834023
-12.20776463
-12.26722145
-12.32670784
-12.38619041
-12.44569588
-12.50520515
-12.56474304
-12.62426853
-12.68381691
-12.74336433
-12.80291176
-12.86247444
-12.92202854
-12.98156643
-13.04110432
-13.10064125
-13.16017151
-13.21966743
-13.27917004
-13.33864594
-13.39809704
-13.45754242
-13.5169611
-13.57633781
-13.63570404
-13.69504166
-13.7543354
-13.81360149
-13.87283897
-13.93201923
-13.99116611
-14.05028343
-14.10933685
-14.16835976
-14.227314
-14.28622627
-14.34507656
-14.40387344
-14.46262932
-14.52128887
-14.57991982
-14.63846684
-14.69695568
-14.75536346
-14.81370831
-14.87196922
-14.93017006
-14.98826885
-15.04629326
-15.10424995
-15.16210651
-15.21986675
-15.27754402
-15.3351326
-15.3926239
-15.45002747
-15.5073185
-15.56450939
-15.62159824
-15.67858315
-15.73545551
-15.79220867
-15.84887505
-15.90539455
-15.96180153
-16.01810265
-16.07430649
-16.1303215
-16.18623924
-16.2420311
-16.29769897
-16.35322189
-16.40863037
-16.46387291
-16.51899529
-16.57396507
-16.62877083
-16.68346405
-16.73798752
-16.79235458
-16.84658051
-16.90065002
-16.95456886
-17.00830269
-17.06190109
-17.11532021
-17.1685524
-17.22165489
-17.2745533
-17.32730865
-17.37984848
-17.43225479
-17.48446846
-17.53647041
-17.58830833
-17.63995552
-17.6914196
-17.74267387
-17.793787
-17.84464836
-17.89535522
-17.94583321
-17.99610901
-18.04619408
-18.09606361
-18.14572525
-18.1951828
-18.24443054
-18.29346848
-18.34228516
-18.39086533
-18.43922997
-18.48739433
-18.53531456
-18.58303833
-18.63050842
-18.6777401
-18.72476578
-18.77152443
-18.81810951
-18.86440468
-18.91044998
-18.9562912
-19.00188065
-19.04720497
-19.09227943
-19.13711548
-19.18171501
-19.22603607
-19.2701149
-19.31395149
-19.35750198
-19.40079117
-19.44384193
-19.48662186
-19.52911186
-19.57137108
-19.61334038
-19.65504837
-19.69645882
-19.73761177
-19.77850151
-19.81910896
-19.8593998
-19.89946556
-19.93919945
-19.97867012
-20.01784515
-20.05674744
-20.09535599
-20.13367844
-20.1716938
-20.2094326
-20.24687195
-20.28398705
-20.32082176
-20.35737038
-20.39360428
-20.42952728
-20.46514702
-20.50047684
-20.5355072
-20.57019424
-20.60459137
-20.63867188
-20.67243958
-20.70588875
-20.73905563
-20.77184677
-20.8043766
-20.8365345
-20.86841393
-20.89995193
-20.93115234
-20.96205711
-20.99261856
-21.02287102
-21.05276299
-21.08235168
-21.11159134
-21.14053535
-21.16911125
-21.19738197
-21.22528267
-21.25287437
-21.2800827
-21.30701256
-21.33356857
-21.35981369
-21.38568878
-21.41123772
-21.43643188
-21.4612999
-21.4858036
-21.50998497
-21.53380394
-21.55726624
-21.58040428
-21.60318184
-21.62559509
-21.64767838
-21.66938972
-21.69077682
-21.71181107
-21.73243332
-21.75278282
-21.77273369
-21.79233551
-21.81157684
-21.83047485
-21.84899902
-21.86716461
-21.88499069
-21.90242195
-21.91951752
-21.93626976
-21.95264435
-21.96867371
-21.98429489
-21.99962807
-22.01452827
-22.02911949
-22.04330063
-22.05714417
-22.07063293
-22.0837574
-22.09648895
-22.10887146
-22.12091064
-22.13253784
-22.14385986
-22.15475082
-22.16530228
-22.17551994
-22.18533134
-22.19479179
-22.20389366
-22.21260071
-22.2209568
-22.2289505
-22.23658752
-22.24382782
-22.25073051
-22.25723839
-22.2634182
-22.26921654
-22.27459908
-22.27967262
-22.28435326
-22.2886982
-22.29265594
-22.29624748
-22.29948044
-22.30234909
-22.30482292
-22.30696106
-22.3087101
-22.3101368
-22.31115341
-22.31182098
-22.3121376
-22.31206703
-22.31163216
-22.31087685
-22.30971146
-22.30819511
-22.30633354
-22.30410576
-22.30152321
-22.29857445
-22.29526901
-22.29156876
-22.28754997
-22.28316116
-22.27842331
-22.27331543
-22.26786804
-22.2620697
-22.25587845
-22.24934578
-22.24247169
-22.23521614
-22.22764397
-22.21969414
-22.21141434
-22.20277977
-22.19375801
-22.18443108
-22.17474937
-22.16470528
-22.1543293
-22.14360237
-22.1325264
-22.1210804
-22.10935211
-22.09724617
-22.08478355
-22.07199287
-22.0588932
-22.04541397
-22.03161812
-22.01746559
-22.00301552
-21.98817825
-21.97303391
-21.95755386
-21.94174957
-21.92560577
-21.90912628
-21.89233208
-21.87521172
-21.8577652
-21.8399601
-21.82188416
-21.80346298
-21.7847271
-21.76563072
-21.74625206
-21.72654533
-21.70652962
-21.68616867
-21.66553879
-21.64454079
-21.6232872
-21.60167885
-21.57978821
-21.55757332
-21.53507805
-21.51226425
-21.48912811
-21.46568871
-21.4419651
-21.41796112
-21.39362907
-21.36899185
-21.34405327
-21.31886864
-21.29335022
-21.26755333
-21.24146271
-21.21506882
-21.18840981
-21.16146469
-21.13423347
-21.1067028
-21.07891083
-21.05083275
-21.02248001
-20.99386406
-20.96492004
-20.93571663
-20.90628624
-20.8765583
-20.84655952
-20.81630135
-20.78575516
-20.75498199
-20.72391701
-20.69262505
-20.66103554
-20.62919617
-20.59709358
-20.56475449
-20.53215599
-20.49932098
-20.46619415
-20.43285561
-20.39926147
-20.36544418
-20.33133507
-20.29704285
-20.26247597
-20.22768211
-20.19265556
-20.1573925
-20.12186623
-20.08614922
-20.05020332
-20.01401329
-19.97761154
-19.94095612
-19.9040947
-19.86702538
-19.82974052
-19.79223061
-19.75449371
-19.71655655
-19.6784153
-19.64004707
-19.60148621
-19.56270599
-19.52371216
-19.48453331
-19.44517899
-19.40556908
-19.36580467
-19.32580376
-19.2856617
-19.24530411
-19.20478249
-19.16405296
-19.12312508
-19.08201408
-19.04071426
-18.99926567
-18.95762253
-18.91581345
-18.87380219
-18.83164597
-18.7893219
-18.74680328
-18.70412636
-18.66127014
-18.61829758
-18.57512093
-18.53178787
-18.48832512
-18.44465256
-18.400877
-18.35693741
-18.31282425
-18.26860428
-18.22421455
-18.17964172
-18.13495636
-18.09014702
-18.04518509
-18.00009346
-17.95487404
-17.90949821
-17.86398125
-17.81836128
-17.77261543
-17.72671318
-17.68069649
-17.63456726
-17.58831596
-17.54194069
-17.49544334
-17.448843
-17.40211868
-17.35527992
-17.30834961
-17.2613163
-17.21416283
-17.16691017
-17.11950493
-17.07206345
-17.02451324
-16.97685432
-16.92908669
-16.88124084
-16.8333149
-16.78526115
-16.73713875
-16.68896103
-16.64066124
-16.59230042
-16.54384995
-16.49528885
-16.44667816
-16.39800835
-16.34923935
-16.3004055
-16.25152588
-16.20252609
-16.15350151
-16.10441017
-16.05526543
-16.00600433
-15.95673466
-15.90738106
-15.85797596
-15.80852222
-15.75902367
-15.70944118
-15.65984631
-15.61018944
-15.56048012
-15.51071835
-15.46092701
-15.41109562
-15.36123562
-15.31132603
-15.26136303
-15.21138477
-15.16136742
-15.11131477
-15.06123829
-15.01114655
-14.96100616
-14.91085815
-14.86067295
-14.81047058
-14.760252
-14.71000576
-14.65974998
-14.60948277
-14.55919647
-14.5089016
-14.45859528
-14.4082737
-14.35794449
-14.30762959
-14.25728512
-14.20694828
-14.15660381
-14.10627079
-14.05591679
-14.00559139
-13.95525932
-13.90492725
-13.85462093
-13.80429459
-13.75399876
-13.70370483
-13.65341854
-13.60316372
-13.55292225
-13.50270081
-13.45248127
-13.40229321
-13.35211754
-13.30198383
-13.25186348
-13.20176506
-13.15170956
-13.10166264
-13.05164814
-13.00167751
-12.95172596
-12.90179443
-12.85192966
-12.80208397
-12.75227928
-12.70251179
-12.65278625
-12.60309696
-12.55345535
-12.50385952
-12.45430946
-12.40479469
-12.35533428
-12.30592251
-12.25656128
-12.20723438
-12.15798283
-12.10878468
-12.05962467
-12.01053429
-11.9614954
-11.9125185
-11.86358643
-11.8147192
-11.76592636
-11.71718025
-11.66851425
-11.6199007
-11.57134342
-11.52286434
-11.47445297
-11.42611694
-11.37784958
-11.32963276
-11.28151131
-11.23345566
-11.18547153
-11.13756752
-11.08973026
-11.04197407
-10.99428558
-10.94669437
-10.8991909
-10.85173416
-10.80437851
-10.75710201
-10.70990276
-10.66279125
-10.61577988
-10.56883812
-10.52199936
-10.47523499
-10.42856693
-10.38198185
-10.33548737
-10.28907299
-10.2427721
-10.19654942
-10.15043545
-10.10439777
-10.05846977
-10.01263237
-9.966891289
-9.921243668
-9.875704765
-9.830251694
-9.784917831
-9.73966217
-9.69452095
-9.64947319
-9.60452652
-9.559699059
-9.514972687
-9.470335007
-9.425812721
-9.381398201
-9.337101936
-9.29288578
-9.248778343
-9.20479393
-9.160921097
-9.117157936
-9.073498726
-9.029946327
-8.986515045
-8.943196297
-8.899985313
-8.856879234
-8.813905716
-8.771025658
-8.728288651
-8.685635567
-8.643115044
-8.600708961
-8.55841732
-8.516248703
-8.474183083
-8.432240486
-8.390439987
-8.348735809
-8.307156563
-8.265703201
-8.224357605
-8.183141708
-8.142049789
-8.101076126
-8.060223579
-8.019494057
-7.978894234
-7.938402653
-7.898044586
-7.857807636
-7.817695618
-7.777704239
-7.737844467
-7.698117256
-7.65850544
-7.619020939
-7.579657555
-7.540429592
-7.501327515
-7.462345123
-7.42350626
-7.384777069
-7.346188545
-7.307724953
-7.269389153
-7.231179237
-7.193105221
-7.155155182
-7.117335796
-7.079648972
-7.042090893
-7.00465107
-6.967361927
-6.930187702
-6.893146992
-6.85624361
-6.819470406
-6.782823563
-6.746311188
-6.709926128
-6.673676968
-6.637565613
-6.601575851
-6.565716743
-6.529996872
-6.494404793
-6.458947182
-6.423630238
-6.388439178
-6.35337162
-6.318451881
-6.283653736
-6.248995781
-6.214464664
-6.180072784
-6.145803928
-6.111682415
-6.077693462
-6.043820381
-6.010087967
-5.976498604
-5.943035126
-5.909699917
-5.876508713
-5.843443394
-5.81051445
-5.777722359
-5.745052338
-5.712527275
-5.680121422
-5.647862434
-5.615733147
-5.583734512
-5.551875114
-5.520136356
-5.488533497
-5.457069397
-5.425742149
-5.394534588
-5.363461018
-5.332540989
-5.301727772
-5.271057129
  -5.24052
-5.210111618
-5.179835796
-5.149696827
-5.119675159
-5.089792252
-5.060051918
-5.030438423
-5.00094223
-4.971595764
-4.942371845
-4.913276196
-4.884313583
-4.855481625
-4.826780319
-4.798213005
-4.769773483
-4.741458893
-4.713271618
-4.68521452
-4.657305717
-4.629507065
-4.601833344
-4.574306488
-4.546898842
-4.519616604
-4.492462158
-4.465436935
-4.438541889
-4.411773205
-4.385140419
-4.358625889
-4.332231522
-4.305971622
-4.279837132
-4.253834724
-4.227944374
-4.202189445
-4.176551342
-4.151042938
-4.12566328
-4.100408554
-4.075273514
-4.050265312
-4.025380135
-4.000618458
-3.975982189
-3.951465845
-3.927070618
-3.902797699
-3.878646374
-3.854627371
-3.830709696
-3.806932688
-3.783264875
-3.759724379
-3.736305475
-3.712994337
-3.689823151
-3.666754961
-3.643813372
-3.620982647
-3.598282814
-3.575691223
-3.553219557
-3.53086853
-3.508629084
-3.486511469
-3.464518309
-3.442625523
-3.420854092
-3.399197817
-3.37766099
-3.356238365
-3.334923744
-3.313726187
-3.292645693
-3.271684647
-3.250824928
-3.230083227
-3.209450245
-3.188931465
-3.168524027
-3.148234129
-3.128050804
-3.107979536
-3.088011026
-3.068165064
-3.048427343
-3.028786421
-3.009267092
-2.989851475
-2.970545769
-2.951340675
-2.932250023
-2.913265944
-2.89439106
-2.875620365
-2.856953382
-2.838391304
-2.819936275
-2.801583767
-2.783336639
-2.765194178
-2.747159481
-2.729226351
-2.711397886
-2.693666697
-2.676036358
-2.658517122
-2.641095877
-2.623775244
-2.606549263
-2.589426517
-2.572403908
-2.555484772
-2.53866744
-2.521940231
-2.50530839
-2.48879528
-2.472352982
-2.456029415
-2.43979311
-2.423655272
-2.407604933
-2.391659498
-2.37580514
-2.360051155
-2.344386339
-2.328820705
-2.313339472
-2.297960281
-2.282668829
-2.267473221
-2.252372026
-2.237357855
-2.222432137
-2.207605124
-2.19286108
-2.17821455
-2.163657904
-2.149185896
-2.134803295
-2.12050724
-2.106302261
-2.092183113
-2.078148842
-2.064216852
-2.050359249
-2.036586046
-2.022900343
-2.009299755
-1.995789528
-1.982358813
-1.969011664
-1.955745339
-1.942574978
-1.929478765
-1.916464329
-1.903532386
-1.890684724
-1.877921581
-1.865230083
-1.852631688
-1.840104342
-1.827657938
-1.815297127
-1.80300653
-1.790797114
-1.778669477
-1.766617298
-1.754644632
-1.742751479
-1.730930209
-1.719186783
-1.707519174
-1.695926428
-1.684411287
-1.67296946
-1.661603808
-1.650314689
-1.639092684
-1.627943397
-1.616875648
-1.605875015
-1.594950438
-1.584090948
-1.573308468
-1.562594295
-1.551947832
-1.541377425
-1.530876398
-1.520445108
-1.510082603
-1.499789357
-1.489563942
-1.479410291
-1.469314933
-1.459293842
-1.449338675
-1.439449906
-1.429623961
-1.419870377
-1.410173893
-1.400555015
-1.390993714
-1.381493926
-1.37206459
-1.362692595
-1.353389859
-1.344147921
-1.334970832
-1.325852633
-1.316794276
-1.30780077
-1.298868179
-1.290001512
-1.281185746
-1.272438407
-1.263747454
-1.255115747
-1.246542573
-1.238031983
-1.229574084
-1.221179128
-1.212838292
-1.204558969
-1.19633925
-1.188170075
-1.180057883
-1.172006488
-1.164006114
-1.156062365
-1.148177624
-1.140341997
-1.132560134
-1.124835968
-1.117167473
-1.109549046
-1.101988316
-1.094477415
-1.08701992
-1.079608798
-1.072256923
-1.064954281
-1.057697773
-1.050498724
-1.043349385
-1.036248803
-1.0291996
-1.022195578
-1.015246272
-1.008344889
-1.001492858
-0.9946841598
-0.987929523
-0.9812167287
-0.9745565653
-0.9679481387
-0.961375773
-0.9548509717
-0.9483778477
-0.941947639
-0.9355678558
-0.9292314053
-0.9229362011
-0.9166876078
-0.9104884863
-0.9043281078
-0.898211956
-0.8921449184
-0.8861149549
-0.8801288605
-0.8741878271
-0.8682873845
-0.862431407
-0.8566145897
-0.8508422375
-0.8451092243
-0.8394166231
-0.8337680101
-0.82815516
-0.822588861
-0.8170585036
-0.8115704656
-0.8061186671
-0.8007126451
-0.7953358889
-0.7900028229
-0.7847066522
-0.7794516087
-0.7742322683
-0.7690515518
-0.7639067769
-0.7588008642
-0.7537323236
-0.748696804
-0.7436982393
-0.7387384176
-0.7338122129
-0.7289248109
-0.7240727544
-0.7192558646
-0.7144702077
-0.709718883
-0.7050064802
-0.7003229856
-0.6956787705
-0.6910588741
-0.6864831448
-0.681933701
-0.6774225831
-0.6729371548
-0.6684895754
-0.6640741825
-0.6596903205
-0.6553361416
-0.6510155201
-0.6467269063
-0.6424664259
-0.6382356882
-0.6340403557
-0.6298713088
-0.6257368326
-0.6216296554
-0.6175507903
-0.6135041714
-0.6094848514
-0.6054935455
-0.6015339494
-0.5976015329
-0.5936958194
-0.5898211598
-0.5859748125
-0.5821570754
-0.5783618093
-0.5746040344
-0.5708627105
-0.5671508908
-0.5634689331
-0.5598112941
-0.5561824441
-0.5525711775
-0.5489992499
-0.5454441905
-0.5419152379
-0.538413763
-0.5349391699
-0.5314853191
-0.5280610323
-0.5246534348
-0.521279335
-0.517924428
-0.514593184
-0.511290431
-0.5080093145
-0.504750371
-0.5015120506
-0.4983014166
-0.4951139987
-0.4919466078
-0.4888025224
-0.4856828153
-0.482580781
-0.4795052707
-0.4764467478
-0.473413825
-0.4704020619
-0.4674119353
-0.4644437432
-0.4614922702
-0.4585668147
-0.455658555
-0.4527727365
-0.4499051571
-0.4470590651
-0.4442360401
-0.4414294362
-0.4386414587
-0.4358736873
-0.4331254661
-0.4303973317
-0.4276891053
-0.4250011742
-0.4223304093
-0.4196737111
-0.4170404375
-0.4144246876
-0.4118289053
-0.4092494249
-0.4066847265
-0.4041416943
-0.4016096592
-0.3991020322
-0.3966120183
-0.3941387832
-0.3916784227
-0.3892369568
-0.3868125677
-0.3844052255
-0.3820116818
-0.3796386421
-0.3772791922
-0.3749336898
-0.3726062775
-0.3702904284
-0.367998004
-0.3657187521
-0.3634495437
-0.3612043262
-0.3589686751
-0.3567459285
-0.3545389771
-0.352350235
-0.3501737118
-0.3480137885
-0.3458665609
-0.3437313139
-0.341609031
-0.3395054638
-0.3374138772
-0.3353345394
-0.3332703412
-0.3312202692
-0.3291803896
-0.3271558583
-0.325145483
-0.3231455088
-0.3211613595
-0.3191884756
-0.3172275722
-0.3152762055
-0.3133455515
-0.3114198744
-0.309504807
-0.3076067567
-0.3057198226
-0.3038469255
-0.301982671
-0.3001285493
-0.2982874215
-0.2964554131
-0.2946403921
-0.2928320169
-0.2910335958
-0.2892521322
-0.2874778509
-0.2857138515
-0.2839574814
-0.2822156847
-0.2804833353
-0.2787606716
-0.2770479023
-0.2753483951
-0.273655206
-0.2719737887
-0.2703005373
-0.268640846
-0.2669869661
-0.2653469741
-0.2637111247
-0.2620854378
-0.2604729831
-0.2588644922
-0.257267803
-0.2556782365
-0.2540996373
-0.2525281906
-0.2509630024
-0.2494129986
-0.2478668988
-0.2463309616
-0.2448015809
-0.2432804555
-0.2417667955
-0.2402647436
-0.2387665957
-0.237277478
-0.2357981503
-0.2343248725
-0.2328559607
-0.2313994914
-0.2299497128
-0.2285043597
-0.2270645052
-0.2256368846
-0.2242135108
-0.2227977514
-0.2213857323
-0.219979763
-0.2185851187
-0.2171937227
-0.2158114761
-0.214432016
-0.2130635232
-0.2116967142
-0.2103360146
-0.2089807242
-0.2076338977
-0.2062919587
-0.2049543709
-0.2036209106
-0.2022953779
-0.2009751797
-0.1996616423
-0.1983479261
-0.1970382333
-0.1957385093
-0.194440946
-0.1931469887
-0.1918587685
-0.1905742437
-0.1892982125
-0.1880198121
-0.1867436767
-0.1854788512
-0.1842142493
-0.1829504371
-0.1816913188
-0.1804394722
-0.1791876704
-0.1779318303
-0.1766872108
-0.1754425168
-0.1742002964
-0.1729570627
-0.1717205197
-0.1704817116
-0.1692461222
-0.1680107564
-0.1667775512
-0.1655475795
-0.1643130332
-0.1630826592
-0.1618489176
-0.160619989
-0.1593851894
-0.1581553817
-0.1569214761
-0.1556861103
-0.1544489712
-0.1532113105
-0.1519734114
-0.1507282257
-0.1494851559
-0.1482387036
-0.1469858289
-0.1457300484
-0.1444701999
-0.1432056725
-0.1419386715
-0.1406636536
-0.1393831223
-0.1380990446
-0.1368064731
-0.1355054528
-0.134199053
-0.1328874528
-0.1315621436
-0.130237475
-0.1288917661
-0.1275460571
-0.1261856407
-0.1248145178
-0.1234326437
-0.1220395565
-0.1206345484
-0.1192189679
-0.1177897304
-0.1163466349
-0.1148860827
-0.1134154722
-0.1119279265
-0.1104251072
-0.1089069545
-0.1073716804
-0.1058185026
-0.1042495221
-0.1026596576
-0.1010538265
-0.09942709655
-0.09778194875
-0.09611464292
-0.09443019331
-0.09272358567
-0.09099429101
-0.08924545348
-0.0874723196
-0.08567678183
-0.0838586688
-0.08201801032
-0.08014920354
-0.07826036215
-0.07634518296
-0.07440651208
-0.07244217396
-0.07044851035
-0.06843175739
-0.06638854742
-0.06431880593
-0.06222352386
-0.06009896845
-0.05794638768
-0.05577072874
-0.05356325209
-0.05133252963
-0.04906852171
-0.04678046331
-0.04446301982
-0.04211872816
-0.03974501044
-0.03734441102
-0.03491462395
-0.03245601803
-0.0299705714
-0.02745306119
-0.0249141939
-0.02234436758
-0.01974668354
-0.01711981744
-0.01446612179
-0.01178756356
-0.009078761563
-0.006347949617
-0.003585917875
-0.0007985603297
0.002013287041
0.004850189667
0.007715321146
0.01060054637
0.01351612061
0.01645330898
0.01941373385
0.02239767089
0.02540411986
0.02843481675
0.03148744255
0.03456023335
0.03765171021
0.04076575115
0.04390107095
0.04705240577
0.05022464693
0.05341454968
0.05662102625
0.05984281003
0.06308332086
0.06633874029
0.06960809976
0.07289350033
0.07619030774
0.07949981093
0.08282370865
0.08615595847
0.08950255066
0.09285530448
0.09621810168
0.09959073365
0.102968812
0.1063549966
0.1097491458
0.1131461784
0.1165501177
0.1199558377
0.1233639345
0.1267784089
0.130190894
0.1336069703
0.137018621
0.1404327601
0.1438459605
0.1472556591
0.1506607533
0.1540641785
0.1574653387
0.1608546376
0.16424191
0.167624414
0.1709960997
0.1743606478
0.1777142733
0.1810592115
0.1843939871
0.1877203882
0.1910315007
0.1943284869
0.197615698
0.2008869797
0.2041438818
0.2073871195
0.2106116116
0.2138203532
0.2170134932
0.2201874405
0.2233444154
0.226481691
0.2295961827
0.2326930165
0.23576805
0.238823235
0.2418542504
0.2448652685
0.2478523403
0.2508155107
0.2537549436
0.2566713095
0.2595590055
0.2624250352
0.2652632296
0.2680761218
0.270862937
0.2736207843
0.2763542831
0.2790551782
0.2817320228
0.2843800187
0.2869981825
0.2895846963
0.2921463847
0.2946767807
0.2971765399
0.2996439636
0.3020828068
0.3044915199
0.3068687618
0.309214741
0.3115281463
0.3138116896
0.3160605431
0.3182815611
0.3204677999
0.3226229548
0.3247444034
0.3268335462
0.328890264
0.3309141099
0.3329026103
0.3348635137
0.3367881477
0.3386805356
0.3405404091
0.3423666358
0.3441598415
0.3459200263
0.3476459086
0.3493413627
0.3510023952
0.3526295424
0.354224056
0.3557883501
0.3573176563
0.3588136137
0.3602778912
0.3617081344
0.3631059527
0.364472717
0.3658070266
0.3671095073
0.3683796823
0.3696186244
0.3708226383
0.3719962835
0.3731400669
0.374250859
0.3753332198
0.3763802648
0.3773993552
0.378385663
0.3793429434
0.3802703321
0.3811677396
0.3820349276
0.3828701377
0.3836775124
0.384457022
0.3852058947
0.3859246969
0.3866171837
0.387277633
0.387912631
0.3885194659
0.3890963495
0.3896499574
0.3901719153
0.3906664848
0.3911371529
0.3915800154
0.3919956982
0.3923857212
0.3927497864
0.3930877745
0.3934007585
0.3936867714
0.3939501345
0.3941892684
0.3944012821
0.3945907056
0.394754678
0.3948945403
0.3950151801
0.3951073885
0.3951809406
0.3952259123
0.3952539563
0.3952569664
0.395236969
0.395196557
0.3951343894
0.3950477242
0.3949451447
0.3948170841
0.3946723044
0.3945034742
0.394316256
0.3941100538
0.3938813508
0.3936368227
0.3933700025
0.3930835724
0.3927789032
0.3924566805
0.3921149671
0.3917576969
0.3913787901
0.390984118
0.3905712068
0.3901419342
0.3896948099
0.3892315328
0.3887499273
0.3882525265
0.3877395689
0.3872120082
0.3866648674
0.3861032426
0.3855276406
0.3849358261
0.3843283653
0.3837064505
0.3830724359
0.3824213147
0.3817548454
0.381075263
0.3803813756
0.3796760142
0.378954649
0.3782219589
0.377473861
0.3767146766
0.3759426773
0.375156194
0.3743569553
0.3735452592
0.3727238774
0.3718898296
0.3710421622
0.3701844811
0.3693138361
0.3684336543
0.3675419092
0.3666394353
0.3657241762
0.3648009598
0.3638651669
0.362918824
0.3619608879
0.3609964252
0.3600162268
0.3590308726
0.3580344617
0.3570260406
0.3560088575
0.3549815118
0.3539463282
0.3528986871
0.3518416882
0.3507775068
0.349701941
0.3486184776
0.3475239277
0.346423924
0.3453128338
0.3441946507
0.3430675268
0.3419318497
0.3407905996
0.3396400511
0.33848387
0.3373217285
0.3361512721
0.3349740207
0.3337942064
0.3326053917
0.3314112127
0.3302103579
0.3290068805
0.3277983367
0.3265827894
0.3253614604
0.3241395056
0.3229081929
0.3216742277
0.3204382062
0.3191954494
0.3179475367
0.3166997731
0.3154426515
0.3141847849
0.3129222691
0.3116572201
0.3103869557
0.3091141284
0.3078372478
0.30655846
0.3052759171
0.3039908111
0.3027008176
0.3014085591
0.3001137078
0.2988165319
0.2975173593
0.2962122262
0.2949054837
0.2935985029
0.2922882736
0.2909746766
0.2896617651
0.288343817
0.2870256603
0.28570351
0.2843828201
0.2830590606
0.2817319632
0.2804031372
0.2790724933
0.2777426243
0.2764084935
0.2750739753
0.2737387419
0.2724016309
0.2710635066
0.2697240114
0.2683835626
0.2670416832
0.2656998336
0.2643549442
0.2630099952
0.261664331
0.2603181303
0.2589696348
0.2576215267
0.2562719882
0.254920125
0.2535713613
