2183
0
109.1
-0.6266905665
-0.625310123
-0.6239317656
-0.6225568652
-0.6211835146
-0.6198150516
-0.6184487343
-0.6170856357
-0.615724504
-0.614366591
-0.6130123734
-0.61165905
-0.6103079915
-0.6089609265
-0.6076164842
-0.6062764525
-0.6049348116
-0.6035985351
-0.6022632718
-0.6009309888
-0.5996016264
-0.5982748866
-0.59694767
-0.5956237316
-0.5943034291
-0.5929843783
-0.5916676521
-0.5903527737
-0.5890393853
-0.5877292752
-0.586420238
-0.5851128697
-0.5838094354
-0.5825044513
-0.5812026262
-0.5799040198
-0.5786062479
-0.5773070455
-0.576012671
-0.5747193098
-0.5734270215
-0.5721347928
-0.5708449483
-0.5695565343
-0.5682675242
-0.5669814348
-0.5656972528
-0.5644109249
-0.5631273985
-0.5618430376
-0.5605604649
-0.5592774749
-0.5579956174
-0.5567142963
-0.5554325581
-0.554150939
-0.5528690219
-0.5515893102
-0.5503064394
-0.5490263104
-0.5477432013
-0.5464596748
-0.5451747775
-0.5438913107
-0.5426051617
-0.5413193703
-0.5400314331
-0.5387423038
-0.5374500155
-0.5361582637
-0.5348646641
-0.5335681438
-0.5322704315
-0.5309692621
-0.5296654105
-0.5283602476
-0.5270507336
-0.5257406831
-0.5244247913
-0.5231080055
-0.5217871666
-0.5204610825
-0.5191330314
-0.5178005099
-0.5164637566
-0.5151216388
-0.5137761235
-0.5124238729
-0.5110682249
-0.5097084641
-0.5083417296
-0.5069693327
-0.5055927038
-0.5042081475
-0.5028194785
-0.5014217496
-0.5000199676
-0.4986080229
-0.4971919358
-0.4957667887
-0.4943360686
-0.4928957224
-0.4914480448
-0.4899930358
-0.4885288477
-0.4870558977
-0.4855739474
-0.4840824902
-0.4825821519
-0.4810729921
-0.479553014
-0.4780235291
-0.4764839411
-0.4749322534
-0.473371774
-0.4717998505
-0.4702152908
-0.4686193168
-0.4670129418
-0.4653930962
-0.4637618363
-0.4621165991
-0.4604603946
-0.4587886631
-0.4571060836
-0.4554091394
-0.4536970258
-0.4519726336
-0.4502320588
-0.4484784305
-0.4467084408
-0.4449223876
-0.4431242943
-0.4413078129
-0.4394753873
-0.4376260638
-0.4357619584
-0.4338791668
-0.4319793284
-0.430062741
-0.4281295836
-0.4261764884
-0.4242063165
-0.4222170711
-0.4202078581
-0.4181799293
-0.4161333144
-0.4140651226
-0.4119794369
-0.4098719358
-0.4077435434
-0.4055939317
-0.4034246802
-0.4012320936
-0.3990182579
-0.3967818916
-0.3945237696
-0.3922438622
-0.3899375498
-0.38760975
-0.3852584362
-0.3828825057
-0.3804830015
-0.378057301
-0.3756085634
-0.3731338978
-0.3706325293
-0.3681053817
-0.3655531108
-0.362973094
-0.3603663743
-0.3577332795
-0.3550733328
-0.3523823023
-0.3496664166
-0.346919179
-0.344145596
-0.3413406014
-0.3385072649
-0.3356432617
-0.332749933
-0.3298252523
-0.3268700838
-0.3238833845
-0.3208655119
-0.3178161681
-0.3147338629
-0.3116185069
-0.3084701002
-0.3052885234
-0.3020738363
-0.2988249958
-0.2955426872
-0.2922240496
-0.2888709903
-0.285482794
-0.2820582688
-0.2785979509
-0.2751015425
-0.2715670764
-0.2679972649
-0.2643881142
-0.2607421577
-0.2570569515
-0.2533335686
-0.2495705187
-0.245770067
-0.2419282645
-0.2380469441
-0.2341240793
-0.2301615477
-0.2261576653
-0.2221123278
-0.2180240154
-0.213894099
-0.2097216696
-0.2055058926
-0.2012466043
-0.196944043
-0.1925969273
-0.188205272
-0.1837681532
-0.1792864799
-0.174758628
-0.1701850444
-0.1655645669
-0.1608967185
-0.1561826468
-0.1514217556
-0.1466112435
-0.1417530626
-0.1368458867
-0.1318899244
-0.1268843859
-0.1218290925
-0.1167229787
-0.1115673333
-0.1063581407
-0.1010999531
-0.09578963369
-0.09042619169
-0.08501063287
-0.07954133302
-0.07401950657
-0.06844420731
-0.06281419843
-0.05712918192
-0.05139115825
-0.04559584707
-0.03974594548
-0.03383855894
-0.02787649259
-0.02185545117
-0.01577857696
-0.009644838981
-0.003452365287
0.002798775909
0.00910906028
0.01547753066
0.02190628462
0.02839512192
0.03494457901
0.04155433178
0.04822486639
0.05495706946
0.06175131351
0.06860735267
0.07552667707
0.08250804245
0.08955412358
0.09666354209
0.1038371101
0.1110747755
0.1183777824
0.1257466972
0.1331803054
0.140680775
0.1482472122
0.1558807343
0.1635807306
0.1713491529
0.1791851819
0.1870898157
0.1950628906
0.2031056881
0.211217463
0.2193986028
0.2276495546
0.2359723449
0.2443652749
0.2528296709
0.2613659501
0.2699740529
0.2786542177
0.287407279
0.2962340415
0.3051330745
0.314106226
0.3231540024
0.3322762251
0.3414731324
0.3507450223
0.3600924611
0.3695158064
0.3790152967
0.3885918558
0.3982450962
0.4079754055
0.4177825749
0.4276684523
0.4376319051
0.4476748705
0.457796514
0.4679961503
0.4782767296
0.4886368811
0.4990765154
0.5095970035
0.520198524
0.5308806896
0.541644752
0.552490592
0.5634181499
0.5744271874
0.5855200887
0.596696198
0.6079545021
0.6192965508
0.6307219863
0.6422320008
0.6538261175
0.6655051112
0.6772680879
0.6891174316
0.7010524869
0.7130716443
0.7251781225
0.7373694777
0.7496487498
0.7620149851
0.7744678855
0.7870072722
0.799633801
0.8123489022
0.8251519203
0.8380435705
0.851023376
0.8640909791
0.8772483468
0.8904941678
0.9038290381
0.9172549248
0.9307701588
0.9443736076
0.9580688477
0.9718542695
0.9857310057
0.9996973872
1.013756752
1.02790308
1.042143703
1.056473613
1.070897698
1.085411668
1.100019574
1.114719152
1.12950933
1.144392848
1.159368277
1.174438357
1.189598441
1.204854488
 1.2202003
1.235641837
1.251177549
1.266804099
1.282527566
1.298341274
1.314248681
1.330251575
1.346350431
1.362539768
1.378823876
1.395203114
1.411675692
1.428244352
 1.4449054
1.461662292
1.478511453
1.495456934
1.51249826
1.529632568
1.546861768
1.564186811
1.581603408
1.599116445
1.616725802
1.634426951
1.652223825
1.670115352
1.688102961
1.706183672
1.724360824
1.742631435
1.760995626
1.779454947
1.798009396
1.816657901
1.835402012
1.854237795
1.873168349
1.892193198
1.911312699
1.930529237
1.949834347
1.969236732
1.988732576
2.008321047
2.028003931
2.04777956
2.06764698
2.087609529
2.107659578
2.127808571
2.148049355
2.168379784
2.188807726
2.20932436
2.229932308
2.250633001
2.271425724
2.292310238
2.313282728
2.334347725
2.355503559
 2.3767488
2.398086309
2.419512749
2.441029787
2.462636232
2.484330893
2.506114483
2.527988911
2.549952269
2.572000504
2.594141722
2.616365194
2.638677835
2.661077261
2.683565855
2.706136227
2.728795528
2.751539707
2.774367332
2.797283888
2.820281744
2.843367338
2.866532564
2.889784336
2.913115978
2.936533689
2.960032463
2.983615875
3.007277966
3.031021118
3.054846525
3.078747988
3.102732182
3.126796007
3.150937796
3.175160408
3.199457169
3.223835468
3.248287439
3.272818327
3.297424793
3.322105646
3.346863747
3.371692419
3.396597624
3.421578169
3.44662571
3.471746683
3.496944189
3.522211313
3.547549725
 3.5729599
3.598437071
3.623980761
3.649596453
3.675281048
3.70102787
3.726844311
3.752726555
3.778674603
 3.8046875
3.830759525
3.856903791
3.883107185
3.909366608
3.935694933
3.962085485
3.988532305
4.015031815
4.041605949
4.06822443
4.094907761
4.121645927
4.148433685
4.175284386
4.202188015
4.229146957
4.256157398
4.283220768
4.310329437
4.337492943
4.364706516
4.391971111
4.419287205
4.446644306
4.474052906
4.501505852
4.529001713
4.556538582
4.584126949
4.611760139
4.639428139
4.667145252
4.694895267
4.72268486
4.750516415
4.778383255
4.806289673
4.834225178
4.862206936
4.890216351
4.918260098
4.946333408
4.974440098
5.00258112
5.030747414
5.058951378
5.087173939
5.115419865
5.143705368
5.17200613
5.200336933
5.228682995
5.257059574
5.285452366
5.313868523
5.342298031
5.370758533
5.399225712
5.42771244
5.456214905
5.484735489
5.513263226
5.541807175
5.570367336
5.598931789
5.627506256
5.656089306
 5.6846838
5.713279724
5.741884232
5.770486355
5.799103737
5.827720165
5.856330872
5.884953976
5.913564682
5.942177773
5.970786095
5.999396324
6.027997971
6.056591034
6.085178852
6.113761902
6.142328739
6.170888901
6.199442387
6.227977276
6.256500244
6.285011768
6.313498974
6.341978073
6.370436192
6.398872852
6.427288532
6.455684662
6.484069347
6.512414455
6.540744305
6.569046021
6.59731245
6.625555515
6.653779507
6.681962013
6.710114956
6.73824358
6.766327381
6.794377804
6.822399139
6.850380898
6.878323078
6.906224728
6.934092045
6.961912155
6.989686966
7.01742506
7.045113087
7.072751999
7.100348949
7.127895832
7.155388832
7.18283844
7.210227966
7.237579346
7.264862061
7.292089939
7.319268703
7.346384048
7.373441696
7.400443077
7.427376747
7.454251766
7.481060982
7.507820606
7.534489632
7.561094284
7.587641716
7.614124775
7.640525818
7.66686821
7.693122387
7.719310284
7.745421886
7.771457672
7.797420979
7.823308945
7.849107265
7.874816418
7.900453091
7.926004887
7.951480389
7.976862431
8.002169609
8.02737999
8.052498817
8.077524185
8.102466583
8.127333641
8.152096748
8.176743507
8.201309204
8.225779533
8.25015831
8.27442646
8.298599243
8.322675705
8.346650124
8.370510101
8.394273758
8.41793251
8.44149971
8.464930534
8.488269806
8.511498451
8.534613609
8.557610512
8.580508232
8.603274345
8.62594223
8.648492813
8.670915604
8.693231583
8.715418816
8.737491608
8.759439468
8.781270027
8.802965164
8.824542999
8.846002579
8.867332458
8.888520241
8.909602165
8.930560112
8.951356888
8.972045898
8.992596626
9.013012886
9.033289909
9.05343914
9.073455811
9.093322754
9.113059044
9.132648468
9.152109146
9.171431541
9.190592766
9.209629059
9.228523254
9.247250557
9.265863419
9.284309387
9.302609444
9.320754051
9.338766098
9.356631279
9.374354362
9.391900063
9.409298897
9.426540375
9.44363308
9.460582733
9.477370262
9.493990898
9.510453224
9.526760101
9.542922974
9.558916092
9.57474041
9.590413094
9.605926514
9.621281624
9.636463165
9.651469231
9.666324615
9.681008339
9.695533752
9.709874153
9.724066734
9.738083839
9.751928329
9.76560688
9.779114723
9.792448044
9.80561161
9.818597794
9.831438065
9.844059944
9.856532097
9.868823051
9.88093853
9.892877579
9.904649734
9.916214943
9.927629471
9.938863754
9.949905396
9.960780144
9.971471786
9.981975555
9.99230957
10.0024519
10.01242065
10.02219296
10.0317955
10.04119968
10.05042171
10.05946064
10.06832409
10.0769949
10.08548069
10.09378624
10.10190392
10.10981655
10.1175499
10.12509727
10.13245106
10.13962841
10.14660263
10.15339375
10.1600008
10.16641235
10.17261982
10.17865276
10.18449688
10.19012451
10.19558716
10.20084476
10.20592308
10.21079731
10.21546841
 10.219944
10.22423077
10.22835922
10.23225594
10.23596668
10.23948479
10.24279785
10.24593353
10.24887466
10.2515974
10.25414944
10.25649834
10.25864506
10.26060009
10.26236153
10.26392269
10.26531792
10.26647949
10.26745319
10.26823235
10.26881695
10.26920605
10.26939392
10.26938152
10.26918125
10.26878452
10.26820469
10.26740932
10.26641846
10.26523399
10.26385975
10.26227188
10.26050663
10.25853539
10.25636959
10.25401497
10.25146198
10.24870872
10.24575615
10.24260712
10.23926544
10.23573399
10.23200035
10.2280798
10.2239542
10.21965122
10.21514416
10.21043873
10.2055397
10.20044994
10.19516182
10.18968487
10.18400669
10.17814064
10.17209625
10.16585159
10.15940666
10.15277672
10.14594936
10.1389246
10.1317215
10.12432098
10.11673641
10.10896301
10.10100365
10.09283733
10.08449745
10.07596588
10.06724072
10.05834103
10.04923439
10.03995228
10.0304842
10.02081871
10.01098633
10.00095844
9.990745544
9.98035717
9.969791412
9.959010124
9.948058128
9.936940193
9.925615311
9.914135933
9.902468681
9.890609741
9.878569603
9.866361618
9.853980064
9.841398239
9.828669548
9.81572628
9.802627563
9.789348602
 9.7759161
9.762278557
9.748469353
9.734487534
9.720356941
9.706033707
9.691553116
9.676876068
9.662044525
9.647042274
9.631866455
9.616520882
9.601021767
9.585339546
9.569501877
9.55350399
9.53732872
9.520998955
9.50449276
9.487812042
9.470998764
9.454011917
9.436861038
9.419540405
9.402083397
9.384450912
9.366663933
9.348743439
9.330639839
9.312387466
9.293988228
9.275419235
9.256702423
9.237836838
9.218822479
9.199645996
9.180321693
9.160859108
9.141245842
9.121479988
9.10157299
9.081513405
9.061332703
9.040979385
9.020487785
8.999868393
8.979086876
8.958181381
8.937117577
8.915931702
8.894610405
8.873141289
8.851532936
8.829797745
8.807932854
8.785935402
8.763798714
8.741527557
8.719134331
8.696609497
8.673936844
8.651158333
8.628245354
8.605195999
8.582030296
8.558746338
8.535335541
8.511804581
8.488157272
8.464379311
8.440488815
8.416477203
8.392342567
8.368094444
8.34372139
8.319245338
8.294667244
8.26995182
8.245140076
8.220205307
8.195175171
8.170042992
8.144794464
8.119433403
8.09396553
8.068395615
8.042714119
 8.0169487
7.991064548
7.965084553
7.938996792
7.912822247
7.886546135
7.860187531
7.833724976
7.807164192
7.780511856
7.75375843
7.726917744
7.699995518
7.672967434
7.645860672
7.618663788
7.591379166
7.564016342
7.536560059
7.509029388
7.481416225
7.453718185
7.425937176
7.398080349
7.370141983
7.342125893
7.314038277
7.285871029
7.257635117
7.229317188
7.200938702
7.172486305
7.143963814
7.115364075
7.086698532
7.057972908
7.029179096
7.00031662
 6.9713974
6.942408562
6.913361549
6.884257317
6.855081558
6.825855255
6.796576023
6.767234325
6.737836838
6.708389282
6.678889275
6.649332047
6.619720459
6.590071201
6.560357094
6.530598164
6.500793457
6.470936775
6.441052914
6.411111832
6.381126881
6.351103306
6.321047783
6.290933132
6.26078701
6.230602741
6.200387955
6.17013073
6.139835835
6.109512329
6.079153538
6.048762321
6.018342972
5.987882137
5.95740366
5.926887035
5.896352768
5.865786076
5.83520174
5.804596901
5.773948669
5.743288517
5.712606907
5.681910038
5.651186466
5.620446205
5.589697361
5.558921814
5.528135777
5.497331142
5.466511726
5.435680866
5.404840946
5.373995304
5.343131542
5.312254429
5.281382084
5.250489235
5.219601631
5.188696384
5.157795906
5.12689352
5.095981598
5.065074444
5.034163952
5.003256321
4.972352028
4.941443443
4.910532475
4.879640579
4.848742962
4.817849159
4.786968231
4.756094456
4.725227833
4.694365978
4.663517952
4.632683754
4.601852894
4.571039677
4.54023838
4.509451866
4.478675842
4.447924137
4.417192459
4.386465073
4.35576582
4.325078964
4.294412613
4.263774872
4.233154774
4.202549934
4.171979904
4.141430855
4.110904217
4.08039999
4.049921989
4.019476891
3.98905468
3.958664417
3.928303957
3.897972822
3.867674112
3.837404251
3.807169437
3.776966572
3.746798754
3.716667175
3.686566353
3.656502008
3.626477957
3.596493483
3.566545725
3.53663373
3.506765127
3.47693181
3.447144985
3.417396545
3.387694836
3.358030081
3.328413963
3.298840761
3.269316912
3.239836693
3.210402012
3.181011438
3.151669264
3.122384548
3.093140125
3.063944817
3.034802675
3.005714417
2.976674318
2.947687864
 2.9187572
2.889875174
2.86104393
2.832272768
2.803561687
2.774899244
2.746294498
2.717746973
2.689257145
2.660827637
2.632452488
2.604135752
2.575887918
2.547691107
2.519558907
2.491490602
2.463479757
2.435534239
2.407650232
2.379830599
2.352072954
2.324379206
2.296757936
2.269198179
2.241700411
2.214269876
2.18691206
2.159619093
2.132394075
2.105233669
2.078145266
2.051127434
2.024181366
1.99729979
1.970492244
1.943755507
1.917089462
1.890493274
1.863974094
1.837528348
1.811154008
1.784853339
1.758627176
1.732471704
1.70639503
1.680392385
1.654467583
1.628616571
1.602841854
1.577146411
1.551526427
1.525983214
1.500517607
1.475134492
1.44982326
1.424591064
1.399442196
1.374375343
1.349383473
1.324471951
1.299645424
1.274894238
1.25022912
1.225644708
1.201139808
1.176716089
1.152378917
1.128120899
1.103945136
1.079857469
1.055848479
1.031925201
1.008087397
0.9843322635
0.9606615901
0.9370753765
0.9135747552
0.8901606798
0.8668313622
0.8435850739
0.8204274178
0.7973575592
0.7743694782
0.7514734268
0.7286627293
0.7059336305
0.6832946539
0.6607473493
0.6382833719
0.615909934
0.5936224461
0.57142061
0.5493139029
0.5272955298
0.5053626895
0.4835186005
0.4617619812
0.4400957823
0.418522805
0.3970349729
0.3756380081
0.354331255
0.3331153989
0.3119824827
0.290946275
0.2700013518
0.2491426021
0.2283762842
0.2077024728
0.1871191859
0.1666241139
0.1462205797
0.1259136498
0.1056891605
0.0855595842
0.06552165747
0.04557332397
0.02572411485
0.005961796269
-0.01371319313
-0.03329400718
-0.05278751254
-0.07218267769
-0.09148754925
-0.1107004359
-0.1298189163
-0.1488502324
-0.1677927673
-0.186634481
-0.205386132
-0.2240469605
-0.2426153868
-0.2610936165
-0.2794775069
-0.2977750003
-0.3159725666
-0.334081471
-0.3520946801
-0.3700211644
-0.3878536522
-0.4055955708
-0.4232450426
-0.4407913089
-0.4582594037
-0.4756296575
-0.4929150641
-0.5100985765
-0.5271912217
-0.5441951156
-0.561103344
-0.5779271722
-0.5946496129
-0.6112862825
-0.6278315187
-0.6442810297
-0.6606397629
-0.6769082546
-0.6930874586
-0.7091662288
-0.7251670957
-0.7410730124
-0.7568763494
-0.7726024389
-0.788230896
-0.8037669063
-0.8192159534
-0.8345749974
-0.8498340249
-0.8650106788
-0.8800979257
-0.8950868845
-0.9099903107
-0.9248000979
-0.9395267367
-0.9541544318
-0.9686965346
-0.983148694
-0.9975138307
-1.011783242
-1.025966644
-1.040060878
-1.054062963
-1.067981601
-1.081808209
-1.095542192
-1.109191418
-1.122743964
-1.136222839
-1.149604082
-1.162901998
-1.176108599
-1.189224958
-1.202259898
-1.215200067
-1.228056788
-1.240825176
-1.253511786
-1.26610148
-1.278607607
-1.291031003
-1.303360581
-1.31561172
-1.327774167
-1.339847803
-1.351841092
-1.363739133
-1.375561953
-1.387297869
-1.398942471
-1.410508275
-1.42198503
-1.433388829
-1.444690824
-1.455918431
-1.467057586
-1.478118658
-1.489094615
-1.499979973
-1.51079452
-1.521520257
-1.532161117
-1.542716265
-1.553197503
-1.563591242
-1.573898077
-1.584135056
-1.594285727
-1.604355931
-1.614340067
-1.624244332
-1.634072185
-1.643820405
-1.653484702
-1.663068771
-1.67257762
-1.68200326
-1.691353679
-1.700615883
-1.709806919
-1.718910456
-1.727949381
-1.736899853
-1.745779514
-1.754570961
-1.763294697
-1.771929741
-1.780499101
-1.788989305
-1.797398567
-1.805737019
-1.81400001
-1.822184443
-1.830294013
-1.838330388
-1.846282601
-1.854174018
-1.86197865
-1.869720578
-1.877372026
-1.884961605
-1.892477036
-1.899916649
-1.907285571
-1.914581895
-1.921799421
-1.928949356
-1.936029077
-1.943034649
-1.949970245
-1.956834197
-1.96361804
-1.970337868
-1.976992846
-1.983580947
-1.990082264
-1.996526837
-2.002892256
-2.009192228
-2.015438318
-2.021597385
-2.02768755
-2.0337255
-2.039682627
-2.045574665
-2.051396847
-2.057156086
-2.062852144
-2.068479776
-2.074032545
-2.07952714
-2.084953308
-2.090312719
-2.095612288
-2.100845814
-2.106008053
-2.111106634
-2.116150141
-2.121127129
-2.126038074
-2.130891085
-2.135675192
-2.140395403
-2.145061731
-2.149654627
-2.154196978
-2.158671618
-2.163077831
-2.167431355
-2.171719313
-2.175947905
-2.180119753
-2.184226274
-2.18828702
-2.192274094
-2.196205378
-2.200082064
-2.203895807
-2.207645416
-2.211350918
-2.214994669
-2.218573332
-2.222099304
-2.225578308
-2.228981018
-2.232340336
-2.235637903
-2.238873959
-2.242070675
-2.245194197
-2.2482903
-2.251305103
-2.254281998
-2.257189989
-2.260056734
-2.262859106
-2.265617609
-2.268310547
-2.270961046
-2.273554802
-2.276099443
-2.278590679
-2.281031132
-2.283414841
-2.28576088
-2.288044691
-2.290281296
-2.292464256
-2.29460001
-2.29669261
-2.298724413
-2.300709009
-2.302642107
-2.30453372
-2.306374073
-2.308173656
-2.309908628
-2.3116014
-2.313254356
-2.314863443
-2.316414595
-2.317918301
-2.319381714
-2.320805311
-2.322167397
-2.323491573
-2.324768305
-2.326004744
-2.327200174
-2.328344345
-2.329450607
-2.330504656
-2.331517696
-2.332486868
-2.33341217
-2.334299088
-2.335144043
-2.335941315
-2.336692095
-2.337403297
-2.338077068
-2.338714361
-2.339299679
-2.339854002
-2.340358257
-2.340836287
-2.341267109
-2.341644764
-2.3420012
-2.342310905
-2.342582464
-2.342807531
-2.343007565
-2.343162298
-2.343279123
-2.343361139
-2.343402147
-2.343408346
-2.343372345
-2.343307018
-2.343199968
-2.343063831
-2.342883587
-2.34266901
-2.342423677
-2.342137098
-2.34181118
-2.341457844
-2.341062307
-2.340642929
-2.340189934
-2.339689016
-2.33917141
-2.338614225
-2.338023186
-2.337392569
-2.336737394
-2.336053133
-2.335324287
-2.334568024
-2.333782196
-2.332965136
-2.332114697
-2.331229687
-2.330318689
-2.329381466
-2.328406811
-2.327403069
-2.326374769
-2.325312614
-2.324216843
-2.323092222
-2.321942568
-2.320770741
-2.319554567
-2.318321943
-2.317060947
-2.315769434
-2.314443827
-2.31309247
-2.311716557
-2.310316086
-2.30889082
-2.307430983
-2.305951595
-2.304439783
-2.302899837
-2.301345348
-2.299757719
-2.298143148
-2.296512604
-2.294848919
-2.293162346
-2.291448593
-2.289714336
-2.287947416
-2.286168814
-2.284357071
-2.282530069
-2.280675411
-2.278799772
 -2.276896
-2.274974108
-2.273025751
-2.271056652
-2.269070148
-2.267050743
-2.265013933
-2.262960672
-2.260886192
-2.258785486
-2.256659031
-2.254523516
-2.252354622
-2.250179052
-2.247971296
-2.245751143
-2.24350667
-2.241248131
-2.238962412
-2.236665487
-2.234344482
-2.232005358
-2.229649544
-2.22726965
-2.224873304
-2.22246027
-2.220026493
-2.217576265
-2.21510601
-2.212626457
-2.210116386
-2.207597971
-2.205065727
-2.202510834
-2.199944973
-2.197352886
-2.194745064
-2.192124367
-2.189492464
-2.186841488
-2.184175968
-2.181493998
-2.178792238
-2.176076412
-2.173346281
-2.170605421
-2.167848587
-2.16507268
-2.162280321
-2.159478188
-2.156658888
-2.153832674
-2.150989056
-2.148133516
-2.145261765
-2.142369509
-2.139475107
-2.136566401
-2.133641243
-2.130700111
-2.127753735
-2.124788046
-2.121817589
-2.118828773
-2.115829706
-2.112820148
-2.109798193
-2.106762886
-2.103716612
-2.100657701
-2.097589254
-2.094513178
-2.091421604
-2.088319302
-2.085208178
-2.082091331
-2.078949928
-2.075811625
-2.072658539
-2.069494724
-2.066320658
-2.063140869
-2.059948444
-2.056749344
-2.0535326
-2.050316811
-2.047081947
-2.043842554
-2.040596247
-2.037343025
-2.034076214
-2.030800104
-2.027521372
-2.024233341
-2.020929813
-2.017629862
-2.014316797
-2.010992527
-2.007669926
-2.004330873
-2.000990391
-1.997634888
-1.994283795
-1.990913868
-1.987542629
-1.984166503
-1.980781198
-1.97738719
-1.973989964
-1.9705832
-1.967169523
-1.963749528
-1.96032548
-1.956900835
-1.953464746
-1.950022817
-1.946578979
-1.943123817
-1.939669371
-1.936209798
-1.932741046
-1.929272532
-1.92579174
-1.922309995
-1.918824077
-1.915328741
-1.911839128
-1.908337831
-1.904833198
-1.901331663
-1.897813678
-1.894295096
-1.890770197
-1.887246609
-1.883722186
-1.880192637
-1.876655817
-1.873118162
-1.8695755
-1.866030335
-1.862481356
-1.858928204
-1.85537529
-1.851818442
-1.848261595
-1.844698191
-1.841135263
-1.837571502
-1.834003806
-1.830429792
-1.826855898
-1.823283076
-1.81970799
-1.816122532
-1.812546968
-1.808961749
-1.805378914
-1.801799297
-1.798211336
-1.794625163
-1.791034579
-1.787449241
-1.783857226
-1.780262351
-1.776677132
-1.773083925
-1.769483328
-1.76589489
-1.76229763
-1.758706927
-1.755109549
-1.751519918
-1.747922421
-1.744326234
-1.740738392
-1.737141132
-1.733546853
-1.729957461
-1.726365447
-1.722771764
-1.719178438
-1.715584397
-1.711997986
-1.708405256
-1.704819322
-1.701228857
-1.697644591
-1.694061875
-1.690475941
-1.686892629
-1.683307886
-1.679722786
-1.676149487
-1.672568083
-1.668989897
-1.66541481
-1.661844134
-1.65826869
-1.654699206
-1.651126504
-1.647558928
-1.643995047
-1.640428901
-1.636864185
-1.633308649
-1.629742026
-1.626184583
-1.622627139
-1.619069219
-1.615514994
-1.61196208
-1.608408093
-1.604862452
-1.601317525
-1.597763777
-1.594221592
-1.590673804
-1.587134719
-1.58359158
-1.580052137
-1.576513767
-1.572973371
-1.569438577
-1.565898538
-1.562365651
-1.558834672
-1.555302382
-1.55176878
-1.548241138
-1.544709563
-1.541184783
-1.537654042
-1.53412962
-1.530602813
-1.527077079
-1.523552179
-1.520022631
-1.516497731
-1.512979627
-1.509450912
-1.505931616
-1.502408624
-1.498886228
-1.49536252
-1.491844773
-1.488320589
-1.484802127
-1.481280446
-1.477756023
-1.474238157
-1.470711589
-1.46719563
-1.463674068
-1.460152984
-1.456632018
-1.453111053
-1.449589849
-1.446067452
-1.442545533
-1.439026117
-1.435504436
-1.43198514
-1.428459525
-1.424939871
-1.421416044
-1.417899847
-1.414375067
-1.410852551
-1.40733099
-1.403807282
-1.400289178
-1.396762013
-1.393243551
-1.389722228
-1.386202931
-1.382681727
-1.379163504
-1.375643015
-1.372125506
-1.368605018
-1.36508739
-1.361563206
-1.358050585
-1.354538083
-1.351021886
-1.347509503
-1.343991399
-1.340481877
-1.336972833
-1.333460569
-1.329953194
-1.326445818
-1.322944641
-1.319441438
-1.315937161
-1.312439322
-1.308943629
-1.305444598
-1.301951289
-1.298460484
-1.294971466
-1.291486025
-1.288003922
-1.284524322
-1.281048059
-1.277570724
-1.274100184
-1.270630121
-1.267165184
-1.263703823
-1.260248065
-1.25679791
-1.253345013
-1.249900103
-1.246459961
-1.243022084
-1.239589453
-1.236159921
-1.232738972
-1.229318857
-1.225909114
-1.222496152
-1.219093204
-1.215697646
-1.212300897
-1.208916545
-1.205534816
-1.202160001
-1.198788404
-1.195429564
-1.1920681
-1.188720703
-1.185377002
-1.182036519
-1.178708196
-1.175384879
-1.172068954
-1.168759942
-1.165455818
-1.162163258
-1.158875108
-1.155590177
-1.152322769
-1.14906013
-1.145804524
-1.142551899
-1.139314413
-1.136082292
-1.132858157
-1.129640102
-1.126435518
-1.123239398
-1.120050311
-1.116870165
-1.113699317
-1.110537052
-1.107382774
-1.104240537
-1.101106882
-1.097980618
-1.09486413
-1.091760039
-1.088661075
-1.085573554
-1.082496524
-1.079427361
-1.076371312
-1.073322654
-1.070281029
-1.067256093
-1.064238906
-1.061227083
-1.058233619
-1.055245876
-1.052269101
-1.049302459
-1.046350241
-1.043403268
-1.040468097
-1.037543297
-1.034629226
-1.031725168
-1.02883172
-1.025951028
-1.023077965
-1.02021575
-1.017367005
-1.014526129
-1.011696696
-1.008878589
-1.006070971
-1.003272414
-1.000487328
-0.9977145195
-0.9949487448
-0.9921954274
-0.9894518256
-0.9867214561
-0.9840001464
-0.9812893271
-0.9785891175
-0.9759005308
-0.9732227325
-0.9705571532
-0.9678974748
-0.9652527571
-0.9626199603
-0.9599949121
-0.9573818445
-0.9547765851
-0.9521836638
-0.9496007562
-0.9470296502
-0.9444691539
-0.9419178963
-0.9393788576
-0.9368519783
-0.9343315959
-0.9318230152
-0.929325819
-0.9268381596
-0.924362421
-0.9218956232
-0.9194414616
-0.91699332
-0.9145573378
-0.9121325612
-0.9097167253
-0.9073117375
-0.9049155116
-0.9025315642
-0.9001553059
-0.8977914453
-0.895432055
-0.8930869699
-0.8907536268
-0.888426125
-0.8861097097
-0.8838025928
-0.8815060258
-0.8792186379
-0.8769420981
-0.8746742606
-0.8724136353
-0.8701648712
-0.8679229617
-0.8656936884
-0.8634721041
-0.8612599969
-0.8590573072
-0.8568642735
-0.8546776772
-0.8525030017
-0.8503385186
-0.8481793404
-0.8460303545
-0.8438901901
-0.8417588472
-0.8396369219
-0.8375239372
-0.8354180455
-0.8333211541
-0.8312332034
-0.8291553855
-0.8270836473
-0.8250219822
-0.8229671121
-0.820921123
-0.8188861012
-0.8168542385
-0.8148353696
-0.8128214478
-0.8108165264
-0.8088190556
-0.8068295121
-0.8048492074
-0.8028761744
-0.8009113073
-0.7989547253
-0.7970051765
-0.7950662374
-0.7931286693
-0.7912031412
-0.7892827392
-0.7873705029
-0.7854690552
-0.7835714221
-0.7816830277
-0.7798024416
-0.7779257298
-0.7760588527
-0.7741990089
-0.772346437
-0.7705008388
-0.768660605
-0.7668293118
-0.7650055885
-0.7631875277
-0.7613769174
-0.7595739365
-0.7577772141
-0.7559857368
-0.7542024255
-0.7524273992
-0.750657618
-0.7488964796
-0.7471397519
-0.7453893423
-0.743650794
-0.7419136763
-0.7401843667
-0.7384634614
-0.7367460132
-0.7350372076
-0.7333339453
-0.7316365838
-0.729947567
-0.7282629609
-0.7265856266
-0.7249140143
-0.7232485414
-0.7215865254
-0.719932735
-0.7182834148
-0.7166401744
-0.715002954
-0.7133718729
-0.7117456794
-0.7101239562
-0.7085078359
-0.7068971992
-0.705290854
-0.7036933303
-0.7020989656
-0.7005087733
-0.6989247203
-0.6973446608
-0.6957713366
-0.6942035556
-0.6926380396
-0.6910773516
-0.6895237565
-0.6879736781
-0.6864287257
-0.6848909855
-0.6833541989
-0.6818234324
-0.6802976131
-0.6787742972
-0.6772581935
-0.6757454276
-0.6742354631
-0.6727327108
-0.671233058
-0.6697388887
-0.6682479978
-0.6667605639
-0.6652781963
-0.6638007164
-0.6623272896
-0.6608570814
-0.6593906879
-0.6579271555
-0.656470716
-0.6550164223
-0.6535646319
-0.6521199346
-0.6506773233
-0.649238646
-0.6478031278
-0.646371603
-0.6449434757
-0.643519938
-0.6420984268
-0.6406801343
-0.6392673254
-0.6378567219
-0.636451304
-0.6350440979
-0.6336464882
-0.6322495341
-0.6308544278
-0.6294635534
-0.628077209
-0.6266921759
