2646
0
132.25
-1.23219347
-1.229920149
-1.22765851
-1.22540307
-1.223155856
-1.220915914
-1.218683004
-1.21645987
-1.21424222
-1.212035537
-1.209834933
-1.207641244
-1.205455422
-1.203277826
-1.201106429
-1.198943138
-1.196789861
-1.19464159
-1.192504168
-1.190372229
-1.188248515
-1.186133742
-1.184027195
-1.181929111
-1.17983973
-1.177759528
-1.175686598
-1.1736238
-1.171570182
-1.169525266
-1.167491198
-1.165465951
-1.163449526
-1.161445737
-1.159452081
-1.157466292
-1.155495048
-1.153534055
-1.151585221
-1.149647355
-1.147720814
-1.145807266
-1.143909335
-1.142022729
-1.140149713
-1.13828969
-1.136444807
-1.134614348
-1.132801652
-1.131001949
-1.12921834
-1.127449393
-1.125699162
-1.123963952
-1.122246027
-1.120547771
-1.118864179
-1.117203116
-1.115557909
-1.11393261
-1.112327337
-1.110742331
-1.109177589
-1.107631564
-1.106109262
-1.104605436
-1.103124976
-1.101666451
-1.100230098
-1.098817945
-1.097427726
-1.096062899
-1.094719768
-1.093401194
-1.092109203
-1.090839744
-1.089596272
-1.088380098
-1.087189078
-1.08602488
-1.084889293
-1.083776951
-1.082691908
-1.081637144
-1.08061111
-1.079612494
-1.078640461
-1.07769978
-1.076785326
-1.075904131
-1.075050592
-1.07422626
-1.073435426
-1.072673559
-1.071943521
-1.071244001
-1.07057476
-1.06994009
-1.06933701
-1.06876421
-1.068226457
-1.067720056
-1.067246199
-1.066807508
-1.066403985
-1.066033363
-1.065694094
-1.065393567
-1.065123916
-1.064890742
-1.064694405
-1.064528942
-1.064404249
-1.064313889
-1.064258337
-1.064241409
-1.06425786
-1.064314008
-1.064404368
-1.064533353
-1.06470108
-1.064902782
-1.065147996
-1.065427423
-1.065745831
-1.066102743
-1.066495657
-1.066933155
-1.067403913
-1.067919374
-1.068469167
-1.069060206
-1.069693208
-1.070364356
-1.071076989
-1.071829557
-1.072621822
-1.073455095
-1.074325323
-1.075241208
-1.076197624
-1.077197194
-1.078235388
-1.079317212
-1.08043921
-1.081602216
-1.082809567
-1.084060907
-1.085352063
-1.086687326
-1.088062882
-1.089482903
-1.090946913
-1.092453957
-1.094002604
-1.095597029
-1.097234368
-1.098914504
-1.100641966
-1.102407455
-1.104221821
-1.106078625
-1.107980967
-1.109927177
-1.111916661
-1.113952398
-1.116033196
-1.118158579
-1.120329499
-1.122545838
-1.124806523
-1.127112508
-1.129466176
-1.131862521
-1.13430655
-1.136796713
-1.139332294
-1.141913652
-1.144541621
-1.147215843
-1.14993608
-1.152703285
-1.155516148
-1.158374906
-1.161282301
-1.164234757
-1.167235017
-1.170281887
-1.173375487
-1.176517248
-1.179705262
-1.182939529
-1.186223149
-1.189552188
-1.192927837
-1.196353793
-1.199825883
-1.203345299
-1.206913471
-1.210529089
-1.214189887
-1.217900634
-1.221658111
-1.225464821
-1.229317784
-1.23322022
-1.237169743
-1.241167665
-1.245212913
-1.249307871
-1.253449678
-1.257640243
-1.261877894
-1.266164064
-1.270498872
-1.274882555
-1.27931416
-1.283793926
-1.288322091
-1.292899966
-1.297524691
-1.302198291
-1.306919217
-1.311689258
-1.316508412
-1.321376085
-1.326290846
-1.331256986
-1.336268306
-1.341330171
-1.346440673
-1.35159874
-1.356806397
-1.362061501
-1.367365599
-1.372719049
-1.378119707
-1.383568525
-1.389068484
-1.394614935
-1.400209785
-1.405853868
-1.411545992
-1.417288303
-1.423077345
-1.428915977
-1.434802055
-1.440737486
-1.446722031
-1.452752352
-1.458831906
-1.464961886
-1.471139789
-1.477364302
-1.48363781
-1.489962101
-1.496333838
-1.502752662
-1.509220362
-1.515735745
-1.522298336
-1.528911948
-1.535572886
-1.542280197
-1.549037576
-1.555842161
-1.562696218
-1.56959486
-1.576545596
-1.583542466
-1.590586901
-1.597678542
-1.604821086
-1.612008691
-1.619244933
-1.626529217
-1.633859873
-1.641240597
-1.648668528
-1.656140804
-1.663665533
-1.671234131
-1.678852797
-1.686516404
-1.694231153
-1.701987863
-1.709794521
-1.717650294
-1.725549221
-1.73349905
-1.741494775
-1.749536037
-1.757626534
-1.765763164
-1.773946285
-1.782176137
-1.790454507
-1.798776984
-1.807148457
-1.815564156
-1.824027777
-1.832539439
-1.841096044
-1.84969902
-1.85834682
-1.867042303
-1.875784039
-1.88456893
-1.893405199
-1.902286172
-1.911211252
-1.92018187
-1.92920053
-1.938263059
-1.94737196
-1.95652616
-1.965724111
-1.974970937
-1.984262228
-1.993599534
-2.002980709
-2.012408018
-2.021876574
-2.031395435
-2.040955544
-2.050562859
-2.060212135
-2.069908857
-2.079650879
-2.089435101
-2.09926486
-2.109140158
-2.119058132
-2.12901926
-2.139027119
-2.149078369
-2.159173965
-2.169313431
-2.179496527
-2.189721346
-2.19999361
-2.210305214
-2.220662117
-2.231065989
-2.241509676
-2.25199461
-2.262527943
-2.273098946
-2.283720255
-2.29437685
-2.305079699
-2.315825224
-2.326611519
-2.337442398
-2.348314762
-2.35923171
-2.370187759
-2.381187201
-2.392228603
-2.403313637
-2.414436817
-2.425606966
-2.436813593
-2.448062897
-2.459357977
-2.470689535
-2.482062817
-2.493482113
-2.504937172
-2.5164361
-2.52797389
-2.539554358
-2.551173925
-2.562834978
-2.574537754
-2.586278677
-2.598062277
-2.609884739
-2.621746778
-2.633649111
-2.645590305
-2.657573223
-2.669595003
-2.681655645
-2.693758488
-2.705898285
-2.71807766
-2.730294943
-2.742552042
-2.754848003
-2.767184258
-2.779557705
-2.79197073
-2.804421663
-2.816911697
-2.829437494
-2.842003345
-2.854605198
-2.867248774
-2.879927397
-2.892643452
-2.905399799
-2.918193579
-2.931020498
-2.943887711
-2.95679307
-2.969731092
-2.982708454
-2.995723486
-3.00877285
-3.021861792
-3.03498435
-3.048145056
-3.061338663
-3.074571371
-3.087839603
-3.101144314
-3.114482164
-3.1278584
-3.141270399
-3.154716492
-3.168195009
-3.181711912
-3.195260048
-3.208849669
-3.222471237
-3.236122608
-3.249811888
-3.263537169
-3.277295828
-3.29108882
-3.304915667
-3.318772793
-3.332667112
-3.346590281
-3.360552788
-3.374547958
-3.388573408
-3.402633905
-3.416728973
-3.430851221
-3.44500947
-3.459202051
-3.473424911
-3.487678528
-3.501965761
-3.516282797
-3.530638456
-3.545024872
-3.559435606
-3.573882818
-3.588359356
-3.602866888
-3.617408991
-3.631978035
-3.646581173
-3.661214113
-3.675877571
-3.69056797
-3.705292463
-3.720044613
-3.734826803
-3.749640942
-3.764485598
-3.779359341
-3.794261217
-3.809192419
-3.824149847
-3.839138508
-3.854161978
-3.869207382
-3.88428688
-3.899392605
-3.914525032
-3.9296875
-3.944876671
-3.960093498
-3.975337505
-3.990608215
-4.005906582
-4.021235943
-4.036589146
-4.051972389
-4.067382336
-4.082818985
-4.098281384
-4.113768101
-4.129282475
-4.144823074
-4.160393715
-4.175989151
-4.191604614
-4.207247257
-4.222919941
-4.23861742
-4.254338264
-4.270083904
-4.285856247
-4.301647663
-4.317470551
-4.333314419
-4.349184036
-4.365080357
-4.38099575
-4.396939278
-4.412904263
-4.42889452
-4.444905758
-4.460944653
-4.47699976
 -4.493083
-4.509188175
-4.525318146
-4.541467667
-4.55764246
-4.57383728
-4.590053082
-4.606291771
-4.622554779
-4.638842106
-4.655144691
-4.671465874
-4.687818527
-4.704185486
-4.720574856
-4.736987591
-4.7534132
-4.76987505
-4.78633976
-4.802829742
-4.819344521
-4.835879803
-4.852431774
-4.869003296
-4.885592461
-4.902204037
-4.918834209
-4.935483456
-4.952150822
-4.968836308
-4.985544682
-5.002267361
-5.019009113
-5.035770893
-5.052544594
-5.069348335
-5.086158752
-5.102990627
-5.119835854
-5.136701584
-5.153588295
-5.170489788
-5.187401295
-5.204334259
-5.221289158
-5.238251686
-5.255236149
-5.272233009
-5.289244652
-5.306273937
-5.32332325
-5.340382099
-5.357459068
-5.374551296
-5.391656399
-5.408778667
-5.425914764
-5.443066597
-5.460225105
-5.47740221
-5.49459362
-5.511806011
-5.529024124
-5.546253681
-5.563501835
-5.58076334
-5.598039627
-5.615329742
-5.632622719
-5.64993906
-5.667261124
-5.684597015
-5.701945305
-5.719307423
-5.736679077
-5.754060745
-5.771463871
-5.788869858
-5.806284904
-5.823717594
-5.841159344
-5.858609676
-5.876074791
-5.89354229
-5.911027431
-5.928517818
-5.946026325
-5.963540554
-5.981061459
-5.99859333
-6.016133785
-6.033682346
-6.051246166
-6.068813801
-6.086395264
-6.103979111
-6.121576309
-6.139176846
-6.15678978
-6.174409866
-6.192033768
-6.209668636
-6.227311611
-6.24496603
-6.262620926
-6.280286789
-6.297967434
-6.315637112
-6.333313942
-6.351009846
-6.368718624
-6.386414051
-6.404128075
-6.421843052
-6.43955946
-6.457280636
-6.475021362
-6.492759705
-6.510499954
-6.528252602
-6.546008587
-6.563755512
-6.581519127
-6.599283218
-6.617054462
-6.634833336
-6.652606487
-6.670389175
-6.688175201
-6.705960751
-6.723759651
-6.741551876
-6.759346962
-6.777152538
-6.7949543
-6.812759876
-6.830566883
-6.848375797
-6.866192341
-6.884005547
-6.901812077
-6.919642925
-6.937467575
-6.955283165
-6.973103523
-6.99091959
-7.008746147
-7.026575565
-7.04439497
-7.062216759
-7.080049992
-7.097867966
-7.11569643
-7.133528709
-7.151337624
-7.16917181
-7.186989307
-7.204809666
-7.222635746
-7.240451336
-7.258280277
-7.276087284
-7.293904781
-7.311723709
-7.329541683
-7.347350121
-7.365148067
-7.382967472
-7.400763512
-7.418556213
-7.436364651
-7.45415163
-7.471943855
-7.489740372
-7.507518768
-7.525300503
-7.543074131
-7.56085825
-7.578627586
-7.596391201
-7.614153862
-7.631912708
-7.649668694
-7.667412281
-7.685160637
-7.702890396
-7.720627785
-7.738358974
-7.756065369
-7.773799419
-7.791502953
-7.809207916
-7.826904297
-7.844595909
-7.862290859
-7.879973412
-7.897638798
-7.915304184
-7.932961941
-7.950624943
-7.968257427
-7.985900879
-8.003531456
-8.021156311
-8.038766861
-8.05637455
-8.073969841
-8.091563225
-8.109145164
-8.126719475
-8.144282341
-8.161837578
-8.179398537
-8.196927071
-8.214472771
-8.231976509
-8.249498367
-8.266985893
-8.284482002
-8.30196476
-8.319429398
-8.336896896
-8.354340553
-8.371768951
-8.389210701
-8.406635284
-8.424032211
-8.441441536
-8.458816528
-8.476206779
-8.493552208
-8.510920525
-8.528248787
-8.545578003
-8.56289196
-8.580200195
-8.597489357
-8.614771843
-8.632025719
-8.649287224
-8.666517258
-8.68375206
-8.700967789
-8.718176842
-8.735349655
-8.752529144
-8.769687653
-8.786837578
-8.803970337
-8.821094513
-8.838183403
-8.855283737
-8.872348785
-8.889421463
-8.906460762
-8.923494339
-8.94050312
-8.95751667
-8.974490166
-8.991471291
-9.008421898
-9.025361061
-9.042290688
-9.05919075
-9.076086998
-9.092950821
-9.109819412
-9.126667023
-9.143485069
-9.160294533
-9.177082062
-9.193861961
-9.210624695
-9.22735405
-9.244086266
-9.260779381
-9.277466774
-9.294151306
-9.310791969
-9.327438354
-9.344051361
-9.360640526
-9.377236366
-9.393788338
-9.410334587
-9.42686367
-9.443362236
-9.459840775
-9.476316452
-9.492744446
-9.509189606
-9.525588036
-9.541977882
-9.558347702
-9.57470417
-9.59103775
-9.60733223
-9.623630524
-9.639890671
-9.656132698
-9.672365189
-9.688575745
-9.704751968
-9.720923424
-9.737062454
-9.753195763
-9.769281387
-9.785362244
-9.801419258
-9.81746006
-9.833467484
-9.849451065
-9.865428925
-9.881383896
-9.897296906
-9.913207054
-9.929081917
-9.944941521
-9.960764885
-9.976577759
-9.992369652
-10.00814533
-10.02387142
-10.03958988
-10.05529118
-10.07095718
-10.08660507
-10.10222435
-10.11783218
-10.1334095
-10.14896393
-10.16448212
-10.17998314
-10.19546413
-10.21092319
-10.22634888
-10.24173927
-10.25713444
-10.27247715
-10.28781319
-10.30311489
-10.31838226
-10.33364105
-10.34887028
-10.36406517
-10.37924099
-10.39438343
-10.40951729
-10.42460918
-10.43967628
-10.45471764
-10.46972466
-10.48473167
-10.49969006
-10.51463413
-10.52953815
-10.54442024
-10.55926895
-10.57410526
-10.58889866
-10.60367107
-10.6184206
-10.63314438
-10.64783192
-10.66248608
-10.67712879
-10.69173145
-10.7063055
-10.72086525
-10.73537445
-10.74987411
-10.76434708
-10.77877235
-10.79318237
-10.80756569
-10.82189751
-10.83621979
-10.85051918
-10.86477375
-10.87899971
-10.89321327
-10.90737343
-10.92152977
-10.93562984
-10.94972992
-10.96377277
-10.97779655
-10.99178314
-11.00574684
-11.01967812
-11.03357697
-11.0474453
-11.06129265
-11.07510471
-11.08887863
-11.10262775
-11.11635303
-11.13004112
-11.14368725
-11.15730953
-11.1709013
-11.1844492
-11.1979847
-11.21148872
-11.22494507
-11.23838425
-11.25178146
-11.26514816
-11.27849007
-11.29179478
-11.30506611
-11.31831646
-11.33151913
-11.34469604
-11.35783195
-11.37093735
-11.38400745
-11.3970623
-11.41007614
-11.42304707
-11.43599701
-11.44889736
-11.46177578
-11.47463894
-11.48743534
-11.5002203
-11.51296329
-11.52567196
-11.53834343
-11.5509882
-11.5636034
-11.57617378
-11.58872509
-11.60122776
-11.61368465
-11.62613869
-11.63853168
-11.65090561
-11.66322803
-11.67552948
-11.68779564
-11.70003319
-11.71221828
-11.72437572
-11.73652077
-11.74859047
-11.7606411
-11.77266216
-11.78465462
-11.79659271
-11.80850983
-11.8203764
-11.8322258
-11.84402943
-11.85579872
-11.86751938
-11.87922478
-11.89089108
-11.90250587
-11.91410446
-11.92566299
-11.93716621
-11.94865322
-11.96008396
-11.97149849
-11.98288155
-11.99419975
-12.00551128
-12.01677036
-12.02799034
-12.03917789
-12.05031681
-12.06143379
-12.07252216
-12.08355999
-12.09454918
-12.10551453
-12.11643505
-12.12731838
-12.13818359
-12.14898396
-12.15976143
-12.17050552
-12.18120289
-12.19186878
-12.20249462
-12.21308041
-12.2236414
-12.23414707
-12.24461174
-12.2550478
-12.26543522
-12.27580738
-12.28611088
-12.29640675
-12.30663967
-12.31684685
-12.32701015
-12.33713531
-12.34721661
-12.35727882
-12.36727333
-12.37725544
-12.387187
-12.39707661
-12.40692043
-12.41674519
-12.42652225
-12.43624401
-12.44596767
-12.45562744
-12.46521854
-12.474823
-12.48434544
-12.49386311
-12.50331879
-12.51272583
-12.52212906
-12.53146553
-12.54077053
-12.55005074
-12.55924606
-12.56844044
-12.57758427
-12.58665466
-12.5957489
-12.60475826
-12.61375523
-12.62268543
-12.63159943
-12.64047432
-12.64928627
-12.65804958
-12.6668129
-12.6755085
-12.68418026
-12.69278336
-12.70137119
-12.70990372
-12.71841335
-12.72685051
-12.73526192
-12.74364758
-12.75197697
-12.76027775
-12.76852894
-12.77674007
-12.78491306
-12.79302311
-12.80112934
-12.80922604
-12.81717873
-12.82514477
-12.83308506
-12.84096909
-12.84880161
-12.85660839
-12.86436176
-12.87208748
-12.87978649
-12.88739681
-12.89498711
-12.90254879
-12.9100647
-12.91754246
-12.92495155
-12.93233871
-12.93970871
-12.94700718
-12.95425034
-12.96145725
-12.96867752
-12.97581291
-12.98290157
-12.98995399
-12.99694538
-13.00392246
-13.01084042
-13.01772308
-13.02459526
-13.03136921
-13.03812218
-13.04483795
-13.0515213
-13.05814648
-13.06475544
-13.07130623
-13.0778017
-13.08426476
-13.09067917
-13.09706116
-13.10341263
-13.10970116
-13.11595154
-13.12216568
-13.12833786
-13.13446712
-13.14055157
-13.14659405
-13.15258121
-13.15856171
-13.16445827
-13.1703043
-13.17614555
-13.18194485
-13.18768787
-13.19337749
-13.19904709
-13.20467091
-13.21024036
-13.2157793
-13.22123909
-13.2266922
-13.23209381
-13.23747253
-13.24277401
-13.24806881
-13.25328445
-13.25847244
-13.2636404
-13.26873684
-13.27379322
-13.27877235
-13.28377342
-13.28870964
-13.29363441
-13.29845715
-13.30327797
-13.30802536
-13.31275558
-13.31741905
-13.32204723
-13.32663727
-13.33119583
-13.33568764
-13.34016132
-13.34459782
-13.34897423
-13.35329247
-13.35758018
-13.36181641
-13.36603451
-13.37020683
-13.37431526
-13.37838936
-13.38243771
-13.38642311
-13.39036942
-13.39426517
-13.39813232
-13.40193748
-13.40568924
-13.40947723
-13.41313267
-13.41675663
-13.4204092
-13.4239378
-13.42747784
-13.4309721
-13.43438625
-13.43777943
-13.44111538
-13.44442558
-13.44768238
-13.4508791
-13.45409298
-13.45722198
-13.46029854
-13.46336174
-13.46636581
-13.46932411
-13.47223854
-13.47509766
-13.47795773
-13.48074818
-13.48346424
-13.48614502
-13.48884106
-13.49144745
-13.49403858
-13.49656868
-13.49908161
-13.50151062
-13.50392532
-13.50627899
-13.50859928
-13.51084614
-13.51309776
-13.5152874
-13.51743221
-13.51953602
-13.52163506
-13.52363396
-13.52561665
-13.52753544
-13.52943897
-13.53128529
-13.53310871
-13.5348444
-13.53657532
-13.53826237
-13.53988075
-13.54148483
-13.54302883
-13.54456615
-13.54604721
-13.54746532
-13.54883957
-13.55020523
-13.55147076
-13.55272865
-13.55392838
-13.55510712
-13.55623436
-13.55732727
-13.55840969
-13.55936909
-13.56035233
-13.56127739
-13.56216812
-13.56295586
-13.56375313
-13.56450939
-13.56522274
-13.56590748
-13.56648922
-13.56706619
-13.56761074
-13.56810093
-13.56856918
-13.56902218
-13.56938267
-13.56969833
-13.56999493
-13.57023239
-13.57043171
-13.57059574
-13.5707159
-13.57078743
-13.57082176
-13.57083321
-13.57079506
-13.57069492
-13.5705595
-13.57042027
-13.57019997
-13.56995678
-13.5696497
-13.56931877
-13.56892586
-13.56851006
-13.56804657
-13.56753826
-13.56699657
-13.56640625
-13.56580544
-13.56515121
-13.56443691
-13.56371307
-13.56291771
-13.56207371
-13.56122112
-13.56029701
-13.55934811
-13.55835724
-13.55730534
-13.55621719
-13.555089
-13.55395412
-13.55275345
-13.55152416
-13.5502615
-13.5489502
-13.54759884
-13.54620647
-13.54474068
-13.54326439
-13.54172897
-13.54017258
-13.53857708
-13.53694153
-13.5352459
-13.53353214
-13.53176689
-13.52994633
-13.52810383
-13.52626133
-13.52433109
-13.52236843
-13.5203743
-13.51834393
-13.51626587
-13.51415062
-13.51195812
-13.50977421
-13.507514
-13.5052309
-13.50290489
-13.50053596
-13.49816036
-13.49574089
-13.49326324
-13.4907465
-13.48818684
-13.48559284
-13.48296928
-13.48028564
-13.47756767
-13.47483826
-13.47202778
-13.46920013
-13.46635532
-13.46340752
-13.46048737
-13.45749187
-13.45446968
-13.45142269
-13.44831848
-13.44516468
-13.44201469
-13.4387989
-13.43554974
-13.43226337
-13.42894745
-13.42557144
-13.42214966
-13.4187088
-13.41523743
-13.41167355
-13.40811729
-13.40452862
-13.40090275
-13.39724731
-13.39353371
-13.38979244
-13.38600445
-13.38219547
-13.37831879
-13.37442589
-13.37050915
-13.36653614
-13.36251163
-13.35847473
-13.35439301
-13.35026741
-13.34610939
-13.3418932
-13.33765888
-13.33339214
-13.32908344
-13.32476807
-13.32036686
-13.31594372
-13.31152534
-13.307024
-13.30250835
-13.29794407
-13.29334831
-13.28872108
-13.28407001
-13.27934742
-13.27457905
-13.2698307
-13.26499462
-13.26014042
-13.25524521
-13.25032616
-13.24537945
-13.24036407
-13.23532391
-13.23027229
-13.22519588
-13.2200489
-13.21487331
-13.20968723
-13.2044363
-13.19915867
-13.19385433
-13.18851566
-13.18310833
-13.1776886
-13.17226791
-13.16676712
-13.16122532
-13.15565777
-13.15006256
-13.14443779
-13.13877773
-13.13309479
-13.12735653
-13.12161827
-13.11579418
-13.11001587
-13.10413551
-13.09822178
-13.09228992
-13.08632565
-13.0803318
-13.07429504
-13.06821156
-13.06210995
-13.05599213
-13.0497818
-13.04358292
-13.03733826
-13.0310564
-13.02476788
-13.0184164
-13.01205826
-13.00566292
-12.99920559
-12.99278259
-12.98624706
-12.97972775
-12.97317123
-12.96658611
-12.9599762
-12.95327282
-12.94658184
-12.93985653
-12.93308926
-12.92629528
-12.91946411
-12.91260529
-12.90570927
-12.89876842
-12.89178562
-12.88482285
-12.87781239
-12.87078476
-12.86368561
-12.85658169
-12.84943485
-12.8422718
-12.83507538
-12.82783413
-12.82056046
-12.81325722
-12.80593491
-12.79859352
-12.79121304
-12.78377914
-12.77631187
-12.76883888
-12.76132011
-12.75377178
-12.74618816
-12.73857498
-12.73092747
-12.72325993
-12.71557045
-12.70785809
-12.70009708
-12.69231415
-12.68450356
-12.67667294
-12.66881275
-12.66088009
-12.65297413
-12.6449976
-12.63700485
-12.62898254
-12.62093258
-12.61288738
-12.60478497
-12.59661865
-12.58846092
-12.58026218
-12.5720253
-12.56376076
-12.55548286
-12.54716015
-12.53883362
-12.53046036
-12.52206421
-12.51363659
-12.50519657
-12.49672699
-12.48823833
-12.4797039
-12.47115231
-12.46253967
-12.45393944
-12.44528484
-12.43663502
-12.42793369
-12.41921616
-12.41046047
-12.40168571
-12.39287949
-12.38401604
-12.37514591
-12.36627007
-12.35735321
-12.34842014
-12.33946323
-12.33047199
-12.32145309
-12.31238556
-12.3033123
-12.29423714
-12.28508949
-12.27595234
-12.26676655
-12.25756073
-12.24833679
-12.23908901
-12.2298069
-12.22049809
-12.2111721
-12.20183945
-12.19244957
-12.18302631
-12.17360592
-12.16414833
-12.15465546
-12.14515018
-12.13562679
-12.12607479
-12.11649895
-12.10689735
-12.09727097
-12.08761883
-12.07794094
-12.06825256
-12.05851364
-12.04876804
-12.03899193
-12.02919006
-12.01937962
-12.00953197
-11.99966431
-11.98978329
-11.97986126
-11.96991444
-11.95997715
-11.94998169
-11.9399786
-11.92993927
-11.91989136
-11.90981865
-11.89972591
-11.88960457
-11.87944889
-11.86928272
-11.85909462
-11.84890175
-11.83864689
-11.82840824
-11.81813145
-11.80783272
-11.79751682
-11.78718376
-11.77681541
-11.76642036
-11.7560091
-11.74559402
-11.7351532
-11.72465324
-11.71416187
-11.70364285
-11.69311905
-11.68258667
-11.67199421
-11.66140079
-11.65079308
-11.64014626
-11.62950134
-11.61881542
-11.60811234
-11.59740639
-11.58664036
-11.57589722
-11.56510639
-11.55430794
-11.5434885
-11.53266144
-11.52179432
-11.51090622
-11.5000267
-11.48911762
-11.47818756
-11.4672308
-11.45625782
-11.44525623
-11.43425274
-11.42321587
-11.41215324
-11.40109253
-11.3900013
-11.37888813
-11.36777878
-11.35662365
-11.34547615
-11.33429337
-11.32309818
-11.31189632
-11.30065536
-11.28941345
-11.27813435
-11.26684666
-11.25555706
-11.24421692
-11.23287296
-11.22154713
-11.210145
-11.19876957
-11.18734646
-11.17592907
-11.16449738
-11.15304756
-11.14155293
-11.13006592
-11.11857414
-11.1070509
-11.09551239
-11.08395576
-11.07239914
-11.06080151
-11.04919434
-11.03755856
-11.02594376
-11.01426315
-11.00260448
-10.9909153
-10.97922611
-10.96751213
-10.95578289
-10.9440403
-10.93227386
-10.92051697
-10.90872955
-10.89691925
-10.88510799
-10.87325382
-10.86142254
-10.84957504
-10.83768463
-10.82577801
-10.81388378
-10.80195141
-10.79001331
-10.77806473
-10.76611328
-10.75413227
-10.74214363
-10.73013687
-10.7181282
-10.70609856
-10.69405365
-10.68201637
-10.66992378
-10.65784264
-10.64576054
-10.63364506
-10.62152672
-10.60939026
-10.59722996
-10.58508015
-10.57289791
-10.56071186
-10.54852486
-10.53629494
-10.52408409
-10.51183701
-10.49960518
-10.48735142
-10.47509766
-10.46280098
-10.45051289
-10.43820381
-10.42588425
-10.41356945
-10.40122509
-10.38888168
-10.37652302
-10.36414433
-10.3517437
-10.33935928
-10.32694435
-10.31452656
-10.30208969
-10.28965187
-10.2772131
-10.26474667
-10.252285
-10.23981762
-10.2273159
-10.21482277
-10.2023077
-10.18980694
-10.17728138
-10.1647253
-10.1521883
-10.13963699
-10.12706947
-10.11449814
-10.10189056
-10.08929634
-10.07668591
-10.06407261
-10.05145931
-10.0388155
-10.02617073
-10.01353168
-10.0008831
-9.988206863
-9.975521088
-9.962855339
-9.950170517
-9.937456131
-9.924759865
-9.912037849
-9.899317741
-9.886583328
-9.873850822
-9.861111641
-9.848350525
-9.83559227
-9.822822571
-9.810028076
-9.797246933
-9.784460068
-9.771653175
-9.758859634
-9.746031761
-9.733212471
-9.720383644
-9.707549095
-9.694700241
-9.681864738
-9.669021606
-9.656163216
-9.643295288
-9.630426407
-9.617536545
-9.604658127
-9.591775894
-9.578867912
-9.565982819
-9.553078651
-9.540166855
-9.527244568
-9.51431179
-9.501371384
-9.488446236
-9.475484848
-9.462535858
-9.449584007
-9.436628342
-9.423682213
-9.410693169
-9.397736549
-9.384749413
-9.371767998
-9.358787537
-9.345815659
-9.332811356
-9.319808006
-9.306811333
-9.293805122
-9.280787468
-9.267774582
-9.254766464
-9.241735458
-9.228707314
-9.215671539
-9.202651024
-9.189604759
-9.176568031
-9.163526535
-9.150473595
-9.13741684
-9.124344826
-9.111280441
-9.098219872
-9.085167885
-9.072113991
-9.059019089
-9.045963287
-9.032885551
-9.019808769
-9.006738663
-8.993636131
-8.98056221
-8.967482567
-8.954384804
-8.941286087
-8.928209305
-8.915125847
-8.902031898
-8.888912201
-8.875825882
-8.862714767
-8.849617958
-8.836502075
-8.823410034
-8.810282707
-8.797176361
-8.784040451
-8.77093792
-8.757815361
-8.744711876
-8.731575012
-8.718483925
-8.705357552
-8.692241669
-8.679123878
-8.666013718
-8.652896881
-8.639764786
-8.626647949
-8.613526344
-8.600423813
-8.587282181
-8.574171066
-8.561052322
-8.547926903
-8.534795761
-8.521688461
-8.508562088
-8.495454788
-8.482327461
-8.469199181
-8.456078529
-8.44295311
-8.429834366
-8.416721344
-8.403606415
-8.390483856
-8.377363205
-8.364246368
-8.351149559
-8.338030815
-8.324924469
-8.311826706
-8.298719406
-8.285606384
-8.272504807
-8.25939846
-8.246306419
-8.233218193
-8.22010994
-8.207016945
-8.193911552
-8.180840492
-8.167739868
-8.15466404
-8.141560555
-8.128507614
-8.115421295
-8.102357864
-8.089258194
-8.076196671
-8.063121796
-8.05003643
-8.036981583
-8.023899078
-8.010835648
-7.997795105
-7.984730721
-7.971682072
-7.958637238
-7.945590019
-7.93254137
-7.91949892
-7.906490803
-7.893455029
-7.880424023
-7.8674016
-7.854375362
-7.841366768
-7.828337669
-7.815355778
-7.802351952
-7.789342403
-7.77635479
-7.763363361
-7.750360966
-7.73739624
-7.72440052
-7.71143055
-7.698468685
-7.685490131
-7.672525406
-7.659561157
-7.646608353
-7.633662701
-7.620714188
-7.607777119
-7.594838619
-7.581899643
-7.568980694
-7.556047916
-7.543126106
-7.530215263
-7.517322063
-7.504433155
-7.491530418
-7.478646278
-7.465759754
-7.452878475
-7.440005302
-7.427155018
-7.414283276
-7.40141201
-7.38859129
-7.375749111
-7.362912178
-7.350085258
-7.337253571
-7.324431896
-7.311608315
-7.298814297
-7.286019325
-7.27322197
-7.260439396
-7.247645855
-7.234889507
-7.222103596
-7.209364414
-7.196601868
-7.183855057
-7.171097755
-7.158349991
-7.14563036
-7.132906437
-7.120184898
-7.107474327
-7.094759941
-7.08206749
-7.069383144
-7.056728363
-7.044034004
-7.031374931
-7.018719196
-7.006062984
-6.993431091
-6.980789661
-6.968157291
-6.955543041
-6.942941666
-6.930340767
-6.917747974
-6.905161381
-6.892585278
-6.879995823
-6.867439747
-6.854884148
-6.842334747
-6.829796314
-6.817269325
-6.804750443
-6.792220116
-6.779723644
-6.767224789
-6.754730701
-6.742251873
-6.729781628
-6.717320919
-6.704854488
-6.692404747
-6.679970264
-6.667532444
-6.65511179
-6.642698288
-6.63028574
-6.617892265
-6.605508804
-6.593120575
-6.580748558
-6.568401337
-6.556038857
-6.543697357
-6.531385899
-6.519056797
-6.506737709
-6.49443388
-6.482145309
-6.469871998
-6.457596779
-6.445320606
-6.433082104
-6.420834064
-6.40860033
-6.396379471
-6.384147167
-6.37194109
-6.359763145
-6.347575665
-6.335391045
-6.323233128
-6.311071873
-6.298922539
-6.286786079
-6.274667263
-6.262547016
-6.250452995
-6.238347054
-6.226274014
-6.214205265
-6.20212841
-6.190062523
-6.178024292
-6.165982246
-6.153969288
-6.141956806
-6.129954815
-6.117965698
-6.105988026
-6.094023228
-6.082066536
-6.070121765
-6.058186531
-6.046261787
-6.034352779
-6.022450924
-6.010556221
-5.998675823
-5.986802578
-5.974944592
-5.963102341
-5.95126152
-5.939437389
-5.927615643
-5.91581583
-5.90402174
-5.892243385
-5.880473614
-5.868726254
-5.856977463
-5.845242977
-5.833526134
-5.821817875
-5.810122013
-5.798430443
-5.78676033
-5.775101185
-5.763448715
-5.751805305
-5.740179062
-5.728562832
 -5.716959
-5.705373764
-5.693788052
-5.682213306
-5.670661926
-5.659117699
-5.647591114
-5.636062622
-5.62456274
-5.613050938
-5.601585388
-5.590100288
-5.578654766
-5.567204952
-5.555777073
-5.544351101
-5.532945633
-5.521548748
-5.510163307
-5.498797894
-5.487438679
-5.476097107
-5.464759827
-5.453450203
-5.442130566
-5.430842876
-5.419565201
-5.408286572
-5.397037506
-5.385782719
-5.374551296
-5.363333702
-5.352123737
-5.340932369
-5.329752445
-5.318582535
-5.307438374
-5.296291351
-5.285167217
-5.274051189
-5.262951374
-5.251859188
-5.240796089
-5.229730606
-5.218682766
-5.207649231
-5.196619987
-5.18560648
-5.174619675
-5.163635731
-5.152675152
-5.141708374
-5.130775452
-5.119839191
-5.108929157
-5.098026276
-5.087141037
-5.076268673
-5.065401077
-5.054559231
-5.043727398
-5.032902241
-5.022090912
-5.011297703
-5.000518799
-4.989747047
-4.979000092
-4.968255997
-4.957536697
-4.94683218
-4.936137199
-4.92543745
-4.914772034
-4.904121399
-4.893480778
-4.882854462
-4.87224102
-4.861647606
-4.851057053
-4.840481281
-4.829931259
-4.819383621
-4.808859348
-4.798341274
-4.787845135
-4.777355194
-4.766889095
-4.756417751
-4.745976925
-4.735539436
-4.72512722
-4.714715958
-4.70432663
-4.693955421
-4.683594704
-4.673252106
-4.662917137
-4.652598381
-4.642294407
-4.632000923
-4.621738911
-4.611475468
-4.601220608
-4.59099102
-4.580776215
-4.570576191
-4.560392857
-4.550220966
-4.540066242
-4.529920101
-4.519784451
-4.50966835
-4.49957037
-4.48948431
-4.479414463
-4.469353199
-4.459318161
-4.449277878
-4.439266682
-4.429271221
-4.419288158
-4.409318924
-4.399353504
-4.389408588
-4.379481792
-4.369571686
-4.359674454
-4.349796295
-4.339918137
-4.330069065
-4.320223808
-4.310394764
-4.300592422
-4.290799141
-4.281022072
-4.271248341
-4.261507034
-4.251767635
-4.242047787
-4.232349873
-4.222648144
-4.212975025
-4.203310013
-4.193665981
-4.184034348
-4.174418449
-4.164811611
-4.155226707
-4.14565134
-4.136100769
-4.126555443
-4.117024899
-4.107504845
-4.098005295
-4.088526249
-4.079053402
-4.069601536
-4.060162067
-4.050739288
-4.041323662
-4.031928539
-4.022542477
-4.013174057
-4.003820896
-3.994484901
-3.985157013
-3.975846052
-3.966559887
-3.957283258
-3.948018074
-3.938771725
-3.929534435
-3.920325994
-3.911117792
-3.901933432
-3.892760038
-3.88360405
-3.874461412
-3.865331888
-3.856218338
-3.847117424
-3.838030577
-3.828969717
-3.819913149
-3.81086731
-3.801835775
-3.792835474
-3.783845425
-3.774862051
-3.765895844
-3.756937742
-3.747995853
-3.739090681
-3.730172873
-3.721280098
-3.712413311
-3.703536034
-3.694692135
-3.685858727
-3.677039862
-3.668231487
-3.659435034
-3.650662661
-3.641900539
-3.633151293
-3.62441659
-3.615705252
-3.60700345
-3.598316908
-3.589641571
-3.580988169
-3.572345734
-3.563714266
-3.555104256
-3.546499014
-3.537918329
-3.529345989
-3.520797253
-3.512251377
-3.503727198
-3.495216131
-3.48671484
-3.478234291
-3.469770908
-3.461319447
-3.452879667
-3.44443965
-3.436035633
-3.427637577
-3.419257879
-3.410889626
-3.4025352
-3.39419198
-3.385872364
-3.377564192
-3.369267702
-3.360976458
-3.352710962
-3.344457626
-3.336216927
-3.327996969
-3.319778204
-3.311585903
-3.3034091
-3.295230865
-3.287069559
-3.278928518
-3.270802736
-3.262687206
-3.254586935
-3.246495962
-3.238424778
-3.230370998
-3.222324133
-3.214297533
-3.20627284
-3.19827652
-3.190289497
-3.182312965
-3.174352884
-3.166405439
-3.158470631
-3.150551796
-3.142650127
-3.134749413
-3.126875162
-3.119009256
-3.111153603
-3.103315592
-3.095487833
-3.087672234
-3.079868555
-3.072082043
-3.064310312
-3.056550026
-3.048795462
-3.041065931
-3.033338308
-3.025629044
-3.017929077
-3.010245085
-3.002568245
-2.994902849
-2.987252474
-2.979617596
-2.971995592
-2.964374781
-2.956775188
-2.94918561
-2.941606998
-2.934040546
-2.926481962
-2.918935061
-2.911404371
-2.903878212
-2.896368027
-2.888868809
-2.881373405
-2.873893023
-2.866425276
-2.85895896
-2.851506948
-2.844060898
-2.836630821
-2.829204082
-2.821786642
-2.814379692
-2.806975603
-2.799577713
-2.792200804
-2.784822941
-2.777453423
-2.770086288
-2.762729168
-2.755377769
-2.748031855
-2.740691185
-2.733362436
-2.726031065
-2.718708992
-2.711390972
-2.704067707
-2.696758747
-2.689451933
-2.682146549
-2.674847603
-2.667546749
-2.660245419
-2.652945518
-2.64565444
-2.638355494
-2.631057978
-2.623763561
-2.616470098
-2.609173059
-2.601874828
-2.594575167
-2.587272882
-2.579969883
-2.572664261
-2.565354586
-2.55803895
-2.550725222
-2.543402672
-2.536082983
-2.528751135
-2.521420956
-2.514082909
-2.506740332
-2.499387264
-2.492031336
-2.484675169
-2.477302551
-2.469927073
-2.462548494
-2.455158234
-2.447763205
-2.440359592
-2.432947397
-2.425533533
-2.418107271
-2.41067481
-2.403229475
-2.395784378
-2.388322353
-2.380859375
-2.373384953
-2.365905046
-2.35841465
-2.350917816
-2.343414068
-2.335905313
-2.32838583
-2.32086277
-2.313331604
-2.305794239
-2.298247814
-2.290701628
-2.283144951
-2.275589943
-2.268027544
-2.260457993
-2.252885103
-2.245310783
-2.237734079
-2.230154037
-2.222569942
-2.214985132
-2.207401276
-2.199813604
-2.192229748
-2.184649467
-2.177072763
-2.16948843
-2.161912918
-2.154342413
-2.146773815
-2.139211178
-2.131653547
-2.124105215
-2.11655736
-2.109020233
-2.101499081
-2.093981028
-2.086476564
-2.078975439
-2.071494818
-2.064025879
-2.056579828
-2.049128294
-2.041710377
-2.034301043
-2.026910543
-2.019536495
-2.01218152
-2.004851103
-1.997536302
-1.990243554
-1.982972383
-1.975726366
-1.96850419
-1.961304307
-1.954131603
-1.946983814
-1.939864039
-1.93277204
-1.925706506
-1.918676257
-1.911671162
-1.904700398
-1.897751451
-1.890843511
-1.883964777
-1.877120733
-1.870311856
-1.863530874
-1.856790781
-1.85008347
-1.843413591
-1.836783051
-1.830183268
-1.823624492
-1.817104697
-1.810624957
-1.804179072
-1.797780156
-1.791416049
-1.785095692
-1.778813362
-1.772575855
-1.766373992
-1.760217786
-1.754100204
-1.748028278
-1.741996288
-1.73600781
-1.730058312
-1.724151731
-1.718294382
-1.712473631
-1.706698298
-1.7009691
-1.695280194
-1.689630985
-1.684025884
-1.678463459
-1.672952533
-1.667477369
-1.662046075
-1.656659484
-1.651316047
-1.646014214
-1.64075458
-1.635535359
-1.630364656
-1.62523067
-1.620140672
-1.615096688
-1.610085845
-1.605121613
-1.600195646
-1.595313787
-1.590469718
-1.585665822
-1.58090961
-1.576188326
-1.571509242
-1.566869617
-1.56226635
-1.557703733
-1.55317831
-1.548695087
-1.544248104
-1.53983736
-1.53546524
-1.531130314
-1.526833415
-1.522567749
-1.518341899
-1.514151812
-1.509997249
-1.505877852
-1.501793027
-1.497740149
-1.493723631
-1.489740729
-1.485790968
-1.481872559
-1.47799015
-1.474133968
-1.470314145
-1.466525316
-1.462765932
-1.459039688
-1.455343366
-1.451673388
-1.448038101
-1.44443059
-1.440852046
-1.437300682
-1.433780551
-1.430286646
-1.426822543
-1.423384547
-1.419971585
-1.416588426
-1.413231015
-1.409898043
-1.406591654
-1.403310776
-1.400058031
-1.396826267
-1.393621564
-1.39044106
-1.387286901
-1.384155869
-1.381048799
-1.377966762
-1.374906898
-1.371872783
-1.368859172
-1.365870357
-1.362903357
-1.359954476
-1.357033372
-1.354127884
-1.35124433
-1.348377109
-1.345530868
-1.342701912
-1.33989501
-1.337103009
-1.334328651
-1.331573844
-1.328831077
-1.326104879
-1.323395967
-1.320704699
-1.318026662
-1.315364718
-1.312717438
-1.310087681
-1.307467461
-1.30486083
-1.302274466
-1.299696684
-1.297133565
-1.294582486
-1.292045474
-1.289521813
-1.287009835
-1.284509778
-1.282022238
-1.279548407
-1.27708137
-1.274629235
-1.272185087
-1.269755721
-1.267332673
-1.264923692
-1.262524605
-1.26013577
-1.257757187
-1.255386353
-1.253026485
-1.250676513
-1.248334527
-1.246002913
-1.243678927
-1.241366625
-1.239060283
-1.236763477
-1.23447299
-1.232194066
