0 0.0636501 
0.05 0.0636964 
0.1 0.0637393 
0.15 0.0637788 
0.2 0.0638146 
0.25 0.0638466 
0.3 0.0638745 
0.35 0.0638983 
0.4 0.0639176 
0.45 0.0639323 
0.5 0.0639421 
0.55 0.063947 
0.6 0.0639467 
0.65 0.0639409 
0.7 0.0639295 
0.75 0.0639122 
0.8 0.0638889 
0.85 0.0638593 
0.9 0.0638232 
0.95 0.0637803 
1 0.0637305 
1.05 0.0636734 
1.1 0.0636089 
1.15 0.0635368 
1.2 0.0634566 
1.25 0.0633684 
1.3 0.0632716 
1.35 0.0631662 
1.4 0.0630518 
1.45 0.0629283 
1.5 0.0627952 
1.55 0.0626524 
1.6 0.0624995 
1.65 0.0623364 
1.7 0.0621626 
1.75 0.0619779 
1.8 0.0617821 
1.85 0.0615749 
1.9 0.0613558 
1.95 0.0611247 
2 0.0608812 
2.05 0.060625 
2.1 0.0603558 
2.15 0.0600733 
2.2 0.0597772 
2.25 0.059467 
2.3 0.0591426 
2.35 0.0588036 
2.4 0.0584496 
2.45 0.0580803 
2.5 0.0576954 
2.55 0.0572944 
2.6 0.0568771 
2.65 0.0564432 
2.7 0.0559922 
2.75 0.0555237 
2.8 0.0550376 
2.85 0.0545333 
2.9 0.0540105 
2.95 0.0534688 
3 0.0529079 
3.05 0.0523274 
3.1 0.0517269 
3.15 0.0511061 
3.2 0.0504645 
3.25 0.0498018 
3.3 0.0491176 
3.35 0.0484115 
3.4 0.0476832 
3.45 0.0469322 
3.5 0.0461582 
3.55 0.0453608 
3.6 0.0445396 
3.65 0.0436942 
3.7 0.0428242 
3.75 0.0419292 
3.8 0.041009 
3.85 0.040063 
3.9 0.0390909 
3.95 0.0380923 
4 0.0370669 
4.05 0.0360143 
4.1 0.034934 
4.15 0.0338258 
4.2 0.0326892 
4.25 0.0315239 
4.3 0.0303296 
4.35 0.0291059 
4.4 0.0278524 
4.45 0.0265687 
4.5 0.0252547 
4.55 0.0239098 
4.6 0.0225338 
4.65 0.0211264 
4.7 0.0196873 
4.75 0.0182161 
4.8 0.0167125 
4.85 0.0151763 
4.9 0.0136071 
4.95 0.0120048 
5 0.0103689 
5.05 0.00869938 
5.1 0.00699585 
5.15 0.0052581 
5.2 0.00348592 
5.25 0.0016791 
5.3 -0.000162563 
5.35 -0.00203926 
5.4 -0.00395115 
5.45 -0.00589841 
5.5 -0.00788118 
5.55 -0.00989959 
5.6 -0.0119537 
5.65 -0.0140438 
5.7 -0.0161697 
5.75 -0.0183317 
5.8 -0.0205297 
5.85 -0.0227638 
5.9 -0.0250341 
5.95 -0.0273404 
6 -0.0296828 
6.05 -0.0320612 
6.1 -0.0344756 
6.15 -0.0369259 
6.2 -0.039412 
6.25 -0.0419338 
6.3 -0.044491 
6.35 -0.0470836 
6.4 -0.0497113 
6.45 -0.052374 
6.5 -0.0550713 
6.55 -0.0578031 
6.6 -0.0605689 
6.65 -0.0633686 
6.7 -0.0662017 
6.75 -0.069068 
6.8 -0.0719669 
6.85 -0.0748981 
6.9 -0.0778611 
6.95 -0.0808555 
7 -0.0838807 
7.05 -0.0869362 
7.1 -0.0900214 
7.15 -0.0931358 
7.2 -0.0962787 
7.25 -0.0994495 
7.3 -0.102647 
7.35 -0.105872 
7.4 -0.109122 
7.45 -0.112397 
7.5 -0.115696 
7.55 -0.119019 
7.6 -0.122364 
7.65 -0.125731 
7.7 -0.129118 
7.75 -0.132525 
7.8 -0.135951 
7.85 -0.139394 
7.9 -0.142854 
7.95 -0.146329 
8 -0.149819 
8.05 -0.153322 
8.1 -0.156837 
8.15 -0.160363 
8.2 -0.163899 
8.25 -0.167443 
8.3 -0.170995 
8.35 -0.174552 
8.4 -0.178113 
8.45 -0.181678 
8.5 -0.185244 
8.55 -0.18881 
8.6 -0.192376 
8.65 -0.195938 
8.7 -0.199496 
8.75 -0.203049 
8.8 -0.206594 
8.85 -0.210131 
8.9 -0.213656 
8.95 -0.21717 
9 -0.22067 
9.05 -0.224155 
9.1 -0.227622 
9.15 -0.231071 
9.2 -0.234499 
9.25 -0.237905 
9.3 -0.241287 
9.35 -0.244643 
9.4 -0.247972 
9.45 -0.251272 
9.5 -0.25454 
9.55 -0.257776 
9.6 -0.260977 
9.65 -0.264141 
9.7 -0.267268 
9.75 -0.270354 
9.8 -0.273398 
9.85 -0.276399 
9.9 -0.279354 
9.95 -0.282262 
10 -0.285121 
10.05 -0.287929 
10.1 -0.290684 
10.15 -0.293385 
10.2 -0.29603 
10.25 -0.298617 
10.3 -0.301144 
10.35 -0.30361 
10.4 -0.306013 
10.45 -0.308351 
10.5 -0.310623 
10.55 -0.312827 
10.6 -0.314962 
10.65 -0.317025 
10.7 -0.319016 
10.75 -0.320933 
10.8 -0.322775 
10.85 -0.324539 
10.9 -0.326226 
10.95 -0.327833 
11 -0.329359 
11.05 -0.330802 
11.1 -0.332163 
11.15 -0.333439 
11.2 -0.33463 
11.25 -0.335733 
11.3 -0.33675 
11.35 -0.337678 
11.4 -0.338516 
11.45 -0.339265 
11.5 -0.339922 
11.55 -0.340488 
11.6 -0.340961 
11.65 -0.341342 
11.7 -0.341629 
11.75 -0.341823 
11.8 -0.341923 
11.85 -0.341928 
11.9 -0.341839 
11.95 -0.341655 
12 -0.341377 
12.05 -0.341004 
12.1 -0.340536 
12.15 -0.339974 
12.2 -0.339318 
12.25 -0.338568 
12.3 -0.337724 
12.35 -0.336788 
12.4 -0.33576 
12.45 -0.33464 
12.5 -0.333429 
12.55 -0.332128 
12.6 -0.330738 
12.65 -0.32926 
12.7 -0.327695 
12.75 -0.326044 
12.8 -0.324309 
12.85 -0.322491 
12.9 -0.320591 
12.95 -0.31861 
13 -0.316551 
13.05 -0.314415 
13.1 -0.312204 
13.15 -0.309919 
13.2 -0.307563 
13.25 -0.305138 
13.3 -0.302644 
13.35 -0.300086 
13.4 -0.297465 
13.45 -0.294783 
13.5 -0.292042 
13.55 -0.289245 
13.6 -0.286395 
13.65 -0.283494 
13.7 -0.280544 
13.75 -0.277549 
13.8 -0.274511 
13.85 -0.271432 
13.9 -0.268317 
13.95 -0.265166 
14 -0.261984 
14.05 -0.258774 
14.1 -0.255538 
14.15 -0.252279 
14.2 -0.249 
14.25 -0.245706 
14.3 -0.242397 
14.35 -0.239079 
14.4 -0.235754 
14.45 -0.232424 
14.5 -0.229094 
14.55 -0.225767 
14.6 -0.222445 
14.65 -0.219132 
14.7 -0.21583 
14.75 -0.212544 
14.8 -0.209275 
14.85 -0.206028 
14.9 -0.202805 
14.95 -0.19961 
15 -0.196444 
15.05 -0.193312 
15.1 -0.190215 
15.15 -0.187157 
15.2 -0.184141 
15.25 -0.181168 
15.3 -0.178243 
15.35 -0.175366 
15.4 -0.172541 
15.45 -0.16977 
15.5 -0.167054 
15.55 -0.164397 
15.6 -0.1618 
15.65 -0.159265 
15.7 -0.156794 
15.75 -0.154387 
15.8 -0.152048 
15.85 -0.149777 
15.9 -0.147575 
15.95 -0.145444 
16 -0.143384 
16.05 -0.141397 
16.1 -0.139483 
16.15 -0.137642 
16.2 -0.135875 
16.25 -0.134182 
16.3 -0.132564 
16.35 -0.13102 
16.4 -0.12955 
16.45 -0.128155 
16.5 -0.126833 
16.55 -0.125584 
16.6 -0.124408 
16.65 -0.123304 
16.7 -0.122271 
16.75 -0.121308 
16.8 -0.120415 
16.85 -0.11959 
16.9 -0.118832 
16.95 -0.118141 
17 -0.117514 
17.05 -0.116952 
17.1 -0.116452 
17.15 -0.116013 
17.2 -0.115634 
17.25 -0.115313 
17.3 -0.11505 
17.35 -0.114843 
17.4 -0.11469 
17.45 -0.11459 
17.5 -0.114543 
17.55 -0.114546 
17.6 -0.114598 
17.65 -0.114699 
17.7 -0.114846 
17.75 -0.115039 
17.8 -0.115277 
17.85 -0.115558 
17.9 -0.115881 
17.95 -0.116246 
18 -0.11665 
18.05 -0.117094 
18.1 -0.117576 
18.15 -0.118095 
18.2 -0.118651 
18.25 -0.119242 
18.3 -0.119868 
18.35 -0.120528 
18.4 -0.121221 
18.45 -0.121947 
18.5 -0.122704 
18.55 -0.123492 
18.6 -0.124312 
18.65 -0.125161 
18.7 -0.126039 
18.75 -0.126946 
18.8 -0.127882 
18.85 -0.128846 
18.9 -0.129837 
18.95 -0.130855 
19 -0.1319 
19.05 -0.132972 
19.1 -0.134069 
19.15 -0.135192 
19.2 -0.13634 
19.25 -0.137513 
19.3 -0.138712 
19.35 -0.139934 
19.4 -0.141181 
19.45 -0.142453 
19.5 -0.143748 
19.55 -0.145066 
19.6 -0.146409 
19.65 -0.147775 
19.7 -0.149164 
19.75 -0.150576 
19.8 -0.152011 
19.85 -0.153469 
19.9 -0.15495 
19.95 -0.156454 
20 -0.157981 
20.05 -0.15953 
20.1 -0.161102 
20.15 -0.162696 
20.2 -0.164313 
20.25 -0.165952 
20.3 -0.167614 
20.35 -0.169298 
20.4 -0.171004 
20.45 -0.172733 
20.5 -0.174485 
20.55 -0.176259 
20.6 -0.178056 
20.65 -0.179875 
20.7 -0.181716 
20.75 -0.183581 
20.8 -0.185468 
20.85 -0.187377 
20.9 -0.18931 
20.95 -0.191265 
21 -0.193243 
21.05 -0.195245 
21.1 -0.197269 
21.15 -0.199316 
21.2 -0.201387 
21.25 -0.20348 
21.3 -0.205598 
21.35 -0.207738 
21.4 -0.209903 
21.45 -0.212091 
21.5 -0.214302 
21.55 -0.216538 
21.6 -0.218798 
21.65 -0.221081 
21.7 -0.223389 
21.75 -0.225721 
21.8 -0.228078 
21.85 -0.230459 
21.9 -0.232865 
21.95 -0.235296 
22 -0.237752 
22.05 -0.240233 
22.1 -0.242739 
22.15 -0.245271 
22.2 -0.247828 
22.25 -0.25041 
22.3 -0.253019 
22.35 -0.255653 
22.4 -0.258314 
22.45 -0.261 
22.5 -0.263713 
22.55 -0.266453 
22.6 -0.269219 
22.65 -0.272013 
22.7 -0.274833 
22.75 -0.27768 
22.8 -0.280555 
22.85 -0.283457 
22.9 -0.286387 
22.95 -0.289345 
23 -0.29233 
23.05 -0.295344 
23.1 -0.298386 
23.15 -0.301457 
23.2 -0.304556 
23.25 -0.307684 
23.3 -0.310842 
23.35 -0.314028 
23.4 -0.317244 
23.45 -0.320489 
23.5 -0.323765 
23.55 -0.32707 
23.6 -0.330405 
23.65 -0.33377 
23.7 -0.337166 
23.75 -0.340593 
23.8 -0.34405 
23.85 -0.347539 
23.9 -0.351059 
23.95 -0.35461 
24 -0.358193 
24.05 -0.361808 
24.1 -0.365454 
24.15 -0.369133 
24.2 -0.372845 
24.25 -0.376589 
24.3 -0.380365 
24.35 -0.384175 
24.4 -0.388018 
24.45 -0.391894 
24.5 -0.395804 
24.55 -0.399748 
24.6 -0.403726 
24.65 -0.407738 
24.7 -0.411785 
24.75 -0.415866 
24.8 -0.419982 
24.85 -0.424133 
24.9 -0.42832 
24.95 -0.432542 
25 -0.436799 
25.05 -0.441093 
25.1 -0.445422 
25.15 -0.449788 
25.2 -0.454191 
25.25 -0.45863 
25.3 -0.463107 
25.35 -0.46762 
25.4 -0.472171 
25.45 -0.47676 
25.5 -0.481386 
25.55 -0.486051 
25.6 -0.490754 
25.65 -0.495495 
25.7 -0.500275 
25.75 -0.505095 
25.8 -0.509953 
25.85 -0.514851 
25.9 -0.519788 
25.95 -0.524766 
26 -0.529783 
26.05 -0.534841 
26.1 -0.53994 
26.15 -0.545079 
26.2 -0.550259 
26.25 -0.555481 
26.3 -0.560744 
26.35 -0.566049 
26.4 -0.571395 
26.45 -0.576784 
26.5 -0.582216 
26.55 -0.58769 
26.6 -0.593207 
26.65 -0.598767 
26.7 -0.60437 
26.75 -0.610017 
26.8 -0.615708 
26.85 -0.621443 
26.9 -0.627222 
26.95 -0.633046 
27 -0.638915 
27.05 -0.644828 
27.1 -0.650787 
27.15 -0.656792 
27.2 -0.662842 
27.25 -0.668938 
27.3 -0.675081 
27.35 -0.681269 
27.4 -0.687505 
27.45 -0.693788 
27.5 -0.700118 
27.55 -0.706495 
27.6 -0.71292 
27.65 -0.719393 
27.7 -0.725914 
27.75 -0.732483 
27.8 -0.739101 
27.85 -0.745768 
27.9 -0.752485 
27.95 -0.75925 
28 -0.766065 
28.05 -0.772931 
28.1 -0.779846 
28.15 -0.786812 
28.2 -0.793828 
28.25 -0.800895 
28.3 -0.808014 
28.35 -0.815184 
28.4 -0.822405 
28.45 -0.829678 
28.5 -0.837004 
28.55 -0.844381 
28.6 -0.851812 
28.65 -0.859295 
28.7 -0.866832 
28.75 -0.874421 
28.8 -0.882065 
28.85 -0.889762 
28.9 -0.897513 
28.95 -0.905319 
29 -0.913179 
29.05 -0.921095 
29.1 -0.929065 
29.15 -0.937091 
29.2 -0.945172 
29.25 -0.953309 
29.3 -0.961502 
29.35 -0.969752 
29.4 -0.978058 
29.45 -0.986421 
29.5 -0.994841 
29.55 -1.00332 
29.6 -1.01185 
29.65 -1.02045 
29.7 -1.0291 
29.75 -1.03781 
29.8 -1.04657 
29.85 -1.0554 
29.9 -1.06429 
29.95 -1.07323 
30 -1.08224 
30.05 -1.0913 
30.1 -1.10043 
30.15 -1.10961 
30.2 -1.11886 
30.25 -1.12816 
30.3 -1.13753 
30.35 -1.14696 
30.4 -1.15645 
30.45 -1.166 
30.5 -1.17561 
30.55 -1.18529 
30.6 -1.19503 
30.65 -1.20483 
30.7 -1.21469 
30.75 -1.22462 
30.8 -1.23461 
30.85 -1.24466 
30.9 -1.25478 
30.95 -1.26497 
31 -1.27521 
31.05 -1.28552 
31.1 -1.2959 
31.15 -1.30634 
31.2 -1.31685 
31.25 -1.32742 
31.3 -1.33806 
31.35 -1.34876 
31.4 -1.35953 
31.45 -1.37037 
31.5 -1.38127 
31.55 -1.39224 
31.6 -1.40328 
31.65 -1.41438 
31.7 -1.42556 
31.75 -1.4368 
31.8 -1.4481 
31.85 -1.45948 
31.9 -1.47092 
31.95 -1.48244 
32 -1.49402 
32.05 -1.50567 
32.1 -1.51739 
32.15 -1.52918 
32.2 -1.54104 
32.25 -1.55297 
32.3 -1.56497 
32.35 -1.57704 
32.4 -1.58919 
32.45 -1.6014 
32.5 -1.61368 
32.55 -1.62604 
32.6 -1.63846 
32.65 -1.65096 
32.7 -1.66353 
32.75 -1.67617 
32.8 -1.68888 
32.85 -1.70167 
32.9 -1.71453 
32.95 -1.72746 
33 -1.74046 
33.05 -1.75354 
33.1 -1.76669 
33.15 -1.77991 
33.2 -1.79321 
33.25 -1.80658 
33.3 -1.82003 
33.35 -1.83355 
33.4 -1.84714 
33.45 -1.86081 
33.5 -1.87455 
33.55 -1.88837 
33.6 -1.90226 
33.65 -1.91623 
33.7 -1.93028 
33.75 -1.9444 
33.8 -1.95859 
33.85 -1.97286 
33.9 -1.98721 
33.95 -2.00163 
34 -2.01613 
34.05 -2.03071 
34.1 -2.04536 
34.15 -2.06009 
34.2 -2.0749 
34.25 -2.08978 
34.3 -2.10474 
34.35 -2.11978 
34.4 -2.1349 
34.45 -2.15009 
34.5 -2.16536 
34.55 -2.18071 
34.6 -2.19614 
34.65 -2.21164 
34.7 -2.22722 
34.75 -2.24288 
34.8 -2.25862 
34.85 -2.27444 
34.9 -2.29034 
34.95 -2.30631 
35 -2.32236 
35.05 -2.3385 
35.1 -2.35471 
35.15 -2.371 
35.2 -2.38737 
35.25 -2.40382 
35.3 -2.42034 
35.35 -2.43695 
35.4 -2.45364 
35.45 -2.4704 
35.5 -2.48725 
35.55 -2.50418 
35.6 -2.52118 
35.65 -2.53827 
35.7 -2.55543 
35.75 -2.57267 
35.8 -2.59 
35.85 -2.6074 
35.9 -2.62489 
35.95 -2.64245 
36 -2.66009 
36.05 -2.67782 
36.1 -2.69562 
36.15 -2.71351 
36.2 -2.73147 
36.25 -2.74951 
36.3 -2.76764 
36.35 -2.78584 
36.4 -2.80412 
36.45 -2.82249 
36.5 -2.84093 
36.55 -2.85946 
36.6 -2.87806 
36.65 -2.89675 
36.7 -2.91551 
36.75 -2.93435 
36.8 -2.95328 
36.85 -2.97228 
36.9 -2.99136 
36.95 -3.01053 
37 -3.02977 
37.05 -3.04909 
37.1 -3.06849 
37.15 -3.08797 
37.2 -3.10754 
37.25 -3.12717 
37.3 -3.14689 
37.35 -3.16669 
37.4 -3.18657 
37.45 -3.20653 
37.5 -3.22656 
37.55 -3.24667 
37.6 -3.26687 
37.65 -3.28714 
37.7 -3.30749 
37.75 -3.32791 
37.8 -3.34842 
37.85 -3.369 
37.9 -3.38966 
37.95 -3.4104 
38 -3.43122 
38.05 -3.45211 
38.1 -3.47308 
38.15 -3.49413 
38.2 -3.51525 
38.25 -3.53645 
38.3 -3.55773 
38.35 -3.57908 
38.4 -3.60051 
38.45 -3.62201 
38.5 -3.64359 
38.55 -3.66525 
38.6 -3.68698 
38.65 -3.70879 
38.7 -3.73067 
38.75 -3.75262 
38.8 -3.77465 
38.85 -3.79675 
38.9 -3.81893 
38.95 -3.84118 
39 -3.8635 
39.05 -3.88589 
39.1 -3.90836 
39.15 -3.9309 
39.2 -3.95351 
39.25 -3.97619 
39.3 -3.99894 
39.35 -4.02177 
39.4 -4.04466 
39.45 -4.06763 
39.5 -4.09066 
39.55 -4.11377 
39.6 -4.13694 
39.65 -4.16018 
39.7 -4.18349 
39.75 -4.20687 
39.8 -4.23031 
39.85 -4.25383 
39.9 -4.27741 
39.95 -4.30105 
40 -4.32476 
40.05 -4.34854 
40.1 -4.37238 
40.15 -4.39629 
40.2 -4.42026 
40.25 -4.44429 
40.3 -4.46839 
40.35 -4.49255 
40.4 -4.51677 
40.45 -4.54105 
40.5 -4.5654 
40.55 -4.58981 
40.6 -4.61427 
40.65 -4.6388 
40.7 -4.66338 
40.75 -4.68802 
40.8 -4.71273 
40.85 -4.73748 
40.9 -4.7623 
40.95 -4.78717 
41 -4.8121 
41.05 -4.83708 
41.1 -4.86212 
41.15 -4.88721 
41.2 -4.91235 
41.25 -4.93755 
41.3 -4.9628 
41.35 -4.9881 
41.4 -5.01345 
41.45 -5.03885 
41.5 -5.0643 
41.55 -5.0898 
41.6 -5.11535 
41.65 -5.14094 
41.7 -5.16658 
41.75 -5.19227 
41.8 -5.218 
41.85 -5.24378 
41.9 -5.2696 
41.95 -5.29546 
42 -5.32137 
42.05 -5.34731 
42.1 -5.3733 
42.15 -5.39933 
42.2 -5.42539 
42.25 -5.4515 
42.3 -5.47764 
42.35 -5.50381 
42.4 -5.53003 
42.45 -5.55628 
42.5 -5.58256 
42.55 -5.60887 
42.6 -5.63522 
42.65 -5.6616 
42.7 -5.68801 
42.75 -5.71445 
42.8 -5.74091 
42.85 -5.76741 
42.9 -5.79393 
42.95 -5.82048 
43 -5.84705 
43.05 -5.87365 
43.1 -5.90026 
43.15 -5.92691 
43.2 -5.95357 
43.25 -5.98025 
43.3 -6.00695 
43.35 -6.03367 
43.4 -6.0604 
43.45 -6.08715 
43.5 -6.11391 
43.55 -6.14069 
43.6 -6.16748 
43.65 -6.19429 
43.7 -6.2211 
43.75 -6.24792 
43.8 -6.27475 
43.85 -6.30158 
43.9 -6.32843 
43.95 -6.35527 
44 -6.38212 
44.05 -6.40897 
44.1 -6.43583 
44.15 -6.46268 
44.2 -6.48953 
44.25 -6.51638 
44.3 -6.54322 
44.35 -6.57006 
44.4 -6.5969 
44.45 -6.62372 
44.5 -6.65054 
44.55 -6.67735 
44.6 -6.70414 
44.65 -6.73092 
44.7 -6.75769 
44.75 -6.78444 
44.8 -6.81118 
44.85 -6.83789 
44.9 -6.86459 
44.95 -6.89127 
45 -6.91792 
45.05 -6.94455 
45.1 -6.97116 
45.15 -6.99774 
45.2 -7.02429 
45.25 -7.05081 
45.3 -7.0773 
45.35 -7.10375 
45.4 -7.13018 
45.45 -7.15657 
45.5 -7.18292 
45.55 -7.20923 
45.6 -7.2355 
45.65 -7.26174 
45.7 -7.28793 
45.75 -7.31407 
45.8 -7.34017 
45.85 -7.36622 
45.9 -7.39222 
45.95 -7.41817 
46 -7.44407 
46.05 -7.46991 
46.1 -7.4957 
46.15 -7.52143 
46.2 -7.5471 
46.25 -7.57271 
46.3 -7.59826 
46.35 -7.62374 
46.4 -7.64916 
46.45 -7.67451 
46.5 -7.69979 
46.55 -7.72501 
46.6 -7.75014 
46.65 -7.77521 
46.7 -7.80019 
46.75 -7.8251 
46.8 -7.84993 
46.85 -7.87468 
46.9 -7.89935 
46.95 -7.92393 
47 -7.94842 
47.05 -7.97282 
47.1 -7.99713 
47.15 -8.02136 
47.2 -8.04548 
47.25 -8.06951 
47.3 -8.09344 
47.35 -8.11727 
47.4 -8.141 
47.45 -8.16463 
47.5 -8.18815 
47.55 -8.21156 
47.6 -8.23486 
47.65 -8.25805 
47.7 -8.28113 
47.75 -8.30409 
47.8 -8.32693 
47.85 -8.34966 
47.9 -8.37226 
47.95 -8.39474 
48 -8.41709 
48.05 -8.43931 
48.1 -8.46141 
48.15 -8.48337 
48.2 -8.5052 
48.25 -8.52689 
48.3 -8.54845 
48.35 -8.56987 
48.4 -8.59114 
48.45 -8.61227 
48.5 -8.63325 
48.55 -8.65408 
48.6 -8.67476 
48.65 -8.69529 
48.7 -8.71567 
48.75 -8.73588 
48.8 -8.75594 
48.85 -8.77584 
48.9 -8.79557 
48.95 -8.81514 
49 -8.83453 
49.05 -8.85376 
49.1 -8.87282 
49.15 -8.8917 
49.2 -8.9104 
49.25 -8.92892 
49.3 -8.94726 
49.35 -8.96542 
49.4 -8.98339 
49.45 -9.00118 
49.5 -9.01877 
49.55 -9.03617 
49.6 -9.05338 
49.65 -9.07038 
49.7 -9.08719 
49.75 -9.1038 
49.8 -9.1202 
49.85 -9.13639 
49.9 -9.15237 
49.95 -9.16815 
50 -9.18371 
50.05 -9.19905 
50.1 -9.21417 
50.15 -9.22908 
50.2 -9.24376 
50.25 -9.25821 
50.3 -9.27244 
50.35 -9.28643 
50.4 -9.30019 
50.45 -9.31372 
50.5 -9.32701 
50.55 -9.34006 
50.6 -9.35287 
50.65 -9.36543 
50.7 -9.37775 
50.75 -9.38981 
50.8 -9.40163 
50.85 -9.41318 
50.9 -9.42449 
50.95 -9.43553 
51 -9.44631 
51.05 -9.45683 
51.1 -9.46708 
51.15 -9.47706 
51.2 -9.48677 
51.25 -9.4962 
51.3 -9.50536 
51.35 -9.51424 
51.4 -9.52284 
51.45 -9.53115 
51.5 -9.53918 
51.55 -9.54692 
51.6 -9.55436 
51.65 -9.56152 
51.7 -9.56838 
51.75 -9.57493 
51.8 -9.58119 
51.85 -9.58715 
51.9 -9.59279 
51.95 -9.59813 
52 -9.60316 
52.05 -9.60788 
52.1 -9.61228 
52.15 -9.61636 
52.2 -9.62012 
52.25 -9.62355 
52.3 -9.62666 
52.35 -9.62945 
52.4 -9.6319 
52.45 -9.63402 
52.5 -9.6358 
52.55 -9.63725 
52.6 -9.63835 
52.65 -9.63911 
52.7 -9.63953 
52.75 -9.6396 
52.8 -9.63931 
52.85 -9.63868 
52.9 -9.63769 
52.95 -9.63634 
53 -9.63463 
53.05 -9.63257 
53.1 -9.63013 
53.15 -9.62733 
53.2 -9.62416 
53.25 -9.62061 
53.3 -9.6167 
53.35 -9.6124 
53.4 -9.60773 
53.45 -9.60267 
53.5 -9.59723 
53.55 -9.59141 
53.6 -9.58519 
53.65 -9.57859 
53.7 -9.57159 
53.75 -9.5642 
53.8 -9.55641 
53.85 -9.54821 
53.9 -9.53962 
53.95 -9.53062 
54 -9.52121 
54.05 -9.5114 
54.1 -9.50117 
54.15 -9.49053 
54.2 -9.47947 
54.25 -9.46799 
54.3 -9.4561 
54.35 -9.44378 
54.4 -9.43103 
54.45 -9.41786 
54.5 -9.40426 
54.55 -9.39022 
54.6 -9.37575 
54.65 -9.36085 
54.7 -9.34551 
54.75 -9.32973 
54.8 -9.3135 
54.85 -9.29683 
54.9 -9.27972 
54.95 -9.26215 
55 -9.24414 
55.05 -9.22567 
55.1 -9.20675 
55.15 -9.18737 
55.2 -9.16753 
55.25 -9.14723 
55.3 -9.12647 
55.35 -9.10524 
55.4 -9.08355 
55.45 -9.06139 
55.5 -9.03876 
55.55 -9.01565 
55.6 -8.99207 
55.65 -8.96802 
55.7 -8.94348 
55.75 -8.91847 
55.8 -8.89298 
55.85 -8.867 
55.9 -8.84053 
55.95 -8.81358 
56 -8.78614 
56.05 -8.75821 
56.1 -8.72979 
56.15 -8.70088 
56.2 -8.67147 
56.25 -8.64156 
56.3 -8.61115 
56.35 -8.58024 
56.4 -8.54883 
56.45 -8.51692 
56.5 -8.4845 
56.55 -8.45158 
56.6 -8.41815 
56.65 -8.38421 
56.7 -8.34975 
56.75 -8.31479 
56.8 -8.27931 
56.85 -8.24332 
56.9 -8.20681 
56.95 -8.16978 
57 -8.13223 
57.05 -8.09417 
57.1 -8.05558 
57.15 -8.01646 
57.2 -7.97683 
57.25 -7.93667 
57.3 -7.89598 
57.35 -7.85476 
57.4 -7.81302 
57.45 -7.77075 
57.5 -7.72794 
57.55 -7.68461 
57.6 -7.64074 
57.65 -7.59634 
57.7 -7.5514 
57.75 -7.50593 
57.8 -7.45992 
57.85 -7.41337 
57.9 -7.36629 
57.95 -7.31866 
58 -7.2705 
58.05 -7.22179 
58.1 -7.17255 
58.15 -7.12276 
58.2 -7.07243 
58.25 -7.02156 
58.3 -6.97014 
58.35 -6.91818 
58.4 -6.86567 
58.45 -6.81262 
58.5 -6.75902 
58.55 -6.70488 
58.6 -6.65019 
58.65 -6.59495 
58.7 -6.53917 
58.75 -6.48283 
58.8 -6.42595 
58.85 -6.36852 
58.9 -6.31054 
58.95 -6.25202 
59 -6.19294 
59.05 -6.13332 
59.1 -6.07314 
59.15 -6.01242 
59.2 -5.95115 
59.25 -5.88933 
59.3 -5.82696 
59.35 -5.76404 
59.4 -5.70057 
59.45 -5.63656 
59.5 -5.57199 
59.55 -5.50688 
59.6 -5.44122 
59.65 -5.37501 
59.7 -5.30826 
59.75 -5.24095 
59.8 -5.1731 
59.85 -5.10471 
59.9 -5.03577 
59.95 -4.96628 
60 -4.89625 
60.05 -4.82568 
60.1 -4.75456 
60.15 -4.6829 
60.2 -4.61069 
60.25 -4.53795 
60.3 -4.46467 
60.35 -4.39084 
60.4 -4.31648 
60.45 -4.24158 
60.5 -4.16614 
60.55 -4.09017 
60.6 -4.01366 
60.65 -3.93662 
60.7 -3.85904 
60.75 -3.78094 
60.8 -3.7023 
60.85 -3.62313 
60.9 -3.54344 
60.95 -3.46322 
61 -3.38247 
61.05 -3.3012 
61.1 -3.21941 
61.15 -3.13709 
61.2 -3.05426 
61.25 -2.9709 
61.3 -2.88703 
61.35 -2.80265 
61.4 -2.71775 
61.45 -2.63234 
61.5 -2.54642 
61.55 -2.45999 
61.6 -2.37306 
61.65 -2.28562 
61.7 -2.19768 
61.75 -2.10923 
61.8 -2.02029 
61.85 -1.93085 
61.9 -1.84092 
61.95 -1.75049 
62 -1.65957 
62.05 -1.56817 
62.1 -1.47628 
62.15 -1.3839 
62.2 -1.29104 
62.25 -1.1977 
62.3 -1.10389 
62.35 -1.0096 
62.4 -0.914839 
62.45 -0.819609 
62.5 -0.72391 
62.55 -0.627748 
62.6 -0.531123 
62.65 -0.434039 
62.7 -0.336498 
62.75 -0.238504 
62.8 -0.140058 
62.85 -0.0411639 
62.9 0.0581756 
62.95 0.157958 
63 0.25818 
63.05 0.358838 
63.1 0.45993 
63.15 0.561453 
63.2 0.663403 
63.25 0.765778 
63.3 0.868574 
63.35 0.971788 
63.4 1.07542 
63.45 1.17946 
63.5 1.2839 
63.55 1.38876 
63.6 1.49401 
63.65 1.59966 
63.7 1.70571 
63.75 1.81215 
63.8 1.91897 
63.85 2.02618 
63.9 2.13377 
63.95 2.24174 
64 2.35007 
64.05 2.45878 
64.1 2.56785 
64.15 2.67728 
64.2 2.78708 
64.25 2.89722 
64.3 3.00771 
64.35 3.11855 
64.4 3.22973 
64.45 3.34125 
64.5 3.4531 
64.55 3.56528 
64.6 3.67779 
64.65 3.79062 
64.7 3.90376 
64.75 4.01722 
64.8 4.13098 
64.85 4.24505 
64.9 4.35942 
64.95 4.47408 
65 4.58904 
65.05 4.70428 
65.1 4.8198 
65.15 4.9356 
65.2 5.05167 
65.25 5.16801 
65.3 5.28461 
65.35 5.40147 
65.4 5.51859 
65.45 5.63595 
65.5 5.75356 
65.55 5.87141 
65.6 5.98949 
65.65 6.1078 
65.7 6.22634 
65.75 6.3451 
65.8 6.46407 
65.85 6.58326 
65.9 6.70264 
65.95 6.82223 
66 6.94202 
66.05 7.06199 
66.1 7.18215 
66.15 7.30249 
66.2 7.423 
66.25 7.54368 
66.3 7.66453 
66.35 7.78553 
66.4 7.90669 
66.45 8.028 
66.5 8.14945 
66.55 8.27104 
66.6 8.39276 
66.65 8.5146 
66.7 8.63657 
66.75 8.75865 
66.8 8.88085 
66.85 9.00315 
66.9 9.12555 
66.95 9.24804 
67 9.37062 
67.05 9.49328 
67.1 9.61602 
67.15 9.73884 
67.2 9.86171 
67.25 9.98465 
67.3 10.1076 
67.35 10.2307 
67.4 10.3538 
67.45 10.4769 
67.5 10.6 
67.55 10.7232 
67.6 10.8464 
67.65 10.9696 
67.7 11.0929 
67.75 11.2161 
67.8 11.3393 
67.85 11.4625 
67.9 11.5857 
67.95 11.7089 
68 11.832 
68.05 11.9552 
68.1 12.0782 
68.15 12.2013 
68.2 12.3243 
68.25 12.4472 
68.3 12.5701 
68.35 12.6929 
68.4 12.8156 
68.45 12.9382 
68.5 13.0608 
68.55 13.1832 
68.6 13.3056 
68.65 13.4279 
68.7 13.55 
68.75 13.6721 
68.8 13.794 
68.85 13.9157 
68.9 14.0374 
68.95 14.1589 
69 14.2803 
69.05 14.4015 
69.1 14.5225 
69.15 14.6434 
69.2 14.7641 
69.25 14.8847 
69.3 15.005 
69.35 15.1252 
69.4 15.2452 
69.45 15.3649 
69.5 15.4845 
69.55 15.6039 
69.6 15.723 
69.65 15.8419 
69.7 15.9606 
69.75 16.079 
69.8 16.1972 
69.85 16.3151 
69.9 16.4328 
69.95 16.5503 
70 16.6674 
70.05 16.7843 
70.1 16.9009 
70.15 17.0173 
70.2 17.1333 
70.25 17.249 
70.3 17.3644 
70.35 17.4796 
70.4 17.5944 
70.45 17.7089 
70.5 17.823 
70.55 17.9369 
70.6 18.0503 
70.65 18.1635 
70.7 18.2763 
70.75 18.3887 
70.8 18.5008 
70.85 18.6125 
70.9 18.7238 
70.95 18.8348 
71 18.9454 
71.05 19.0556 
71.1 19.1653 
71.15 19.2747 
71.2 19.3837 
71.25 19.4923 
71.3 19.6004 
71.35 19.7081 
71.4 19.8154 
71.45 19.9223 
71.5 20.0287 
71.55 20.1346 
71.6 20.2401 
71.65 20.3452 
71.7 20.4498 
71.75 20.5539 
71.8 20.6575 
71.85 20.7607 
71.9 20.8634 
71.95 20.9656 
72 21.0673 
72.05 21.1685 
72.1 21.2692 
72.15 21.3694 
72.2 21.469 
72.25 21.5682 
72.3 21.6668 
72.35 21.7649 
72.4 21.8624 
72.45 21.9594 
72.5 22.0559 
72.55 22.1518 
72.6 22.2471 
72.65 22.3419 
72.7 22.4362 
72.75 22.5298 
72.8 22.6229 
72.85 22.7154 
72.9 22.8073 
72.95 22.8986 
73 22.9894 
73.05 23.0795 
73.1 23.169 
73.15 23.2579 
73.2 23.3462 
73.25 23.4339 
73.3 23.521 
73.35 23.6074 
73.4 23.6933 
73.45 23.7784 
73.5 23.863 
73.55 23.9469 
73.6 24.0301 
73.65 24.1127 
73.7 24.1947 
73.75 24.2759 
73.8 24.3566 
73.85 24.4365 
73.9 24.5158 
73.95 24.5944 
74 24.6723 
74.05 24.7496 
74.1 24.8261 
74.15 24.902 
74.2 24.9772 
74.25 25.0517 
74.3 25.1255 
74.35 25.1985 
74.4 25.2709 
74.45 25.3425 
74.5 25.4135 
74.55 25.4837 
74.6 25.5532 
74.65 25.622 
74.7 25.6901 
74.75 25.7574 
74.8 25.824 
74.85 25.8898 
74.9 25.9549 
74.95 26.0193 
75 26.0829 
75.05 26.1458 
75.1 26.2079 
75.15 26.2693 
75.2 26.3299 
75.25 26.3898 
75.3 26.4489 
75.35 26.5072 
75.4 26.5648 
75.45 26.6216 
75.5 26.6776 
75.55 26.7328 
75.6 26.7873 
75.65 26.841 
75.7 26.8939 
75.75 26.9461 
75.8 26.9974 
75.85 27.048 
75.9 27.0978 
75.95 27.1468 
76 27.195 
76.05 27.2424 
76.1 27.289 
76.15 27.3348 
76.2 27.3798 
76.25 27.424 
76.3 27.4675 
76.35 27.5101 
76.4 27.5519 
76.45 27.5929 
76.5 27.6331 
76.55 27.6725 
76.6 27.711 
76.65 27.7488 
76.7 27.7858 
76.75 27.8219 
76.8 27.8573 
76.85 27.8918 
76.9 27.9255 
76.95 27.9584 
77 27.9904 
77.05 28.0217 
77.1 28.0521 
77.15 28.0817 
77.2 28.1105 
77.25 28.1385 
77.3 28.1657 
77.35 28.192 
77.4 28.2176 
77.45 28.2423 
77.5 28.2661 
77.55 28.2892 
77.6 28.3114 
77.65 28.3329 
77.7 28.3535 
77.75 28.3732 
77.8 28.3922 
77.85 28.4103 
77.9 28.4277 
77.95 28.4442 
78 28.4598 
78.05 28.4747 
78.1 28.4887 
78.15 28.502 
78.2 28.5144 
78.25 28.526 
78.3 28.5367 
78.35 28.5467 
78.4 28.5558 
78.45 28.5642 
78.5 28.5717 
78.55 28.5784 
78.6 28.5843 
78.65 28.5894 
78.7 28.5937 
78.75 28.5972 
78.8 28.5998 
78.85 28.6017 
78.9 28.6028 
78.95 28.603 
79 28.6025 
79.05 28.6012 
79.1 28.599 
79.15 28.5961 
79.2 28.5924 
79.25 28.5878 
79.3 28.5825 
79.35 28.5764 
79.4 28.5696 
79.45 28.5619 
79.5 28.5534 
79.55 28.5442 
79.6 28.5342 
79.65 28.5234 
79.7 28.5119 
79.75 28.4995 
79.8 28.4864 
79.85 28.4726 
79.9 28.4579 
79.95 28.4425 
80 28.4264 
80.05 28.4094 
80.1 28.3918 
80.15 28.3733 
80.2 28.3541 
80.25 28.3342 
80.3 28.3135 
80.35 28.2921 
80.4 28.27 
80.45 28.2471 
80.5 28.2235 
80.55 28.1991 
80.6 28.174 
80.65 28.1482 
80.7 28.1217 
80.75 28.0944 
80.8 28.0664 
80.85 28.0378 
80.9 28.0084 
80.95 27.9783 
81 27.9475 
81.05 27.916 
81.1 27.8838 
81.15 27.8509 
81.2 27.8173 
81.25 27.783 
81.3 27.7481 
81.35 27.7124 
81.4 27.6761 
81.45 27.6391 
81.5 27.6015 
81.55 27.5632 
81.6 27.5242 
81.65 27.4846 
81.7 27.4443 
81.75 27.4034 
81.8 27.3618 
81.85 27.3195 
81.9 27.2767 
81.95 27.2332 
82 27.1891 
82.05 27.1443 
82.1 27.0989 
82.15 27.0529 
82.2 27.0063 
82.25 26.9591 
82.3 26.9113 
82.35 26.8629 
82.4 26.8138 
82.45 26.7642 
82.5 26.714 
82.55 26.6632 
82.6 26.6119 
82.65 26.5599 
82.7 26.5074 
82.75 26.4543 
82.8 26.4007 
82.85 26.3464 
82.9 26.2917 
82.95 26.2364 
83 26.1805 
83.05 26.1241 
83.1 26.0672 
83.15 26.0097 
83.2 25.9517 
83.25 25.8932 
83.3 25.8342 
83.35 25.7746 
83.4 25.7146 
83.45 25.654 
83.5 25.593 
83.55 25.5314 
83.6 25.4694 
83.65 25.4068 
83.7 25.3438 
83.75 25.2803 
83.8 25.2164 
83.85 25.152 
83.9 25.0871 
83.95 25.0218 
84 24.956 
84.05 24.8897 
84.1 24.823 
84.15 24.7559 
84.2 24.6884 
84.25 24.6204 
84.3 24.552 
84.35 24.4832 
84.4 24.414 
84.45 24.3443 
84.5 24.2743 
84.55 24.2039 
84.6 24.1331 
84.65 24.0618 
84.7 23.9902 
84.75 23.9183 
84.8 23.8459 
84.85 23.7732 
84.9 23.7001 
84.95 23.6267 
85 23.5529 
85.05 23.4788 
85.1 23.4043 
85.15 23.3295 
85.2 23.2543 
85.25 23.1788 
85.3 23.103 
85.35 23.0269 
85.4 22.9505 
85.45 22.8737 
85.5 22.7967 
85.55 22.7194 
85.6 22.6417 
85.65 22.5638 
85.7 22.4856 
85.75 22.4071 
85.8 22.3284 
85.85 22.2493 
85.9 22.17 
85.95 22.0905 
86 22.0107 
86.05 21.9306 
86.1 21.8503 
86.15 21.7698 
86.2 21.6891 
86.25 21.6081 
86.3 21.5268 
86.35 21.4454 
86.4 21.3638 
86.45 21.2819 
86.5 21.1998 
86.55 21.1176 
86.6 21.0351 
86.65 20.9525 
86.7 20.8697 
86.75 20.7866 
86.8 20.7035 
86.85 20.6201 
86.9 20.5366 
86.95 20.4529 
87 20.3691 
87.05 20.2851 
87.1 20.201 
87.15 20.1167 
87.2 20.0323 
87.25 19.9477 
87.3 19.8631 
87.35 19.7783 
87.4 19.6934 
87.45 19.6083 
87.5 19.5232 
87.55 19.438 
87.6 19.3526 
87.65 19.2672 
87.7 19.1817 
87.75 19.0961 
87.8 19.0104 
87.85 18.9246 
87.9 18.8388 
87.95 18.7529 
88 18.6669 
88.05 18.5809 
88.1 18.4948 
88.15 18.4086 
88.2 18.3225 
88.25 18.2362 
88.3 18.15 
88.35 18.0637 
88.4 17.9774 
88.45 17.891 
88.5 17.8047 
88.55 17.7183 
88.6 17.6319 
88.65 17.5455 
88.7 17.4591 
88.75 17.3727 
88.8 17.2863 
88.85 17.1999 
88.9 17.1135 
88.95 17.0272 
89 16.9408 
89.05 16.8545 
89.1 16.7682 
89.15 16.682 
89.2 16.5957 
89.25 16.5096 
89.3 16.4234 
89.35 16.3374 
89.4 16.2513 
89.45 16.1654 
89.5 16.0794 
89.55 15.9936 
89.6 15.9078 
89.65 15.8221 
89.7 15.7365 
89.75 15.6509 
89.8 15.5654 
89.85 15.48 
89.9 15.3947 
89.95 15.3095 
90 15.2244 
90.05 15.1394 
90.1 15.0544 
90.15 14.9696 
90.2 14.8849 
90.25 14.8003 
90.3 14.7159 
90.35 14.6315 
90.4 14.5473 
90.45 14.4632 
90.5 14.3792 
90.55 14.2954 
90.6 14.2117 
90.65 14.1281 
90.7 14.0447 
90.75 13.9614 
90.8 13.8782 
90.85 13.7953 
90.9 13.7124 
90.95 13.6297 
91 13.5472 
91.05 13.4649 
91.1 13.3827 
91.15 13.3007 
91.2 13.2188 
91.25 13.1371 
91.3 13.0556 
91.35 12.9743 
91.4 12.8932 
91.45 12.8122 
91.5 12.7315 
91.55 12.6509 
91.6 12.5705 
91.65 12.4903 
91.7 12.4103 
91.75 12.3305 
91.8 12.2509 
91.85 12.1715 
91.9 12.0923 
91.95 12.0134 
92 11.9346 
92.05 11.856 
92.1 11.7777 
92.15 11.6996 
92.2 11.6217 
92.25 11.544 
92.3 11.4666 
92.35 11.3893 
92.4 11.3124 
92.45 11.2356 
92.5 11.1591 
92.55 11.0828 
92.6 11.0067 
92.65 10.9309 
92.7 10.8553 
92.75 10.78 
92.8 10.7049 
92.85 10.63 
92.9 10.5554 
92.95 10.4811 
93 10.407 
93.05 10.3331 
93.1 10.2595 
93.15 10.1862 
93.2 10.1131 
93.25 10.0403 
93.3 9.96775 
93.35 9.89546 
93.4 9.82343 
93.45 9.75166 
93.5 9.68016 
93.55 9.60893 
93.6 9.53797 
93.65 9.46728 
93.7 9.39686 
93.75 9.32672 
93.8 9.25685 
93.85 9.18726 
93.9 9.11794 
93.95 9.0489 
94 8.98014 
94.05 8.91167 
94.1 8.84347 
94.15 8.77556 
94.2 8.70793 
94.25 8.64058 
94.3 8.57353 
94.35 8.50676 
94.4 8.44027 
94.45 8.37408 
94.5 8.30817 
94.55 8.24256 
94.6 8.17723 
94.65 8.1122 
94.7 8.04746 
94.75 7.98302 
94.8 7.91887 
94.85 7.85501 
94.9 7.79145 
94.95 7.72819 
95 7.66522 
95.05 7.60255 
95.1 7.54018 
95.15 7.47811 
95.2 7.41633 
95.25 7.35486 
95.3 7.29368 
95.35 7.23281 
95.4 7.17224 
95.45 7.11197 
95.5 7.052 
95.55 6.99234 
95.6 6.93297 
95.65 6.87391 
95.7 6.81516 
95.75 6.7567 
95.8 6.69855 
95.85 6.64071 
95.9 6.58317 
95.95 6.52593 
96 6.469 
96.05 6.41237 
96.1 6.35605 
96.15 6.30003 
96.2 6.24432 
96.25 6.18891 
96.3 6.13381 
96.35 6.07901 
96.4 6.02452 
96.45 5.97033 
96.5 5.91645 
96.55 5.86287 
96.6 5.8096 
96.65 5.75664 
96.7 5.70397 
96.75 5.65162 
96.8 5.59956 
96.85 5.54782 
96.9 5.49637 
96.95 5.44523 
97 5.39439 
97.05 5.34386 
97.1 5.29363 
97.15 5.2437 
97.2 5.19408 
97.25 5.14476 
97.3 5.09574 
97.35 5.04702 
97.4 4.9986 
97.45 4.95048 
97.5 4.90267 
97.55 4.85515 
97.6 4.80794 
97.65 4.76102 
97.7 4.7144 
97.75 4.66808 
97.8 4.62206 
97.85 4.57633 
97.9 4.53091 
97.95 4.48578 
98 4.44094 
98.05 4.3964 
98.1 4.35215 
98.15 4.3082 
98.2 4.26454 
98.25 4.22117 
98.3 4.1781 
98.35 4.13532 
98.4 4.09283 
98.45 4.05063 
98.5 4.00871 
98.55 3.96709 
98.6 3.92576 
98.65 3.88471 
98.7 3.84395 
98.75 3.80347 
98.8 3.76328 
98.85 3.72338 
98.9 3.68376 
98.95 3.64442 
99 3.60536 
99.05 3.56659 
99.1 3.52809 
99.15 3.48988 
99.2 3.45194 
99.25 3.41428 
99.3 3.3769 
99.35 3.3398 
99.4 3.30297 
99.45 3.26641 
99.5 3.23013 
99.55 3.19413 
99.6 3.15839 
99.65 3.12292 
99.7 3.08773 
99.75 3.0528 
99.8 3.01814 
99.85 2.98375 
99.9 2.94963 
99.95 2.91577 
100 2.88218 
100.05 2.84884 
100.1 2.81578 
100.15 2.78297 
100.2 2.75042 
100.25 2.71813 
100.3 2.6861 
100.35 2.65433 
100.4 2.62282 
100.45 2.59156 
100.5 2.56055 
100.55 2.5298 
100.6 2.4993 
100.65 2.46905 
100.7 2.43905 
100.75 2.4093 
100.8 2.3798 
100.85 2.35055 
100.9 2.32154 
100.95 2.29278 
101 2.26426 
101.05 2.23598 
101.1 2.20794 
101.15 2.18015 
101.2 2.1526 
101.25 2.12528 
101.3 2.0982 
101.35 2.07136 
101.4 2.04475 
101.45 2.01837 
101.5 1.99223 
101.55 1.96632 
101.6 1.94065 
101.65 1.9152 
101.7 1.88998 
101.75 1.86498 
101.8 1.84022 
101.85 1.81568 
101.9 1.79136 
101.95 1.76726 
102 1.74339 
102.05 1.71974 
102.1 1.69631 
102.15 1.67309 
102.2 1.65009 
102.25 1.62731 
102.3 1.60475 
102.35 1.5824 
102.4 1.56026 
102.45 1.53833 
102.5 1.51661 
102.55 1.49511 
102.6 1.47381 
102.65 1.45271 
102.7 1.43183 
102.75 1.41115 
102.8 1.39067 
102.85 1.3704 
102.9 1.35032 
102.95 1.33045 
103 1.31078 
103.05 1.2913 
103.1 1.27203 
103.15 1.25294 
103.2 1.23406 
103.25 1.21536 
103.3 1.19686 
103.35 1.17856 
103.4 1.16044 
103.45 1.14251 
103.5 1.12477 
103.55 1.10722 
103.6 1.08985 
103.65 1.07267 
103.7 1.05567 
103.75 1.03886 
103.8 1.02222 
103.85 1.00577 
103.9 0.9895 
103.95 0.973406 
104 0.95749 
104.05 0.941751 
104.1 0.926187 
104.15 0.910798 
104.2 0.895582 
104.25 0.880538 
104.3 0.865666 
104.35 0.850964 
104.4 0.836432 
104.45 0.822068 
104.5 0.807871 
104.55 0.79384 
104.6 0.779975 
104.65 0.766274 
104.7 0.752736 
104.75 0.739361 
104.8 0.726147 
104.85 0.713093 
104.9 0.700199 
104.95 0.687463 
105 0.674885 
105.05 0.662464 
105.1 0.650198 
105.15 0.638087 
105.2 0.626129 
105.25 0.614325 
105.3 0.602672 
105.35 0.591171 
105.4 0.579819 
105.45 0.568617 
105.5 0.557564 
105.55 0.546657 
105.6 0.535898 
105.65 0.525284 
105.7 0.514816 
105.75 0.504491 
105.8 0.49431 
105.85 0.484271 
105.9 0.474374 
105.95 0.464618 
106 0.455002 
106.05 0.445525 
106.1 0.436187 
106.15 0.426987 
106.2 0.417923 
106.25 0.408996 
106.3 0.400204 
106.35 0.391547 
106.4 0.383024 
106.45 0.374634 
106.5 0.366377 
106.55 0.358252 
106.6 0.350258 
106.65 0.342395 
106.7 0.334661 
106.75 0.327057 
106.8 0.319582 
106.85 0.312234 
106.9 0.305013 
106.95 0.29792 
107 0.290952 
107.05 0.28411 
107.1 0.277392 
107.15 0.270799 
107.2 0.26433 
107.25 0.257983 
107.3 0.251759 
107.35 0.245657 
107.4 0.239676 
107.45 0.233816 
107.5 0.228076 
107.55 0.222455 
107.6 0.216953 
107.65 0.21157 
107.7 0.206305 
107.75 0.201156 
107.8 0.196124 
107.85 0.191209 
107.9 0.186408 
107.95 0.181722 
108 0.17715 
108.05 0.172692 
108.1 0.168345 
108.15 0.164111 
108.2 0.159988 
108.25 0.155976 
108.3 0.152072 
108.35 0.148278 
108.4 0.144591 
108.45 0.141011 
108.5 0.137537 
108.55 0.134168 
108.6 0.130902 
108.65 0.127739 
108.7 0.124678 
108.75 0.121717 
108.8 0.118855 
108.85 0.11609 
108.9 0.113422 
108.95 0.110848 
109 0.108368 
109.05 0.105979 
109.1 0.10368 
109.15 0.101469 
109.2 0.099345 
109.25 0.0973055 
109.3 0.0953488 
109.35 0.093473 
109.4 0.0916762 
109.45 0.0899562 
109.5 0.0883112 
109.55 0.086739 
109.6 0.0852375 
109.65 0.0838047 
109.7 0.0824384 
109.75 0.0811365 
109.8 0.0798968 
109.85 0.0787174 
109.9 0.0775959 
109.95 0.0765304 
110 0.0755188 
110.05 0.0745591 
110.1 0.0736492 
110.15 0.0727871 
110.2 0.071971 
110.25 0.0711989 
110.3 0.070469 
110.35 0.0697795 
110.4 0.0691286 
110.45 0.0685147 
110.5 0.0679361 
110.55 0.0673913 
110.6 0.0668786 
110.65 0.0663968 
110.7 0.0659442 
110.75 0.0655196 
110.8 0.0651216 
110.85 0.064749 
110.9 0.0644007 
110.95 0.0640754 
111 0.0637721 
111.05 0.0634896 
111.1 0.0632271 
111.15 0.0629835 
111.2 0.062758 
111.25 0.0625496 
111.3 0.0623575 
111.35 0.062181 
111.4 0.0620193 
111.45 0.0618717 
111.5 0.0617375 
111.55 0.061616 
111.6 0.0615066 
111.65 0.0614087 
111.7 0.0613218 
111.75 0.0612453 
111.8 0.0611787 
111.85 0.0611216 
111.9 0.0610734 
111.95 0.0610337 
112 0.0610021 
112.05 0.0609781 
112.1 0.0609615 
112.15 0.0609518 
112.2 0.0609486 
112.25 0.0609516 
112.3 0.0609606 
112.35 0.0609751 
112.4 0.0609948 
112.45 0.0610196 
112.5 0.061049 
112.55 0.0610829 
112.6 0.061121 
112.65 0.061163 
112.7 0.0612086 
112.75 0.0612577 
112.8 0.0613101 
112.85 0.0613654 
112.9 0.0614235 
112.95 0.0614842 
113 0.0615472 
113.05 0.0616124 
113.1 0.0616796 
113.15 0.0617485 
113.2 0.0618191 
113.25 0.0618911 
113.3 0.0619643 
113.35 0.0620386 
113.4 0.0621138 
113.45 0.0621897 
113.5 0.0622661 
113.55 0.0623429 
113.6 0.0624199 
113.65 0.062497 
113.7 0.0625739 
113.75 0.0626506 
113.8 0.0627268 
113.85 0.0628024 
113.9 0.0628772 
113.95 0.0629511 
114 0.0630239 
114.05 0.0630955 
114.1 0.0631656 
114.15 0.0632341 
114.2 0.0633009 
114.25 0.0633658 
114.3 0.0634285 
114.35 0.063489 
114.4 0.0635471 
114.45 0.0636026 
114.5 0.0636553 
114.55 0.063705 
