0 0.266367 
0.05 0.264938 
0.1 0.26351 
0.15 0.262081 
0.2 0.260653 
0.25 0.259222 
0.3 0.257793 
0.35 0.256361 
0.4 0.254932 
0.45 0.253502 
0.5 0.252071 
0.55 0.250643 
0.6 0.249212 
0.65 0.247781 
0.7 0.246349 
0.75 0.244919 
0.8 0.243485 
0.85 0.242055 
0.9 0.240618 
0.95 0.239183 
1 0.237747 
1.05 0.23631 
1.1 0.234871 
1.15 0.233431 
1.2 0.231988 
1.25 0.230544 
1.3 0.229102 
1.35 0.227646 
1.4 0.226197 
1.45 0.224741 
1.5 0.223288 
1.55 0.221828 
1.6 0.220365 
1.65 0.218896 
1.7 0.217424 
1.75 0.215951 
1.8 0.21447 
1.85 0.212987 
1.9 0.211497 
1.95 0.210001 
2 0.2085 
2.05 0.206996 
2.1 0.205482 
2.15 0.20396 
2.2 0.202433 
2.25 0.200894 
2.3 0.199354 
2.35 0.197802 
2.4 0.196239 
2.45 0.194669 
2.5 0.193089 
2.55 0.1915 
2.6 0.189901 
2.65 0.188289 
2.7 0.186667 
2.75 0.18503 
2.8 0.183381 
2.85 0.181722 
2.9 0.180048 
2.95 0.178361 
3 0.176655 
3.05 0.174937 
3.1 0.173202 
3.15 0.171453 
3.2 0.169686 
3.25 0.167899 
3.3 0.166095 
3.35 0.164276 
3.4 0.162435 
3.45 0.160573 
3.5 0.158694 
3.55 0.156795 
3.6 0.15487 
3.65 0.152926 
3.7 0.150957 
3.75 0.148966 
3.8 0.14695 
3.85 0.144912 
3.9 0.142847 
3.95 0.140752 
4 0.138635 
4.05 0.136491 
4.1 0.134318 
4.15 0.132116 
4.2 0.129886 
4.25 0.127623 
4.3 0.125332 
4.35 0.123007 
4.4 0.120655 
4.45 0.118265 
4.5 0.115845 
4.55 0.113388 
4.6 0.110897 
4.65 0.108371 
4.7 0.10581 
4.75 0.103211 
4.8 0.100575 
4.85 0.0979 
4.9 0.095186 
4.95 0.0924302 
5 0.089638 
5.05 0.0868 
5.1 0.0839231 
5.15 0.0810031 
5.2 0.0780373 
5.25 0.0750279 
5.3 0.0719722 
5.35 0.068873 
5.4 0.0657256 
5.45 0.0625307 
5.5 0.0592889 
5.55 0.0559977 
5.6 0.0526561 
5.65 0.0492625 
5.7 0.0458191 
5.75 0.0423252 
5.8 0.038777 
5.85 0.0351724 
5.9 0.0315169 
5.95 0.0278041 
6 0.0240336 
6.05 0.0202097 
6.1 0.0163247 
6.15 0.0123827 
6.2 0.00837917 
6.25 0.00431613 
6.3 0.000193615 
6.35 -0.00399208 
6.4 -0.00824333 
6.45 -0.012555 
6.5 -0.0169329 
6.55 -0.0213759 
6.6 -0.0258863 
6.65 -0.0304638 
6.7 -0.0351097 
6.75 -0.0398222 
6.8 -0.0446085 
6.85 -0.0494653 
6.9 -0.0543927 
6.95 -0.0593929 
7 -0.0644682 
7.05 -0.0696165 
7.1 -0.0748415 
7.15 -0.0801415 
7.2 -0.08552 
7.25 -0.0909779 
7.3 -0.0965131 
7.35 -0.102129 
7.4 -0.107827 
7.45 -0.113607 
7.5 -0.119469 
7.55 -0.125417 
7.6 -0.131449 
7.65 -0.137567 
7.7 -0.143773 
7.75 -0.150066 
7.8 -0.156448 
7.85 -0.162921 
7.9 -0.169484 
7.95 -0.176141 
8 -0.182891 
8.05 -0.189735 
8.1 -0.196672 
8.15 -0.203708 
8.2 -0.210838 
8.25 -0.218069 
8.3 -0.225399 
8.35 -0.232829 
8.4 -0.240362 
8.45 -0.247994 
8.5 -0.255734 
8.55 -0.263576 
8.6 -0.271525 
8.65 -0.279581 
8.7 -0.287745 
8.75 -0.296017 
8.8 -0.304401 
8.85 -0.312896 
8.9 -0.321503 
8.95 -0.330225 
9 -0.33906 
9.05 -0.34801 
9.1 -0.357079 
9.15 -0.366266 
9.2 -0.375573 
9.25 -0.384998 
9.3 -0.394547 
9.35 -0.404219 
9.4 -0.414014 
9.45 -0.423933 
9.5 -0.433982 
9.55 -0.444157 
9.6 -0.45446 
9.65 -0.464894 
9.7 -0.475459 
9.75 -0.486154 
9.8 -0.496984 
9.85 -0.507951 
9.9 -0.519052 
9.95 -0.530292 
10 -0.541669 
10.05 -0.553188 
10.1 -0.564845 
10.15 -0.576647 
10.2 -0.58859 
10.25 -0.600681 
10.3 -0.612917 
10.35 -0.6253 
10.4 -0.637832 
10.45 -0.650515 
10.5 -0.663348 
10.55 -0.676333 
10.6 -0.689472 
10.65 -0.702769 
10.7 -0.71622 
10.75 -0.72983 
10.8 -0.743598 
10.85 -0.757527 
10.9 -0.771618 
10.95 -0.785872 
11 -0.80029 
11.05 -0.814874 
11.1 -0.829626 
11.15 -0.844546 
11.2 -0.859636 
11.25 -0.874899 
11.3 -0.890333 
11.35 -0.905941 
11.4 -0.921724 
11.45 -0.937684 
11.5 -0.953824 
11.55 -0.970142 
11.6 -0.98664 
11.65 -1.00332 
11.7 -1.02019 
11.75 -1.03724 
11.8 -1.05447 
11.85 -1.0719 
11.9 -1.08951 
11.95 -1.10732 
12 -1.12531 
12.05 -1.1435 
12.1 -1.16189 
12.15 -1.18047 
12.2 -1.19925 
12.25 -1.21823 
12.3 -1.23742 
12.35 -1.2568 
12.4 -1.27638 
12.45 -1.29618 
12.5 -1.31618 
12.55 -1.33638 
12.6 -1.3568 
12.65 -1.37743 
12.7 -1.39827 
12.75 -1.41932 
12.8 -1.44059 
12.85 -1.46208 
12.9 -1.48378 
12.95 -1.5057 
13 -1.52785 
13.05 -1.55022 
13.1 -1.57281 
13.15 -1.59563 
13.2 -1.61867 
13.25 -1.64195 
13.3 -1.66545 
13.35 -1.68919 
13.4 -1.71316 
13.45 -1.73736 
13.5 -1.76181 
13.55 -1.78648 
13.6 -1.8114 
13.65 -1.83656 
13.7 -1.86196 
13.75 -1.88761 
13.8 -1.9135 
13.85 -1.93963 
13.9 -1.96602 
13.95 -1.99265 
14 -2.01954 
14.05 -2.04668 
14.1 -2.07407 
14.15 -2.10172 
14.2 -2.12963 
14.25 -2.15779 
14.3 -2.18621 
14.35 -2.2149 
14.4 -2.24385 
14.45 -2.27307 
14.5 -2.30255 
14.55 -2.3323 
14.6 -2.36232 
14.65 -2.39261 
14.7 -2.42317 
14.75 -2.454 
14.8 -2.48511 
14.85 -2.5165 
14.9 -2.54817 
14.95 -2.58011 
15 -2.61234 
15.05 -2.64485 
15.1 -2.67765 
15.15 -2.71073 
15.2 -2.74409 
15.25 -2.77775 
15.3 -2.8117 
15.35 -2.84594 
15.4 -2.88047 
15.45 -2.91529 
15.5 -2.95042 
15.55 -2.98584 
15.6 -3.02156 
15.65 -3.05758 
15.7 -3.0939 
15.75 -3.13052 
15.8 -3.16745 
15.85 -3.20469 
15.9 -3.24223 
15.95 -3.28009 
16 -3.31825 
16.05 -3.35673 
16.1 -3.39552 
16.15 -3.43463 
16.2 -3.47405 
16.25 -3.51378 
16.3 -3.55384 
16.35 -3.59422 
16.4 -3.63493 
16.45 -3.67595 
16.5 -3.7173 
16.55 -3.75897 
16.6 -3.80097 
16.65 -3.84331 
16.7 -3.88597 
16.75 -3.92897 
16.8 -3.9723 
16.85 -4.01596 
16.9 -4.05995 
16.95 -4.10429 
17 -4.14896 
17.05 -4.19398 
17.1 -4.23933 
17.15 -4.28502 
17.2 -4.33107 
17.25 -4.37745 
17.3 -4.42418 
17.35 -4.47126 
17.4 -4.51869 
17.45 -4.56646 
17.5 -4.61459 
17.55 -4.66307 
17.6 -4.71191 
17.65 -4.7611 
17.7 -4.81064 
17.75 -4.86055 
17.8 -4.91081 
17.85 -4.96143 
17.9 -5.01242 
17.95 -5.06376 
18 -5.11547 
18.05 -5.16754 
18.1 -5.21998 
18.15 -5.27279 
18.2 -5.32596 
18.25 -5.3795 
18.3 -5.43341 
18.35 -5.48769 
18.4 -5.54236 
18.45 -5.59738 
18.5 -5.65279 
18.55 -5.70856 
18.6 -5.76472 
18.65 -5.82125 
18.7 -5.87817 
18.75 -5.93545 
18.8 -5.99312 
18.85 -6.05118 
18.9 -6.10961 
18.95 -6.16843 
19 -6.22763 
19.05 -6.28723 
19.1 -6.3472 
19.15 -6.40756 
19.2 -6.46831 
19.25 -6.52945 
19.3 -6.59097 
19.35 -6.65289 
19.4 -6.7152 
19.45 -6.77789 
19.5 -6.84099 
19.55 -6.90448 
19.6 -6.96836 
19.65 -7.03264 
19.7 -7.09731 
19.75 -7.16238 
19.8 -7.22784 
19.85 -7.29371 
19.9 -7.35998 
19.95 -7.42664 
20 -7.4937 
20.05 -7.56116 
20.1 -7.62903 
20.15 -7.69729 
20.2 -7.76596 
20.25 -7.83504 
20.3 -7.90451 
20.35 -7.97439 
20.4 -8.04467 
20.45 -8.11535 
20.5 -8.18645 
20.55 -8.25795 
20.6 -8.32986 
20.65 -8.40217 
20.7 -8.47488 
20.75 -8.54802 
20.8 -8.62155 
20.85 -8.69549 
20.9 -8.76984 
20.95 -8.8446 
21 -8.91977 
21.05 -8.99534 
21.1 -9.07133 
21.15 -9.14773 
21.2 -9.22454 
21.25 -9.30176 
21.3 -9.37939 
21.35 -9.45742 
21.4 -9.53586 
21.45 -9.61473 
21.5 -9.69399 
21.55 -9.77368 
21.6 -9.85377 
21.65 -9.93427 
21.7 -10.0152 
21.75 -10.0965 
21.8 -10.1782 
21.85 -10.2604 
21.9 -10.3429 
21.95 -10.4259 
22 -10.5093 
22.05 -10.5931 
22.1 -10.6773 
22.15 -10.7619 
22.2 -10.8469 
22.25 -10.9323 
22.3 -11.0181 
22.35 -11.1044 
22.4 -11.191 
22.45 -11.2781 
22.5 -11.3656 
22.55 -11.4534 
22.6 -11.5417 
22.65 -11.6304 
22.7 -11.7195 
22.75 -11.809 
22.8 -11.8989 
22.85 -11.9892 
22.9 -12.0799 
22.95 -12.171 
23 -12.2625 
23.05 -12.3545 
23.1 -12.4468 
23.15 -12.5395 
23.2 -12.6326 
23.25 -12.7261 
23.3 -12.82 
23.35 -12.9144 
23.4 -13.0091 
23.45 -13.1042 
23.5 -13.1997 
23.55 -13.2956 
23.6 -13.3919 
23.65 -13.4885 
23.7 -13.5856 
23.75 -13.6831 
23.8 -13.7809 
23.85 -13.8792 
23.9 -13.9778 
23.95 -14.0768 
24 -14.1762 
24.05 -14.276 
24.1 -14.3761 
24.15 -14.4767 
24.2 -14.5776 
24.25 -14.6789 
24.3 -14.7806 
24.35 -14.8826 
24.4 -14.9851 
24.45 -15.0879 
24.5 -15.191 
24.55 -15.2946 
24.6 -15.3985 
24.65 -15.5028 
24.7 -15.6074 
24.75 -15.7125 
24.8 -15.8178 
24.85 -15.9236 
24.9 -16.0297 
24.95 -16.1361 
25 -16.2429 
25.05 -16.3501 
25.1 -16.4576 
25.15 -16.5655 
25.2 -16.6737 
25.25 -16.7823 
25.3 -16.8912 
25.35 -17.0004 
25.4 -17.11 
25.45 -17.22 
25.5 -17.3302 
25.55 -17.4409 
25.6 -17.5518 
25.65 -17.6631 
25.7 -17.7747 
25.75 -17.8866 
25.8 -17.9989 
25.85 -18.1114 
25.9 -18.2244 
25.95 -18.3376 
26 -18.4511 
26.05 -18.5649 
26.1 -18.6791 
26.15 -18.7936 
26.2 -18.9084 
26.25 -19.0235 
26.3 -19.1389 
26.35 -19.2545 
26.4 -19.3705 
26.45 -19.4868 
26.5 -19.6034 
26.55 -19.7202 
26.6 -19.8374 
26.65 -19.9548 
26.7 -20.0725 
26.75 -20.1905 
26.8 -20.3088 
26.85 -20.4274 
26.9 -20.5462 
26.95 -20.6653 
27 -20.7846 
27.05 -20.9042 
27.1 -21.0241 
27.15 -21.1442 
27.2 -21.2646 
27.25 -21.3853 
27.3 -21.5062 
27.35 -21.6273 
27.4 -21.7486 
27.45 -21.8703 
27.5 -21.9921 
27.55 -22.1142 
27.6 -22.2365 
27.65 -22.3591 
27.7 -22.4818 
27.75 -22.6048 
27.8 -22.728 
27.85 -22.8514 
27.9 -22.975 
27.95 -23.0989 
28 -23.2229 
28.05 -23.3471 
28.1 -23.4716 
28.15 -23.5962 
28.2 -23.721 
28.25 -23.846 
28.3 -23.9712 
28.35 -24.0966 
28.4 -24.2221 
28.45 -24.3478 
28.5 -24.4737 
28.55 -24.5997 
28.6 -24.726 
28.65 -24.8523 
28.7 -24.9789 
28.75 -25.1055 
28.8 -25.2324 
28.85 -25.3593 
28.9 -25.4864 
28.95 -25.6137 
29 -25.741 
29.05 -25.8685 
29.1 -25.9962 
29.15 -26.1239 
29.2 -26.2518 
29.25 -26.3797 
29.3 -26.5078 
29.35 -26.636 
29.4 -26.7643 
29.45 -26.8927 
29.5 -27.0212 
29.55 -27.1497 
29.6 -27.2784 
29.65 -27.4071 
29.7 -27.5359 
29.75 -27.6648 
29.8 -27.7937 
29.85 -27.9228 
29.9 -28.0518 
29.95 -28.1809 
30 -28.3101 
30.05 -28.4393 
30.1 -28.5686 
30.15 -28.6979 
30.2 -28.8273 
30.25 -28.9566 
30.3 -29.086 
30.35 -29.2154 
30.4 -29.3448 
30.45 -29.4743 
30.5 -29.6037 
30.55 -29.7332 
30.6 -29.8627 
30.65 -29.9921 
30.7 -30.1216 
30.75 -30.2509 
30.8 -30.3804 
30.85 -30.5097 
30.9 -30.6391 
30.95 -30.7684 
31 -30.8977 
31.05 -31.0269 
31.1 -31.1561 
31.15 -31.2853 
31.2 -31.4144 
31.25 -31.5434 
31.3 -31.6724 
31.35 -31.8013 
31.4 -31.93 
31.45 -32.0588 
31.5 -32.1875 
31.55 -32.316 
31.6 -32.4445 
31.65 -32.5729 
31.7 -32.7012 
31.75 -32.8294 
31.8 -32.9574 
31.85 -33.0853 
31.9 -33.2132 
31.95 -33.3409 
32 -33.4684 
32.05 -33.5959 
32.1 -33.7232 
32.15 -33.8503 
32.2 -33.9773 
32.25 -34.1042 
32.3 -34.2309 
32.35 -34.3574 
32.4 -34.4837 
32.45 -34.6099 
32.5 -34.7359 
32.55 -34.8617 
32.6 -34.9873 
32.65 -35.1128 
32.7 -35.238 
32.75 -35.363 
32.8 -35.4878 
32.85 -35.6125 
32.9 -35.7369 
32.95 -35.861 
33 -35.985 
33.05 -36.1087 
33.1 -36.2322 
33.15 -36.3555 
33.2 -36.4784 
33.25 -36.6011 
33.3 -36.7237 
33.35 -36.8459 
33.4 -36.9679 
33.45 -37.0896 
33.5 -37.2109 
33.55 -37.3321 
33.6 -37.4529 
33.65 -37.5735 
33.7 -37.6938 
33.75 -37.8137 
33.8 -37.9334 
33.85 -38.0527 
33.9 -38.1718 
33.95 -38.2905 
34 -38.4089 
34.05 -38.5269 
34.1 -38.6447 
34.15 -38.7621 
34.2 -38.8791 
34.25 -38.9958 
34.3 -39.1122 
34.35 -39.2281 
34.4 -39.3438 
34.45 -39.4591 
34.5 -39.574 
34.55 -39.6885 
34.6 -39.8026 
34.65 -39.9164 
34.7 -40.0298 
34.75 -40.1427 
34.8 -40.2553 
34.85 -40.3675 
34.9 -40.4792 
34.95 -40.5905 
35 -40.7015 
35.05 -40.8119 
35.1 -40.9221 
35.15 -41.0317 
35.2 -41.1409 
35.25 -41.2497 
35.3 -41.358 
35.35 -41.4658 
35.4 -41.5733 
35.45 -41.6802 
35.5 -41.7867 
35.55 -41.8927 
35.6 -41.9983 
35.65 -42.1034 
35.7 -42.208 
35.75 -42.312 
35.8 -42.4157 
35.85 -42.5187 
35.9 -42.6214 
35.95 -42.7235 
36 -42.8252 
36.05 -42.9263 
36.1 -43.0269 
36.15 -43.1269 
36.2 -43.2264 
36.25 -43.3255 
36.3 -43.4239 
36.35 -43.5219 
36.4 -43.6193 
36.45 -43.7161 
36.5 -43.8124 
36.55 -43.9082 
36.6 -44.0034 
36.65 -44.098 
36.7 -44.1921 
36.75 -44.2855 
36.8 -44.3785 
36.85 -44.4708 
36.9 -44.5626 
36.95 -44.6538 
37 -44.7444 
37.05 -44.8344 
37.1 -44.9237 
37.15 -45.0125 
37.2 -45.1007 
37.25 -45.1883 
37.3 -45.2753 
37.35 -45.3617 
37.4 -45.4474 
37.45 -45.5325 
37.5 -45.6169 
37.55 -45.7008 
37.6 -45.7841 
37.65 -45.8666 
37.7 -45.9485 
37.75 -46.0299 
37.8 -46.1105 
37.85 -46.1905 
37.9 -46.2698 
37.95 -46.3485 
38 -46.4266 
38.05 -46.5039 
38.1 -46.5806 
38.15 -46.6566 
38.2 -46.732 
38.25 -46.8066 
38.3 -46.8806 
38.35 -46.9539 
38.4 -47.0265 
38.45 -47.0985 
38.5 -47.1697 
38.55 -47.2402 
38.6 -47.3101 
38.65 -47.3792 
38.7 -47.4477 
38.75 -47.5154 
38.8 -47.5824 
38.85 -47.6487 
38.9 -47.7143 
38.95 -47.7791 
39 -47.8433 
39.05 -47.9067 
39.1 -47.9694 
39.15 -48.0314 
39.2 -48.0927 
39.25 -48.1532 
39.3 -48.2129 
39.35 -48.2719 
39.4 -48.3302 
39.45 -48.3877 
39.5 -48.4445 
39.55 -48.5006 
39.6 -48.5559 
39.65 -48.6104 
39.7 -48.6643 
39.75 -48.7173 
39.8 -48.7695 
39.85 -48.8211 
39.9 -48.8718 
39.95 -48.9217 
40 -48.971 
40.05 -49.0194 
40.1 -49.0671 
40.15 -49.114 
40.2 -49.1602 
40.25 -49.2056 
40.3 -49.2501 
40.35 -49.2939 
40.4 -49.3369 
40.45 -49.3791 
40.5 -49.4206 
40.55 -49.4613 
40.6 -49.5011 
40.65 -49.5402 
40.7 -49.5785 
40.75 -49.616 
40.8 -49.6527 
40.85 -49.6886 
40.9 -49.7238 
40.95 -49.7581 
41 -49.7916 
41.05 -49.8243 
41.1 -49.8563 
41.15 -49.8874 
41.2 -49.9177 
41.25 -49.9473 
41.3 -49.976 
41.35 -50.0039 
41.4 -50.031 
41.45 -50.0573 
41.5 -50.0827 
41.55 -50.1074 
41.6 -50.1313 
41.65 -50.1544 
41.7 -50.1766 
41.75 -50.198 
41.8 -50.2187 
41.85 -50.2385 
41.9 -50.2575 
41.95 -50.2757 
42 -50.2931 
42.05 -50.3097 
42.1 -50.3254 
42.15 -50.3404 
42.2 -50.3545 
42.25 -50.3678 
42.3 -50.3803 
42.35 -50.392 
42.4 -50.4029 
42.45 -50.4129 
42.5 -50.4222 
42.55 -50.4306 
42.6 -50.4382 
42.65 -50.445 
42.7 -50.451 
42.75 -50.4561 
42.8 -50.4605 
42.85 -50.4641 
42.9 -50.4668 
42.95 -50.4687 
43 -50.4698 
43.05 -50.4701 
43.1 -50.4695 
43.15 -50.4682 
43.2 -50.4661 
43.25 -50.4631 
43.3 -50.4593 
43.35 -50.4548 
43.4 -50.4495 
43.45 -50.4433 
43.5 -50.4363 
43.55 -50.4285 
43.6 -50.4199 
43.65 -50.4105 
43.7 -50.4002 
43.75 -50.3893 
43.8 -50.3775 
43.85 -50.3649 
43.9 -50.3515 
43.95 -50.3373 
44 -50.3223 
44.05 -50.3065 
44.1 -50.2899 
44.15 -50.2726 
44.2 -50.2544 
44.25 -50.2354 
44.3 -50.2157 
44.35 -50.1951 
44.4 -50.1738 
44.45 -50.1518 
44.5 -50.1289 
44.55 -50.1052 
44.6 -50.0808 
44.65 -50.0556 
44.7 -50.0296 
44.75 -50.0028 
44.8 -49.9753 
44.85 -49.947 
44.9 -49.9179 
44.95 -49.8881 
45 -49.8575 
45.05 -49.8261 
45.1 -49.794 
45.15 -49.7611 
45.2 -49.7275 
45.25 -49.693 
45.3 -49.6579 
45.35 -49.622 
45.4 -49.5854 
45.45 -49.548 
45.5 -49.5098 
45.55 -49.4709 
45.6 -49.4313 
45.65 -49.3909 
45.7 -49.3499 
45.75 -49.3081 
45.8 -49.2655 
45.85 -49.2222 
45.9 -49.1783 
45.95 -49.1335 
46 -49.088 
46.05 -49.0419 
46.1 -48.9951 
46.15 -48.9475 
46.2 -48.8991 
46.25 -48.8502 
46.3 -48.8004 
46.35 -48.75 
46.4 -48.6989 
46.45 -48.6472 
46.5 -48.5946 
46.55 -48.5415 
46.6 -48.4876 
46.65 -48.4331 
46.7 -48.3778 
46.75 -48.322 
46.8 -48.2653 
46.85 -48.208 
46.9 -48.1501 
46.95 -48.0915 
47 -48.0323 
47.05 -47.9723 
47.1 -47.9117 
47.15 -47.8505 
47.2 -47.7886 
47.25 -47.7261 
47.3 -47.6629 
47.35 -47.5991 
47.4 -47.5347 
47.45 -47.4696 
47.5 -47.4039 
47.55 -47.3375 
47.6 -47.2705 
47.65 -47.203 
47.7 -47.1348 
47.75 -47.0659 
47.8 -46.9965 
47.85 -46.9265 
47.9 -46.8558 
47.95 -46.7846 
48 -46.7128 
48.05 -46.6403 
48.1 -46.5673 
48.15 -46.4937 
48.2 -46.4195 
48.25 -46.3448 
48.3 -46.2694 
48.35 -46.1935 
48.4 -46.117 
48.45 -46.04 
48.5 -45.9624 
48.55 -45.8842 
48.6 -45.8055 
48.65 -45.7263 
48.7 -45.6465 
48.75 -45.5661 
48.8 -45.4852 
48.85 -45.4038 
48.9 -45.3218 
48.95 -45.2394 
49 -45.1563 
49.05 -45.0728 
49.1 -44.9887 
49.15 -44.9042 
49.2 -44.8192 
49.25 -44.7336 
49.3 -44.6476 
49.35 -44.5611 
49.4 -44.474 
49.45 -44.3865 
49.5 -44.2985 
49.55 -44.21 
49.6 -44.121 
49.65 -44.0316 
49.7 -43.9418 
49.75 -43.8514 
49.8 -43.7605 
49.85 -43.6692 
49.9 -43.5775 
49.95 -43.4853 
50 -43.3927 
50.05 -43.2996 
50.1 -43.2062 
50.15 -43.1123 
50.2 -43.0179 
50.25 -42.9232 
50.3 -42.828 
50.35 -42.7324 
50.4 -42.6364 
50.45 -42.54 
50.5 -42.4431 
50.55 -42.346 
50.6 -42.2483 
50.65 -42.1504 
50.7 -42.0519 
50.75 -41.9531 
50.8 -41.854 
50.85 -41.7545 
50.9 -41.6546 
50.95 -41.5544 
51 -41.4538 
51.05 -41.3529 
51.1 -41.2516 
51.15 -41.1499 
51.2 -41.0479 
51.25 -40.9455 
51.3 -40.8429 
51.35 -40.7399 
51.4 -40.6366 
51.45 -40.5329 
51.5 -40.4289 
51.55 -40.3246 
51.6 -40.22 
51.65 -40.1152 
51.7 -40.0099 
51.75 -39.9045 
51.8 -39.7987 
51.85 -39.6926 
51.9 -39.5863 
51.95 -39.4796 
52 -39.3727 
52.05 -39.2655 
52.1 -39.1581 
52.15 -39.0504 
52.2 -38.9423 
52.25 -38.8341 
52.3 -38.7257 
52.35 -38.617 
52.4 -38.508 
52.45 -38.3988 
52.5 -38.2893 
52.55 -38.1796 
52.6 -38.0697 
52.65 -37.9596 
52.7 -37.8493 
52.75 -37.7387 
52.8 -37.6279 
52.85 -37.517 
52.9 -37.4058 
52.95 -37.2944 
53 -37.1829 
53.05 -37.0711 
53.1 -36.9592 
53.15 -36.8471 
53.2 -36.7348 
53.25 -36.6223 
53.3 -36.5097 
53.35 -36.3969 
53.4 -36.2839 
53.45 -36.1708 
53.5 -36.0575 
53.55 -35.9441 
53.6 -35.8305 
53.65 -35.7168 
53.7 -35.603 
53.75 -35.489 
53.8 -35.3749 
53.85 -35.2607 
53.9 -35.1463 
53.95 -35.0319 
54 -34.9173 
54.05 -34.8026 
54.1 -34.6878 
54.15 -34.5729 
54.2 -34.4579 
54.25 -34.3429 
54.3 -34.2276 
54.35 -34.1124 
54.4 -33.997 
54.45 -33.8816 
54.5 -33.766 
54.55 -33.6505 
54.6 -33.5348 
54.65 -33.4191 
54.7 -33.3034 
54.75 -33.1875 
54.8 -33.0717 
54.85 -32.9558 
54.9 -32.8398 
54.95 -32.7238 
55 -32.6078 
55.05 -32.4916 
55.1 -32.3755 
55.15 -32.2594 
55.2 -32.1433 
55.25 -32.027 
55.3 -31.9108 
55.35 -31.7946 
55.4 -31.6784 
55.45 -31.5622 
55.5 -31.4459 
55.55 -31.3296 
55.6 -31.2134 
55.65 -31.0972 
55.7 -30.981 
55.75 -30.8648 
55.8 -30.7486 
55.85 -30.6324 
55.9 -30.5163 
55.95 -30.4002 
56 -30.2841 
56.05 -30.1681 
56.1 -30.0521 
56.15 -29.9361 
56.2 -29.8202 
56.25 -29.7044 
56.3 -29.5885 
56.35 -29.4727 
56.4 -29.357 
56.45 -29.2414 
56.5 -29.1258 
56.55 -29.0102 
56.6 -28.8948 
56.65 -28.7794 
56.7 -28.6641 
56.75 -28.5489 
56.8 -28.4338 
56.85 -28.3187 
56.9 -28.2037 
56.95 -28.0888 
57 -27.9741 
57.05 -27.8594 
57.1 -27.7448 
57.15 -27.6303 
57.2 -27.5159 
57.25 -27.4016 
57.3 -27.2875 
57.35 -27.1734 
57.4 -27.0595 
57.45 -26.9457 
57.5 -26.832 
57.55 -26.7184 
57.6 -26.6049 
57.65 -26.4916 
57.7 -26.3785 
57.75 -26.2654 
57.8 -26.1525 
57.85 -26.0398 
57.9 -25.9271 
57.95 -25.8147 
58 -25.7023 
58.05 -25.5901 
58.1 -25.4781 
58.15 -25.3662 
58.2 -25.2545 
58.25 -25.143 
58.3 -25.0316 
58.35 -24.9204 
58.4 -24.8093 
58.45 -24.6985 
58.5 -24.5877 
58.55 -24.4772 
58.6 -24.3668 
58.65 -24.2566 
58.7 -24.1467 
58.75 -24.0368 
58.8 -23.9273 
58.85 -23.8178 
58.9 -23.7085 
58.95 -23.5995 
59 -23.4906 
59.05 -23.382 
59.1 -23.2735 
59.15 -23.1653 
59.2 -23.0572 
59.25 -22.9494 
59.3 -22.8417 
59.35 -22.7343 
59.4 -22.627 
59.45 -22.52 
59.5 -22.4132 
59.55 -22.3067 
59.6 -22.2003 
59.65 -22.0942 
59.7 -21.9883 
59.75 -21.8826 
59.8 -21.7771 
59.85 -21.6719 
59.9 -21.5669 
59.95 -21.4621 
60 -21.3576 
60.05 -21.2533 
60.1 -21.1492 
60.15 -21.0454 
60.2 -20.9418 
60.25 -20.8385 
60.3 -20.7353 
60.35 -20.6325 
60.4 -20.5299 
60.45 -20.4275 
60.5 -20.3255 
60.55 -20.2236 
60.6 -20.122 
60.65 -20.0206 
60.7 -19.9195 
60.75 -19.8187 
60.8 -19.7181 
60.85 -19.6178 
60.9 -19.5178 
60.95 -19.418 
61 -19.3184 
61.05 -19.2192 
61.1 -19.1202 
61.15 -19.0215 
61.2 -18.923 
61.25 -18.8248 
61.3 -18.7269 
61.35 -18.6292 
61.4 -18.5319 
61.45 -18.4348 
61.5 -18.3379 
61.55 -18.2414 
61.6 -18.1451 
61.65 -18.0491 
61.7 -17.9535 
61.75 -17.858 
61.8 -17.7629 
61.85 -17.668 
61.9 -17.5735 
61.95 -17.4792 
62 -17.3852 
62.05 -17.2915 
62.1 -17.1981 
62.15 -17.105 
62.2 -17.0121 
62.25 -16.9196 
62.3 -16.8273 
62.35 -16.7354 
62.4 -16.6437 
62.45 -16.5524 
62.5 -16.4613 
62.55 -16.3705 
62.6 -16.28 
62.65 -16.1898 
62.7 -16.1 
62.75 -16.0104 
62.8 -15.9211 
62.85 -15.8321 
62.9 -15.7434 
62.95 -15.655 
63 -15.5669 
63.05 -15.4792 
63.1 -15.3917 
63.15 -15.3045 
63.2 -15.2177 
63.25 -15.1311 
63.3 -15.0448 
63.35 -14.9589 
63.4 -14.8732 
63.45 -14.7879 
63.5 -14.7029 
63.55 -14.6182 
63.6 -14.5338 
63.65 -14.4497 
63.7 -14.3659 
63.75 -14.2824 
63.8 -14.1992 
63.85 -14.1164 
63.9 -14.0338 
63.95 -13.9516 
64 -13.8696 
64.05 -13.788 
64.1 -13.7067 
64.15 -13.6257 
64.2 -13.545 
64.25 -13.4647 
64.3 -13.3846 
64.35 -13.3049 
64.4 -13.2254 
64.45 -13.1463 
64.5 -13.0675 
64.55 -12.989 
64.6 -12.9108 
64.65 -12.833 
64.7 -12.7554 
64.75 -12.6782 
64.8 -12.6013 
64.85 -12.5246 
64.9 -12.4483 
64.95 -12.3724 
65 -12.2967 
65.05 -12.2213 
65.1 -12.1463 
65.15 -12.0716 
65.2 -11.9972 
65.25 -11.9231 
65.3 -11.8493 
65.35 -11.7758 
65.4 -11.7027 
65.45 -11.6298 
65.5 -11.5573 
65.55 -11.4851 
65.6 -11.4132 
65.65 -11.3416 
65.7 -11.2703 
65.75 -11.1993 
65.8 -11.1287 
65.85 -11.0583 
65.9 -10.9883 
65.95 -10.9186 
66 -10.8492 
66.05 -10.7801 
66.1 -10.7113 
66.15 -10.6428 
66.2 -10.5746 
66.25 -10.5068 
66.3 -10.4393 
66.35 -10.372 
66.4 -10.3051 
66.45 -10.2385 
66.5 -10.1722 
66.55 -10.1061 
66.6 -10.0405 
66.65 -9.97509 
66.7 -9.91 
66.75 -9.84523 
66.8 -9.78075 
66.85 -9.7166 
66.9 -9.65275 
66.95 -9.58919 
67 -9.52595 
67.05 -9.463 
67.1 -9.40036 
67.15 -9.33804 
67.2 -9.27599 
67.25 -9.21429 
67.3 -9.15284 
67.35 -9.09173 
67.4 -9.0309 
67.45 -8.97037 
67.5 -8.91014 
67.55 -8.85021 
67.6 -8.79059 
67.65 -8.73125 
67.7 -8.67222 
67.75 -8.61347 
67.8 -8.55505 
67.85 -8.49689 
67.9 -8.43904 
67.95 -8.38149 
68 -8.32423 
68.05 -8.26725 
68.1 -8.21059 
68.15 -8.1542 
68.2 -8.09811 
68.25 -8.0423 
68.3 -7.98678 
68.35 -7.93156 
68.4 -7.87663 
68.45 -7.82201 
68.5 -7.76764 
68.55 -7.71356 
68.6 -7.65978 
68.65 -7.60628 
68.7 -7.55306 
68.75 -7.50014 
68.8 -7.44749 
68.85 -7.39512 
68.9 -7.34304 
68.95 -7.29123 
69 -7.23972 
69.05 -7.18847 
69.1 -7.1375 
69.15 -7.08683 
69.2 -7.03641 
69.25 -6.98627 
69.3 -6.93642 
69.35 -6.88685 
69.4 -6.83754 
69.45 -6.78851 
69.5 -6.73975 
69.55 -6.69126 
69.6 -6.64302 
69.65 -6.59508 
69.7 -6.5474 
69.75 -6.49999 
69.8 -6.45285 
69.85 -6.40598 
69.9 -6.35938 
69.95 -6.31304 
70 -6.26695 
70.05 -6.22114 
70.1 -6.1756 
70.15 -6.1303 
70.2 -6.08527 
70.25 -6.0405 
70.3 -5.996 
70.35 -5.95175 
70.4 -5.90776 
70.45 -5.86402 
70.5 -5.82054 
70.55 -5.77733 
70.6 -5.73436 
70.65 -5.69163 
70.7 -5.64917 
70.75 -5.60695 
70.8 -5.565 
70.85 -5.52329 
70.9 -5.48182 
70.95 -5.44061 
71 -5.39964 
71.05 -5.35893 
71.1 -5.31846 
71.15 -5.27822 
71.2 -5.23822 
71.25 -5.19849 
71.3 -5.159 
71.35 -5.11973 
71.4 -5.0807 
71.45 -5.04192 
71.5 -5.00338 
71.55 -4.96508 
71.6 -4.927 
71.65 -4.88917 
71.7 -4.85157 
71.75 -4.81419 
71.8 -4.77707 
71.85 -4.74016 
71.9 -4.70349 
71.95 -4.66705 
72 -4.63083 
72.05 -4.59485 
72.1 -4.5591 
72.15 -4.52356 
72.2 -4.48825 
72.25 -4.45318 
72.3 -4.41831 
72.35 -4.38368 
72.4 -4.34926 
72.45 -4.31507 
72.5 -4.2811 
72.55 -4.24734 
72.6 -4.2138 
72.65 -4.18048 
72.7 -4.14737 
72.75 -4.11448 
72.8 -4.0818 
72.85 -4.04934 
72.9 -4.01708 
72.95 -3.98504 
73 -3.95321 
73.05 -3.92158 
73.1 -3.89018 
73.15 -3.85897 
73.2 -3.82798 
73.25 -3.79718 
73.3 -3.76657 
73.35 -3.7362 
73.4 -3.70601 
73.45 -3.67603 
73.5 -3.64624 
73.55 -3.61666 
73.6 -3.58728 
73.65 -3.5581 
73.7 -3.5291 
73.75 -3.50031 
73.8 -3.47171 
73.85 -3.44332 
73.9 -3.4151 
73.95 -3.38709 
74 -3.35926 
74.05 -3.33162 
74.1 -3.30417 
74.15 -3.27692 
74.2 -3.24985 
74.25 -3.22296 
74.3 -3.19627 
74.35 -3.16975 
74.4 -3.14343 
74.45 -3.11728 
74.5 -3.09131 
74.55 -3.06553 
74.6 -3.03993 
74.65 -3.0145 
74.7 -2.98925 
74.75 -2.96418 
74.8 -2.9393 
74.85 -2.91458 
74.9 -2.89004 
74.95 -2.86567 
75 -2.84148 
75.05 -2.81744 
75.1 -2.7936 
75.15 -2.76992 
75.2 -2.7464 
75.25 -2.72306 
75.3 -2.69988 
75.35 -2.67688 
75.4 -2.65403 
75.45 -2.63135 
75.5 -2.60883 
75.55 -2.58648 
75.6 -2.56428 
75.65 -2.54225 
75.7 -2.52038 
75.75 -2.49867 
75.8 -2.47713 
75.85 -2.45573 
75.9 -2.43449 
75.95 -2.41341 
76 -2.39249 
76.05 -2.3717 
76.1 -2.35109 
76.15 -2.33061 
76.2 -2.31029 
76.25 -2.29013 
76.3 -2.27011 
76.35 -2.25025 
76.4 -2.23053 
76.45 -2.21096 
76.5 -2.19153 
76.55 -2.17226 
76.6 -2.15311 
76.65 -2.13413 
76.7 -2.11528 
76.75 -2.09657 
76.8 -2.078 
76.85 -2.05959 
76.9 -2.0413 
76.95 -2.02315 
77 -2.00514 
77.05 -1.98727 
77.1 -1.96953 
77.15 -1.95193 
77.2 -1.93446 
77.25 -1.91713 
77.3 -1.89993 
77.35 -1.88287 
77.4 -1.86593 
77.45 -1.84912 
77.5 -1.83244 
77.55 -1.81591 
77.6 -1.79949 
77.65 -1.7832 
77.7 -1.76703 
77.75 -1.751 
77.8 -1.73508 
77.85 -1.71929 
77.9 -1.70363 
77.95 -1.68808 
78 -1.67267 
78.05 -1.65735 
78.1 -1.64217 
78.15 -1.62713 
78.2 -1.61218 
78.25 -1.59736 
78.3 -1.58266 
78.35 -1.56806 
78.4 -1.55359 
78.45 -1.53923 
78.5 -1.52499 
78.55 -1.51086 
78.6 -1.49684 
78.65 -1.48293 
78.7 -1.46913 
78.75 -1.45545 
78.8 -1.44189 
78.85 -1.42841 
78.9 -1.41505 
78.95 -1.40181 
79 -1.38866 
79.05 -1.37563 
79.1 -1.3627 
79.15 -1.34987 
79.2 -1.33715 
79.25 -1.32453 
79.3 -1.31202 
79.35 -1.29959 
79.4 -1.2873 
79.45 -1.27508 
79.5 -1.26298 
79.55 -1.25096 
79.6 -1.23904 
79.65 -1.22723 
79.7 -1.21552 
79.75 -1.2039 
79.8 -1.19236 
79.85 -1.18094 
79.9 -1.16961 
79.95 -1.15836 
80 -1.14721 
80.05 -1.13615 
80.1 -1.1252 
80.15 -1.11432 
80.2 -1.10354 
80.25 -1.09285 
80.3 -1.08224 
80.35 -1.07172 
80.4 -1.06131 
80.45 -1.05097 
80.5 -1.04071 
80.55 -1.03055 
80.6 -1.02047 
80.65 -1.01047 
80.7 -1.00057 
80.75 -0.990746 
80.8 -0.981005 
80.85 -0.971333 
80.9 -0.961761 
80.95 -0.952259 
81 -0.942848 
81.05 -0.933508 
81.1 -0.92425 
81.15 -0.915075 
81.2 -0.905972 
81.25 -0.896949 
81.3 -0.888007 
81.35 -0.879139 
81.4 -0.87035 
81.45 -0.861634 
81.5 -0.852987 
81.55 -0.844423 
81.6 -0.835931 
81.65 -0.827515 
81.7 -0.819166 
81.75 -0.810892 
81.8 -0.802685 
81.85 -0.794554 
81.9 -0.786496 
81.95 -0.778505 
82 -0.770583 
82.05 -0.762734 
82.1 -0.754947 
82.15 -0.747236 
82.2 -0.739579 
82.25 -0.732 
82.3 -0.724502 
82.35 -0.717028 
82.4 -0.70965 
82.45 -0.702325 
82.5 -0.69508 
82.55 -0.687886 
82.6 -0.680752 
82.65 -0.673682 
82.7 -0.666679 
82.75 -0.659746 
82.8 -0.652858 
82.85 -0.64604 
82.9 -0.639284 
82.95 -0.63258 
83 -0.625946 
83.05 -0.619364 
83.1 -0.612835 
83.15 -0.606376 
83.2 -0.599971 
83.25 -0.593619 
83.3 -0.587322 
83.35 -0.581088 
83.4 -0.574901 
83.45 -0.568782 
83.5 -0.562706 
83.55 -0.556696 
83.6 -0.550727 
83.65 -0.544829 
83.7 -0.538967 
83.75 -0.533154 
83.8 -0.527407 
83.85 -0.521705 
83.9 -0.516053 
83.95 -0.510458 
84 -0.504906 
84.05 -0.499414 
84.1 -0.493968 
84.15 -0.488567 
84.2 -0.483216 
84.25 -0.47792 
84.3 -0.472657 
84.35 -0.467446 
84.4 -0.4623 
84.45 -0.457187 
84.5 -0.45212 
84.55 -0.447104 
84.6 -0.442123 
84.65 -0.4372 
84.7 -0.432309 
84.75 -0.427467 
84.8 -0.422673 
84.85 -0.417914 
84.9 -0.413204 
84.95 -0.408542 
85 -0.403922 
85.05 -0.399347 
85.1 -0.394798 
85.15 -0.390304 
85.2 -0.385844 
85.25 -0.381431 
85.3 -0.377059 
85.35 -0.372712 
85.4 -0.368416 
85.45 -0.364158 
85.5 -0.359946 
85.55 -0.355769 
85.6 -0.351623 
85.65 -0.347524 
85.7 -0.343463 
85.75 -0.339431 
85.8 -0.335438 
85.85 -0.331475 
85.9 -0.327562 
85.95 -0.323683 
86 -0.319834 
86.05 -0.316026 
86.1 -0.31225 
86.15 -0.308503 
86.2 -0.304795 
86.25 -0.301127 
86.3 -0.29749 
86.35 -0.293888 
86.4 -0.290311 
86.45 -0.286771 
86.5 -0.283269 
86.55 -0.279789 
86.6 -0.276344 
86.65 -0.272936 
86.7 -0.269551 
86.75 -0.266207 
86.8 -0.26289 
86.85 -0.259604 
86.9 -0.256344 
86.95 -0.253118 
87 -0.249924 
87.05 -0.246754 
87.1 -0.243613 
87.15 -0.240503 
87.2 -0.237426 
87.25 -0.23437 
87.3 -0.231344 
87.35 -0.228346 
87.4 -0.225378 
87.45 -0.222431 
87.5 -0.219523 
87.55 -0.216636 
87.6 -0.21377 
87.65 -0.210934 
87.7 -0.208121 
87.75 -0.205335 
87.8 -0.202587 
87.85 -0.199849 
87.9 -0.197136 
87.95 -0.194458 
88 -0.191802 
88.05 -0.189165 
88.1 -0.186554 
88.15 -0.183963 
88.2 -0.181402 
88.25 -0.178859 
88.3 -0.176351 
88.35 -0.17385 
88.4 -0.171384 
88.45 -0.168936 
88.5 -0.166509 
88.55 -0.164105 
88.6 -0.161723 
88.65 -0.159359 
88.7 -0.157026 
88.75 -0.154703 
88.8 -0.152405 
88.85 -0.150127 
88.9 -0.147868 
88.95 -0.145636 
89 -0.143422 
89.05 -0.141227 
89.1 -0.139058 
89.15 -0.13689 
89.2 -0.134761 
89.25 -0.132638 
89.3 -0.13054 
89.35 -0.128463 
89.4 -0.126397 
89.45 -0.124354 
89.5 -0.122329 
89.55 -0.120319 
89.6 -0.118338 
89.65 -0.11636 
89.7 -0.114404 
89.75 -0.112467 
89.8 -0.110546 
89.85 -0.108642 
89.9 -0.10676 
89.95 -0.104887 
90 -0.103036 
90.05 -0.101196 
90.1 -0.0993748 
90.15 -0.0975672 
90.2 -0.0957815 
90.25 -0.0940032 
90.3 -0.0922429 
90.35 -0.0905009 
90.4 -0.0887671 
90.45 -0.087046 
90.5 -0.0853539 
90.55 -0.0836689 
90.6 -0.0820004 
90.65 -0.0803429 
90.7 -0.0786926 
90.75 -0.0770659 
90.8 -0.0754526 
90.85 -0.0738408 
90.9 -0.0722585 
90.95 -0.0706856 
91 -0.0691202 
91.05 -0.0675641 
91.1 -0.0660358 
91.15 -0.0645161 
91.2 -0.0629947 
91.25 -0.0614985 
91.3 -0.0600071 
91.35 -0.0585339 
91.4 -0.0570701 
91.45 -0.0556215 
91.5 -0.0541744 
91.55 -0.0527455 
91.6 -0.0513254 
91.65 -0.0499167 
91.7 -0.0485214 
91.75 -0.0471323 
91.8 -0.0457582 
91.85 -0.0443977 
91.9 -0.0430435 
91.95 -0.0416992 
92 -0.0403637 
92.05 -0.0390329 
92.1 -0.037721 
92.15 -0.0364171 
92.2 -0.0351209 
92.25 -0.0338374 
92.3 -0.0325534 
92.35 -0.0312891 
92.4 -0.0300257 
92.45 -0.0287749 
92.5 -0.0275314 
92.55 -0.026299 
92.6 -0.0250707 
92.65 -0.0238535 
92.7 -0.0226414 
92.75 -0.0214368 
92.8 -0.0202428 
92.85 -0.0190534 
92.9 -0.0178655 
92.95 -0.0166886 
93 -0.015527 
93.05 -0.0143639 
93.1 -0.0132077 
93.15 -0.0120572 
93.2 -0.0109147 
93.25 -0.0097776 
93.3 -0.00864613 
93.35 -0.0075168 
93.4 -0.00639669 
93.45 -0.00528372 
93.5 -0.00416241 
93.55 -0.00306085 
93.6 -0.00195711 
93.65 -0.000853824 
93.7 0.000243797 
93.75 0.00133569 
93.8 0.0024219 
93.85 0.0035088 
93.9 0.00459129 
93.95 0.00567334 
94 0.00675917 
94.05 0.00782925 
94.1 0.00891095 
94.15 0.00997834 
94.2 0.0110563 
94.25 0.0121219 
94.3 0.013203 
94.35 0.0142746 
94.4 0.0153419 
94.45 0.0164209 
94.5 0.0174933 
94.55 0.0185745 
94.6 0.0196593 
94.65 0.0207287 
94.7 0.0218167 
94.75 0.0229063 
94.8 0.0239948 
94.85 0.0250881 
94.9 0.0261868 
94.95 0.0272867 
95 0.0283962 
95.05 0.0295056 
95.1 0.0306261 
95.15 0.0317572 
95.2 0.0328882 
95.25 0.0340276 
95.3 0.0351744 
95.35 0.0363358 
95.4 0.037501 
95.45 0.0386715 
95.5 0.0398539 
95.55 0.0410508 
95.6 0.0422515 
95.65 0.0434711 
95.7 0.0446985 
95.75 0.0459421 
95.8 0.0471913 
95.85 0.0484562 
95.9 0.0497357 
95.95 0.051033 
96 0.0523407 
96.05 0.053668 
96.1 0.055002 
96.15 0.056358 
96.2 0.0577243 
96.25 0.0591095 
96.3 0.0605202 
96.35 0.0619408 
96.4 0.0633806 
96.45 0.0648383 
96.5 0.0663158 
96.55 0.0678144 
96.6 0.0693285 
96.65 0.070865 
96.7 0.0724202 
96.75 0.0739969 
96.8 0.0756056 
96.85 0.0772165 
96.9 0.0788511 
96.95 0.0805135 
97 0.0822039 
97.05 0.083909 
97.1 0.0856398 
97.15 0.087386 
97.2 0.089166 
97.25 0.0909551 
97.3 0.0927832 
97.35 0.0946256 
97.4 0.0964948 
97.45 0.098384 
97.5 0.100298 
97.55 0.102242 
97.6 0.104203 
97.65 0.106187 
97.7 0.108201 
97.75 0.110234 
97.8 0.11229 
97.85 0.114371 
97.9 0.11647 
97.95 0.118603 
98 0.120753 
98.05 0.122928 
98.1 0.125127 
98.15 0.127347 
98.2 0.12959 
98.25 0.131854 
98.3 0.134143 
98.35 0.136456 
98.4 0.138788 
98.45 0.141136 
98.5 0.143512 
98.55 0.145905 
98.6 0.148319 
98.65 0.150758 
98.7 0.153213 
98.75 0.155682 
98.8 0.158176 
98.85 0.16069 
98.9 0.163215 
98.95 0.165759 
99 0.168323 
99.05 0.170903 
99.1 0.173492 
99.15 0.176107 
99.2 0.178731 
99.25 0.181375 
99.3 0.184027 
99.35 0.186697 
99.4 0.189371 
99.45 0.192067 
99.5 0.194764 
99.55 0.197482 
99.6 0.200206 
99.65 0.202939 
99.7 0.205682 
99.75 0.208436 
99.8 0.211195 
99.85 0.213964 
99.9 0.216738 
99.95 0.219509 
100 0.222296 
100.05 0.22508 
100.1 0.227873 
100.15 0.230665 
100.2 0.233462 
100.25 0.236262 
100.3 0.239056 
100.35 0.241856 
100.4 0.244655 
100.45 0.247452 
100.5 0.250244 
100.55 0.25304 
100.6 0.255827 
100.65 0.258607 
100.7 0.26139 
100.75 0.264168 
100.8 0.266939 
100.85 0.269694 
100.9 0.27245 
100.95 0.275199 
101 0.277936 
101.05 0.280666 
101.1 0.283385 
101.15 0.286093 
101.2 0.288788 
101.25 0.291469 
101.3 0.294147 
101.35 0.296802 
101.4 0.29945 
101.45 0.302076 
101.5 0.304695 
101.55 0.307295 
101.6 0.309875 
101.65 0.312445 
101.7 0.314994 
101.75 0.317525 
101.8 0.320038 
101.85 0.322533 
101.9 0.325007 
101.95 0.327467 
102 0.329898 
102.05 0.332309 
102.1 0.334703 
102.15 0.337075 
102.2 0.339421 
102.25 0.34175 
102.3 0.344049 
102.35 0.34633 
102.4 0.348585 
102.45 0.350819 
102.5 0.353018 
102.55 0.355204 
102.6 0.357356 
102.65 0.359485 
102.7 0.361592 
102.75 0.363669 
102.8 0.365718 
102.85 0.367741 
102.9 0.369736 
102.95 0.371707 
103 0.373646 
103.05 0.375559 
103.1 0.377442 
103.15 0.379298 
103.2 0.381124 
103.25 0.382921 
103.3 0.384691 
103.35 0.386429 
103.4 0.388139 
103.45 0.389818 
103.5 0.391473 
103.55 0.393094 
103.6 0.394686 
103.65 0.396244 
103.7 0.397775 
103.75 0.399279 
103.8 0.40075 
103.85 0.40219 
103.9 0.403598 
103.95 0.404981 
104 0.406329 
104.05 0.407646 
104.1 0.408938 
104.15 0.410195 
104.2 0.41142 
104.25 0.412617 
104.3 0.413781 
104.35 0.414917 
104.4 0.416026 
104.45 0.417106 
104.5 0.418145 
104.55 0.419164 
104.6 0.420148 
104.65 0.421103 
104.7 0.422031 
104.75 0.422923 
104.8 0.423791 
104.85 0.424629 
104.9 0.425437 
104.95 0.426214 
105 0.426963 
105.05 0.427681 
105.1 0.428371 
105.15 0.429038 
105.2 0.429667 
105.25 0.430274 
105.3 0.430852 
105.35 0.431396 
105.4 0.431919 
105.45 0.432413 
105.5 0.432876 
105.55 0.433316 
105.6 0.433729 
105.65 0.434116 
105.7 0.434471 
105.75 0.434802 
105.8 0.435106 
105.85 0.435384 
105.9 0.435637 
105.95 0.435866 
106 0.436067 
106.05 0.436245 
106.1 0.436393 
106.15 0.436521 
106.2 0.436624 
106.25 0.436703 
106.3 0.436754 
106.35 0.436783 
106.4 0.43679 
106.45 0.43677 
106.5 0.436725 
106.55 0.436665 
106.6 0.43658 
106.65 0.436469 
106.7 0.436334 
106.75 0.436183 
106.8 0.436003 
106.85 0.435811 
106.9 0.435591 
106.95 0.43535 
107 0.435089 
107.05 0.43481 
107.1 0.434505 
107.15 0.434184 
107.2 0.433843 
107.25 0.433482 
107.3 0.433102 
107.35 0.432702 
107.4 0.432283 
107.45 0.431843 
107.5 0.431384 
107.55 0.430912 
107.6 0.430419 
107.65 0.42991 
107.7 0.429377 
107.75 0.42883 
107.8 0.428268 
107.85 0.427691 
107.9 0.427092 
107.95 0.426478 
108 0.425849 
108.05 0.425203 
108.1 0.424542 
108.15 0.423864 
108.2 0.423169 
108.25 0.42246 
108.3 0.421737 
108.35 0.420999 
108.4 0.420248 
108.45 0.419477 
108.5 0.418696 
108.55 0.4179 
108.6 0.417092 
108.65 0.416268 
108.7 0.415427 
108.75 0.414582 
108.8 0.413716 
108.85 0.412842 
108.9 0.411952 
108.95 0.411053 
109 0.410139 
109.05 0.409215 
109.1 0.408278 
109.15 0.40733 
109.2 0.406365 
109.25 0.405391 
109.3 0.404412 
109.35 0.403416 
109.4 0.402411 
109.45 0.401396 
109.5 0.400373 
109.55 0.399333 
109.6 0.398288 
109.65 0.397229 
109.7 0.396161 
109.75 0.395084 
109.8 0.393998 
109.85 0.392904 
109.9 0.391799 
109.95 0.390687 
110 0.389565 
110.05 0.388432 
110.1 0.387292 
110.15 0.386142 
110.2 0.384985 
110.25 0.383818 
110.3 0.382646 
110.35 0.381464 
110.4 0.380272 
110.45 0.379075 
110.5 0.377868 
110.55 0.376658 
110.6 0.375438 
110.65 0.374206 
110.7 0.372973 
110.75 0.371725 
110.8 0.370477 
110.85 0.369219 
110.9 0.367956 
110.95 0.366683 
111 0.365403 
111.05 0.364118 
111.1 0.362826 
111.15 0.361526 
111.2 0.360222 
111.25 0.358906 
111.3 0.35759 
111.35 0.356266 
111.4 0.354938 
111.45 0.353608 
111.5 0.352267 
111.55 0.350926 
111.6 0.349576 
111.65 0.348225 
111.7 0.346868 
111.75 0.345508 
111.8 0.344148 
111.85 0.342778 
111.9 0.341407 
111.95 0.340035 
112 0.338656 
112.05 0.337277 
112.1 0.335893 
112.15 0.334506 
112.2 0.333121 
112.25 0.331731 
112.3 0.330337 
112.35 0.328943 
112.4 0.327543 
112.45 0.326145 
112.5 0.324745 
112.55 0.323339 
112.6 0.321931 
112.65 0.320525 
112.7 0.319115 
112.75 0.317705 
112.8 0.316291 
112.85 0.314878 
112.9 0.313462 
112.95 0.312047 
113 0.310629 
113.05 0.309209 
113.1 0.307787 
113.15 0.306365 
113.2 0.304945 
113.25 0.303518 
113.3 0.302093 
113.35 0.30067 
113.4 0.299243 
113.45 0.297818 
113.5 0.29639 
113.55 0.294965 
113.6 0.293537 
113.65 0.292104 
113.7 0.290677 
113.75 0.289249 
113.8 0.287819 
113.85 0.28639 
113.9 0.28496 
113.95 0.28353 
114 0.282101 
114.05 0.280669 
114.1 0.279238 
114.15 0.277807 
114.2 0.276378 
114.25 0.27495 
114.3 0.273517 
114.35 0.272087 
114.4 0.270659 
114.45 0.269228 
114.5 0.267798 
114.55 0.266367 
