0 -0.626691 
0.05 -0.62531 
0.1 -0.623932 
0.15 -0.622557 
0.2 -0.621184 
0.25 -0.619815 
0.3 -0.618449 
0.35 -0.617086 
0.4 -0.615725 
0.45 -0.614367 
0.5 -0.613012 
0.55 -0.611659 
0.6 -0.610308 
0.65 -0.608961 
0.7 -0.607616 
0.75 -0.606276 
0.8 -0.604935 
0.85 -0.603599 
0.9 -0.602263 
0.95 -0.600931 
1 -0.599602 
1.05 -0.598275 
1.1 -0.596948 
1.15 -0.595624 
1.2 -0.594303 
1.25 -0.592984 
1.3 -0.591668 
1.35 -0.590353 
1.4 -0.589039 
1.45 -0.587729 
1.5 -0.58642 
1.55 -0.585113 
1.6 -0.583809 
1.65 -0.582504 
1.7 -0.581203 
1.75 -0.579904 
1.8 -0.578606 
1.85 -0.577307 
1.9 -0.576013 
1.95 -0.574719 
2 -0.573427 
2.05 -0.572135 
2.1 -0.570845 
2.15 -0.569557 
2.2 -0.568268 
2.25 -0.566981 
2.3 -0.565697 
2.35 -0.564411 
2.4 -0.563127 
2.45 -0.561843 
2.5 -0.56056 
2.55 -0.559277 
2.6 -0.557996 
2.65 -0.556714 
2.7 -0.555433 
2.75 -0.554151 
2.8 -0.552869 
2.85 -0.551589 
2.9 -0.550306 
2.95 -0.549026 
3 -0.547743 
3.05 -0.54646 
3.1 -0.545175 
3.15 -0.543891 
3.2 -0.542605 
3.25 -0.541319 
3.3 -0.540031 
3.35 -0.538742 
3.4 -0.53745 
3.45 -0.536158 
3.5 -0.534865 
3.55 -0.533568 
3.6 -0.53227 
3.65 -0.530969 
3.7 -0.529665 
3.75 -0.52836 
3.8 -0.527051 
3.85 -0.525741 
3.9 -0.524425 
3.95 -0.523108 
4 -0.521787 
4.05 -0.520461 
4.1 -0.519133 
4.15 -0.517801 
4.2 -0.516464 
4.25 -0.515122 
4.3 -0.513776 
4.35 -0.512424 
4.4 -0.511068 
4.45 -0.509708 
4.5 -0.508342 
4.55 -0.506969 
4.6 -0.505593 
4.65 -0.504208 
4.7 -0.502819 
4.75 -0.501422 
4.8 -0.50002 
4.85 -0.498608 
4.9 -0.497192 
4.95 -0.495767 
5 -0.494336 
5.05 -0.492896 
5.1 -0.491448 
5.15 -0.489993 
5.2 -0.488529 
5.25 -0.487056 
5.3 -0.485574 
5.35 -0.484082 
5.4 -0.482582 
5.45 -0.481073 
5.5 -0.479553 
5.55 -0.478024 
5.6 -0.476484 
5.65 -0.474932 
5.7 -0.473372 
5.75 -0.4718 
5.8 -0.470215 
5.85 -0.468619 
5.9 -0.467013 
5.95 -0.465393 
6 -0.463762 
6.05 -0.462117 
6.1 -0.46046 
6.15 -0.458789 
6.2 -0.457106 
6.25 -0.455409 
6.3 -0.453697 
6.35 -0.451973 
6.4 -0.450232 
6.45 -0.448478 
6.5 -0.446708 
6.55 -0.444922 
6.6 -0.443124 
6.65 -0.441308 
6.7 -0.439475 
6.75 -0.437626 
6.8 -0.435762 
6.85 -0.433879 
6.9 -0.431979 
6.95 -0.430063 
7 -0.42813 
7.05 -0.426176 
7.1 -0.424206 
7.15 -0.422217 
7.2 -0.420208 
7.25 -0.41818 
7.3 -0.416133 
7.35 -0.414065 
7.4 -0.411979 
7.45 -0.409872 
7.5 -0.407744 
7.55 -0.405594 
7.6 -0.403425 
7.65 -0.401232 
7.7 -0.399018 
7.75 -0.396782 
7.8 -0.394524 
7.85 -0.392244 
7.9 -0.389938 
7.95 -0.38761 
8 -0.385258 
8.05 -0.382883 
8.1 -0.380483 
8.15 -0.378057 
8.2 -0.375609 
8.25 -0.373134 
8.3 -0.370633 
8.35 -0.368105 
8.4 -0.365553 
8.45 -0.362973 
8.5 -0.360366 
8.55 -0.357733 
8.6 -0.355073 
8.65 -0.352382 
8.7 -0.349666 
8.75 -0.346919 
8.8 -0.344146 
8.85 -0.341341 
8.9 -0.338507 
8.95 -0.335643 
9 -0.33275 
9.05 -0.329825 
9.1 -0.32687 
9.15 -0.323883 
9.2 -0.320866 
9.25 -0.317816 
9.3 -0.314734 
9.35 -0.311619 
9.4 -0.30847 
9.45 -0.305289 
9.5 -0.302074 
9.55 -0.298825 
9.6 -0.295543 
9.65 -0.292224 
9.7 -0.288871 
9.75 -0.285483 
9.8 -0.282058 
9.85 -0.278598 
9.9 -0.275102 
9.95 -0.271567 
10 -0.267997 
10.05 -0.264388 
10.1 -0.260742 
10.15 -0.257057 
10.2 -0.253334 
10.25 -0.249571 
10.3 -0.24577 
10.35 -0.241928 
10.4 -0.238047 
10.45 -0.234124 
10.5 -0.230162 
10.55 -0.226158 
10.6 -0.222112 
10.65 -0.218024 
10.7 -0.213894 
10.75 -0.209722 
10.8 -0.205506 
10.85 -0.201247 
10.9 -0.196944 
10.95 -0.192597 
11 -0.188205 
11.05 -0.183768 
11.1 -0.179286 
11.15 -0.174759 
11.2 -0.170185 
11.25 -0.165565 
11.3 -0.160897 
11.35 -0.156183 
11.4 -0.151422 
11.45 -0.146611 
11.5 -0.141753 
11.55 -0.136846 
11.6 -0.13189 
11.65 -0.126884 
11.7 -0.121829 
11.75 -0.116723 
11.8 -0.111567 
11.85 -0.106358 
11.9 -0.1011 
11.95 -0.0957896 
12 -0.0904262 
12.05 -0.0850106 
12.1 -0.0795413 
12.15 -0.0740195 
12.2 -0.0684442 
12.25 -0.0628142 
12.3 -0.0571292 
12.35 -0.0513912 
12.4 -0.0455958 
12.45 -0.0397459 
12.5 -0.0338386 
12.55 -0.0278765 
12.6 -0.0218555 
12.65 -0.0157786 
12.7 -0.00964484 
12.75 -0.00345237 
12.8 0.00279878 
12.85 0.00910906 
12.9 0.0154775 
12.95 0.0219063 
13 0.0283951 
13.05 0.0349446 
13.1 0.0415543 
13.15 0.0482249 
13.2 0.0549571 
13.25 0.0617513 
13.3 0.0686074 
13.35 0.0755267 
13.4 0.082508 
13.45 0.0895541 
13.5 0.0966635 
13.55 0.103837 
13.6 0.111075 
13.65 0.118378 
13.7 0.125747 
13.75 0.13318 
13.8 0.140681 
13.85 0.148247 
13.9 0.155881 
13.95 0.163581 
14 0.171349 
14.05 0.179185 
14.1 0.18709 
14.15 0.195063 
14.2 0.203106 
14.25 0.211217 
14.3 0.219399 
14.35 0.22765 
14.4 0.235972 
14.45 0.244365 
14.5 0.25283 
14.55 0.261366 
14.6 0.269974 
14.65 0.278654 
14.7 0.287407 
14.75 0.296234 
14.8 0.305133 
14.85 0.314106 
14.9 0.323154 
14.95 0.332276 
15 0.341473 
15.05 0.350745 
15.1 0.360092 
15.15 0.369516 
15.2 0.379015 
15.25 0.388592 
15.3 0.398245 
15.35 0.407975 
15.4 0.417783 
15.45 0.427668 
15.5 0.437632 
15.55 0.447675 
15.6 0.457797 
15.65 0.467996 
15.7 0.478277 
15.75 0.488637 
15.8 0.499077 
15.85 0.509597 
15.9 0.520199 
15.95 0.530881 
16 0.541645 
16.05 0.552491 
16.1 0.563418 
16.15 0.574427 
16.2 0.58552 
16.25 0.596696 
16.3 0.607955 
16.35 0.619297 
16.4 0.630722 
16.45 0.642232 
16.5 0.653826 
16.55 0.665505 
16.6 0.677268 
16.65 0.689117 
16.7 0.701052 
16.75 0.713072 
16.8 0.725178 
16.85 0.737369 
16.9 0.749649 
16.95 0.762015 
17 0.774468 
17.05 0.787007 
17.1 0.799634 
17.15 0.812349 
17.2 0.825152 
17.25 0.838044 
17.3 0.851023 
17.35 0.864091 
17.4 0.877248 
17.45 0.890494 
17.5 0.903829 
17.55 0.917255 
17.6 0.93077 
17.65 0.944374 
17.7 0.958069 
17.75 0.971854 
17.8 0.985731 
17.85 0.999697 
17.9 1.01376 
17.95 1.0279 
18 1.04214 
18.05 1.05647 
18.1 1.0709 
18.15 1.08541 
18.2 1.10002 
18.25 1.11472 
18.3 1.12951 
18.35 1.14439 
18.4 1.15937 
18.45 1.17444 
18.5 1.1896 
18.55 1.20485 
18.6 1.2202 
18.65 1.23564 
18.7 1.25118 
18.75 1.2668 
18.8 1.28253 
18.85 1.29834 
18.9 1.31425 
18.95 1.33025 
19 1.34635 
19.05 1.36254 
19.1 1.37882 
19.15 1.3952 
19.2 1.41168 
19.25 1.42824 
19.3 1.44491 
19.35 1.46166 
19.4 1.47851 
19.45 1.49546 
19.5 1.5125 
19.55 1.52963 
19.6 1.54686 
19.65 1.56419 
19.7 1.5816 
19.75 1.59912 
19.8 1.61673 
19.85 1.63443 
19.9 1.65222 
19.95 1.67012 
20 1.6881 
20.05 1.70618 
20.1 1.72436 
20.15 1.74263 
20.2 1.761 
20.25 1.77945 
20.3 1.79801 
20.35 1.81666 
20.4 1.8354 
20.45 1.85424 
20.5 1.87317 
20.55 1.89219 
20.6 1.91131 
20.65 1.93053 
20.7 1.94983 
20.75 1.96924 
20.8 1.98873 
20.85 2.00832 
20.9 2.028 
20.95 2.04778 
21 2.06765 
21.05 2.08761 
21.1 2.10766 
21.15 2.12781 
21.2 2.14805 
21.25 2.16838 
21.3 2.18881 
21.35 2.20932 
21.4 2.22993 
21.45 2.25063 
21.5 2.27143 
21.55 2.29231 
21.6 2.31328 
21.65 2.33435 
21.7 2.3555 
21.75 2.37675 
21.8 2.39809 
21.85 2.41951 
21.9 2.44103 
21.95 2.46264 
22 2.48433 
22.05 2.50611 
22.1 2.52799 
22.15 2.54995 
22.2 2.572 
22.25 2.59414 
22.3 2.61637 
22.35 2.63868 
22.4 2.66108 
22.45 2.68357 
22.5 2.70614 
22.55 2.7288 
22.6 2.75154 
22.65 2.77437 
22.7 2.79728 
22.75 2.82028 
22.8 2.84337 
22.85 2.86653 
22.9 2.88978 
22.95 2.91312 
23 2.93653 
23.05 2.96003 
23.1 2.98362 
23.15 3.00728 
23.2 3.03102 
23.25 3.05485 
23.3 3.07875 
23.35 3.10273 
23.4 3.1268 
23.45 3.15094 
23.5 3.17516 
23.55 3.19946 
23.6 3.22384 
23.65 3.24829 
23.7 3.27282 
23.75 3.29742 
23.8 3.32211 
23.85 3.34686 
23.9 3.37169 
23.95 3.3966 
24 3.42158 
24.05 3.44663 
24.1 3.47175 
24.15 3.49694 
24.2 3.52221 
24.25 3.54755 
24.3 3.57296 
24.35 3.59844 
24.4 3.62398 
24.45 3.6496 
24.5 3.67528 
24.55 3.70103 
24.6 3.72684 
24.65 3.75273 
24.7 3.77867 
24.75 3.80469 
24.8 3.83076 
24.85 3.8569 
24.9 3.88311 
24.95 3.90937 
25 3.93569 
25.05 3.96209 
25.1 3.98853 
25.15 4.01503 
25.2 4.04161 
25.25 4.06822 
25.3 4.09491 
25.35 4.12165 
25.4 4.14843 
25.45 4.17528 
25.5 4.20219 
25.55 4.22915 
25.6 4.25616 
25.65 4.28322 
25.7 4.31033 
25.75 4.33749 
25.8 4.36471 
25.85 4.39197 
25.9 4.41929 
25.95 4.44664 
26 4.47405 
26.05 4.50151 
26.1 4.529 
26.15 4.55654 
26.2 4.58413 
26.25 4.61176 
26.3 4.63943 
26.35 4.66715 
26.4 4.6949 
26.45 4.72268 
26.5 4.75052 
26.55 4.77838 
26.6 4.80629 
26.65 4.83423 
26.7 4.86221 
26.75 4.89022 
26.8 4.91826 
26.85 4.94633 
26.9 4.97444 
26.95 5.00258 
27 5.03075 
27.05 5.05895 
27.1 5.08717 
27.15 5.11542 
27.2 5.14371 
27.25 5.17201 
27.3 5.20034 
27.35 5.22868 
27.4 5.25706 
27.45 5.28545 
27.5 5.31387 
27.55 5.3423 
27.6 5.37076 
27.65 5.39923 
27.7 5.42771 
27.75 5.45621 
27.8 5.48474 
27.85 5.51326 
27.9 5.54181 
27.95 5.57037 
28 5.59893 
28.05 5.62751 
28.1 5.65609 
28.15 5.68468 
28.2 5.71328 
28.25 5.74188 
28.3 5.77049 
28.35 5.7991 
28.4 5.82772 
28.45 5.85633 
28.5 5.88495 
28.55 5.91356 
28.6 5.94218 
28.65 5.97079 
28.7 5.9994 
28.75 6.028 
28.8 6.05659 
28.85 6.08518 
28.9 6.11376 
28.95 6.14233 
29 6.17089 
29.05 6.19944 
29.1 6.22798 
29.15 6.2565 
29.2 6.28501 
29.25 6.3135 
29.3 6.34198 
29.35 6.37044 
29.4 6.39887 
29.45 6.42729 
29.5 6.45568 
29.55 6.48407 
29.6 6.51241 
29.65 6.54074 
29.7 6.56905 
29.75 6.59731 
29.8 6.62556 
29.85 6.65378 
29.9 6.68196 
29.95 6.71011 
30 6.73824 
30.05 6.76633 
30.1 6.79438 
30.15 6.8224 
30.2 6.85038 
30.25 6.87832 
30.3 6.90622 
30.35 6.93409 
30.4 6.96191 
30.45 6.98969 
30.5 7.01743 
30.55 7.04511 
30.6 7.07275 
30.65 7.10035 
30.7 7.1279 
30.75 7.15539 
30.8 7.18284 
30.85 7.21023 
30.9 7.23758 
30.95 7.26486 
31 7.29209 
31.05 7.31927 
31.1 7.34638 
31.15 7.37344 
31.2 7.40044 
31.25 7.42738 
31.3 7.45425 
31.35 7.48106 
31.4 7.50782 
31.45 7.53449 
31.5 7.56109 
31.55 7.58764 
31.6 7.61412 
31.65 7.64053 
31.7 7.66687 
31.75 7.69312 
31.8 7.71931 
31.85 7.74542 
31.9 7.77146 
31.95 7.79742 
32 7.82331 
32.05 7.84911 
32.1 7.87482 
32.15 7.90045 
32.2 7.926 
32.25 7.95148 
32.3 7.97686 
32.35 8.00217 
32.4 8.02738 
32.45 8.0525 
32.5 8.07752 
32.55 8.10247 
32.6 8.12733 
32.65 8.1521 
32.7 8.17674 
32.75 8.20131 
32.8 8.22578 
32.85 8.25016 
32.9 8.27443 
32.95 8.2986 
33 8.32268 
33.05 8.34665 
33.1 8.37051 
33.15 8.39427 
33.2 8.41793 
33.25 8.4415 
33.3 8.46493 
33.35 8.48827 
33.4 8.5115 
33.45 8.53461 
33.5 8.55761 
33.55 8.58051 
33.6 8.60327 
33.65 8.62594 
33.7 8.64849 
33.75 8.67092 
33.8 8.69323 
33.85 8.71542 
33.9 8.73749 
33.95 8.75944 
34 8.78127 
34.05 8.80297 
34.1 8.82454 
34.15 8.846 
34.2 8.86733 
34.25 8.88852 
34.3 8.9096 
34.35 8.93056 
34.4 8.95136 
34.45 8.97205 
34.5 8.9926 
34.55 9.01301 
34.6 9.03329 
34.65 9.05344 
34.7 9.07346 
34.75 9.09332 
34.8 9.11306 
34.85 9.13265 
34.9 9.15211 
34.95 9.17143 
35 9.19059 
35.05 9.20963 
35.1 9.22852 
35.15 9.24725 
35.2 9.26586 
35.25 9.28431 
35.3 9.30261 
35.35 9.32075 
35.4 9.33877 
35.45 9.35663 
35.5 9.37435 
35.55 9.3919 
35.6 9.4093 
35.65 9.42654 
35.7 9.44363 
35.75 9.46058 
35.8 9.47737 
35.85 9.49399 
35.9 9.51045 
35.95 9.52676 
36 9.54292 
36.05 9.55892 
36.1 9.57474 
36.15 9.59041 
36.2 9.60593 
36.25 9.62128 
36.3 9.63646 
36.35 9.65147 
36.4 9.66632 
36.45 9.68101 
36.5 9.69553 
36.55 9.70987 
36.6 9.72407 
36.65 9.73808 
36.7 9.75193 
36.75 9.76561 
36.8 9.77911 
36.85 9.79245 
36.9 9.80561 
36.95 9.8186 
37 9.83144 
37.05 9.84406 
37.1 9.85653 
37.15 9.86882 
37.2 9.88094 
37.25 9.89288 
37.3 9.90465 
37.35 9.91621 
37.4 9.92763 
37.45 9.93886 
37.5 9.94991 
37.55 9.96078 
37.6 9.97147 
37.65 9.98198 
37.7 9.99231 
37.75 10.0025 
37.8 10.0124 
37.85 10.0222 
37.9 10.0318 
37.95 10.0412 
38 10.0504 
38.05 10.0595 
38.1 10.0683 
38.15 10.077 
38.2 10.0855 
38.25 10.0938 
38.3 10.1019 
38.35 10.1098 
38.4 10.1175 
38.45 10.1251 
38.5 10.1325 
38.55 10.1396 
38.6 10.1466 
38.65 10.1534 
38.7 10.16 
38.75 10.1664 
38.8 10.1726 
38.85 10.1787 
38.9 10.1845 
38.95 10.1901 
39 10.1956 
39.05 10.2008 
39.1 10.2059 
39.15 10.2108 
39.2 10.2155 
39.25 10.2199 
39.3 10.2242 
39.35 10.2284 
39.4 10.2323 
39.45 10.236 
39.5 10.2395 
39.55 10.2428 
39.6 10.2459 
39.65 10.2489 
39.7 10.2516 
39.75 10.2541 
39.8 10.2565 
39.85 10.2586 
39.9 10.2606 
39.95 10.2624 
40 10.2639 
40.05 10.2653 
40.1 10.2665 
40.15 10.2675 
40.2 10.2682 
40.25 10.2688 
40.3 10.2692 
40.35 10.2694 
40.4 10.2694 
40.45 10.2692 
40.5 10.2688 
40.55 10.2682 
40.6 10.2674 
40.65 10.2664 
40.7 10.2652 
40.75 10.2639 
40.8 10.2623 
40.85 10.2605 
40.9 10.2585 
40.95 10.2564 
41 10.254 
41.05 10.2515 
41.1 10.2487 
41.15 10.2458 
41.2 10.2426 
41.25 10.2393 
41.3 10.2357 
41.35 10.232 
41.4 10.2281 
41.45 10.224 
41.5 10.2197 
41.55 10.2151 
41.6 10.2104 
41.65 10.2055 
41.7 10.2004 
41.75 10.1952 
41.8 10.1897 
41.85 10.184 
41.9 10.1781 
41.95 10.1721 
42 10.1659 
42.05 10.1594 
42.1 10.1528 
42.15 10.1459 
42.2 10.1389 
42.25 10.1317 
42.3 10.1243 
42.35 10.1167 
42.4 10.109 
42.45 10.101 
42.5 10.0928 
42.55 10.0845 
42.6 10.076 
42.65 10.0672 
42.7 10.0583 
42.75 10.0492 
42.8 10.04 
42.85 10.0305 
42.9 10.0208 
42.95 10.011 
43 10.001 
43.05 9.99075 
43.1 9.98036 
43.15 9.96979 
43.2 9.95901 
43.25 9.94806 
43.3 9.93694 
43.35 9.92562 
43.4 9.91414 
43.45 9.90247 
43.5 9.89061 
43.55 9.87857 
43.6 9.86636 
43.65 9.85398 
43.7 9.8414 
43.75 9.82867 
43.8 9.81573 
43.85 9.80263 
43.9 9.78935 
43.95 9.77592 
44 9.76228 
44.05 9.74847 
44.1 9.73449 
44.15 9.72036 
44.2 9.70603 
44.25 9.69155 
44.3 9.67688 
44.35 9.66204 
44.4 9.64704 
44.45 9.63187 
44.5 9.61652 
44.55 9.60102 
44.6 9.58534 
44.65 9.5695 
44.7 9.5535 
44.75 9.53733 
44.8 9.521 
44.85 9.50449 
44.9 9.48781 
44.95 9.471 
45 9.45401 
45.05 9.43686 
45.1 9.41954 
45.15 9.40208 
45.2 9.38445 
45.25 9.36666 
45.3 9.34874 
45.35 9.33064 
45.4 9.31239 
45.45 9.29399 
45.5 9.27542 
45.55 9.2567 
45.6 9.23784 
45.65 9.21882 
45.7 9.19965 
45.75 9.18032 
45.8 9.16086 
45.85 9.14125 
45.9 9.12148 
45.95 9.10157 
46 9.08151 
46.05 9.06133 
46.1 9.04098 
46.15 9.02049 
46.2 8.99987 
46.25 8.97909 
46.3 8.95818 
46.35 8.93712 
46.4 8.91593 
46.45 8.89461 
46.5 8.87314 
46.55 8.85153 
46.6 8.8298 
46.65 8.80793 
46.7 8.78594 
46.75 8.7638 
46.8 8.74153 
46.85 8.71913 
46.9 8.69661 
46.95 8.67394 
47 8.65116 
47.05 8.62825 
47.1 8.6052 
47.15 8.58203 
47.2 8.55875 
47.25 8.53534 
47.3 8.5118 
47.35 8.48816 
47.4 8.46438 
47.45 8.44049 
47.5 8.41648 
47.55 8.39234 
47.6 8.36809 
47.65 8.34372 
47.7 8.31925 
47.75 8.29467 
47.8 8.26995 
47.85 8.24514 
47.9 8.22021 
47.95 8.19518 
48 8.17004 
48.05 8.14479 
48.1 8.11943 
48.15 8.09397 
48.2 8.0684 
48.25 8.04271 
48.3 8.01695 
48.35 7.99106 
48.4 7.96508 
48.45 7.939 
48.5 7.91282 
48.55 7.88655 
48.6 7.86019 
48.65 7.83372 
48.7 7.80716 
48.75 7.78051 
48.8 7.75376 
48.85 7.72692 
48.9 7.7 
48.95 7.67297 
49 7.64586 
49.05 7.61866 
49.1 7.59138 
49.15 7.56402 
49.2 7.53656 
49.25 7.50903 
49.3 7.48142 
49.35 7.45372 
49.4 7.42594 
49.45 7.39808 
49.5 7.37014 
49.55 7.34213 
49.6 7.31404 
49.65 7.28587 
49.7 7.25764 
49.75 7.22932 
49.8 7.20094 
49.85 7.17249 
49.9 7.14396 
49.95 7.11536 
50 7.0867 
50.05 7.05797 
50.1 7.02918 
50.15 7.00032 
50.2 6.9714 
50.25 6.94241 
50.3 6.91336 
50.35 6.88426 
50.4 6.85508 
50.45 6.82586 
50.5 6.79658 
50.55 6.76723 
50.6 6.73784 
50.65 6.70839 
50.7 6.67889 
50.75 6.64933 
50.8 6.61972 
50.85 6.59007 
50.9 6.56036 
50.95 6.5306 
51 6.50079 
51.05 6.47094 
51.1 6.44105 
51.15 6.41111 
51.2 6.38113 
51.25 6.3511 
51.3 6.32105 
51.35 6.29093 
51.4 6.26079 
51.45 6.2306 
51.5 6.20039 
51.55 6.17013 
51.6 6.13984 
51.65 6.10951 
51.7 6.07915 
51.75 6.04876 
51.8 6.01834 
51.85 5.98788 
51.9 5.9574 
51.95 5.92689 
52 5.89635 
52.05 5.86579 
52.1 5.8352 
52.15 5.8046 
52.2 5.77395 
52.25 5.74329 
52.3 5.71261 
52.35 5.68191 
52.4 5.65119 
52.45 5.62045 
52.5 5.5897 
52.55 5.55892 
52.6 5.52814 
52.65 5.49733 
52.7 5.46651 
52.75 5.43568 
52.8 5.40484 
52.85 5.374 
52.9 5.34313 
52.95 5.31225 
53 5.28138 
53.05 5.25049 
53.1 5.2196 
53.15 5.1887 
53.2 5.1578 
53.25 5.12689 
53.3 5.09598 
53.35 5.06507 
53.4 5.03416 
53.45 5.00326 
53.5 4.97235 
53.55 4.94144 
53.6 4.91053 
53.65 4.87964 
53.7 4.84874 
53.75 4.81785 
53.8 4.78697 
53.85 4.75609 
53.9 4.72523 
53.95 4.69437 
54 4.66352 
54.05 4.63268 
54.1 4.60185 
54.15 4.57104 
54.2 4.54024 
54.25 4.50945 
54.3 4.47868 
54.35 4.44792 
54.4 4.41719 
54.45 4.38647 
54.5 4.35577 
54.55 4.32508 
54.6 4.29441 
54.65 4.26377 
54.7 4.23315 
54.75 4.20255 
54.8 4.17198 
54.85 4.14143 
54.9 4.1109 
54.95 4.0804 
55 4.04992 
55.05 4.01948 
55.1 3.98905 
55.15 3.95866 
55.2 3.9283 
55.25 3.89797 
55.3 3.86767 
55.35 3.8374 
55.4 3.80717 
55.45 3.77697 
55.5 3.7468 
55.55 3.71667 
55.6 3.68657 
55.65 3.6565 
55.7 3.62648 
55.75 3.59649 
55.8 3.56655 
55.85 3.53663 
55.9 3.50677 
55.95 3.47693 
56 3.44714 
56.05 3.4174 
56.1 3.38769 
56.15 3.35803 
56.2 3.32841 
56.25 3.29884 
56.3 3.26932 
56.35 3.23984 
56.4 3.2104 
56.45 3.18101 
56.5 3.15167 
56.55 3.12238 
56.6 3.09314 
56.65 3.06394 
56.7 3.0348 
56.75 3.00571 
56.8 2.97667 
56.85 2.94769 
56.9 2.91876 
56.95 2.88988 
57 2.86104 
57.05 2.83227 
57.1 2.80356 
57.15 2.7749 
57.2 2.74629 
57.25 2.71775 
57.3 2.68926 
57.35 2.66083 
57.4 2.63245 
57.45 2.60414 
57.5 2.57589 
57.55 2.54769 
57.6 2.51956 
57.65 2.49149 
57.7 2.46348 
57.75 2.43553 
57.8 2.40765 
57.85 2.37983 
57.9 2.35207 
57.95 2.32438 
58 2.29676 
58.05 2.2692 
58.1 2.2417 
58.15 2.21427 
58.2 2.18691 
58.25 2.15962 
58.3 2.13239 
58.35 2.10523 
58.4 2.07815 
58.45 2.05113 
58.5 2.02418 
58.55 1.9973 
58.6 1.97049 
58.65 1.94376 
58.7 1.91709 
58.75 1.89049 
58.8 1.86397 
58.85 1.83753 
58.9 1.81115 
58.95 1.78485 
59 1.75863 
59.05 1.73247 
59.1 1.7064 
59.15 1.68039 
59.2 1.65447 
59.25 1.62862 
59.3 1.60284 
59.35 1.57715 
59.4 1.55153 
59.45 1.52598 
59.5 1.50052 
59.55 1.47513 
59.6 1.44982 
59.65 1.42459 
59.7 1.39944 
59.75 1.37438 
59.8 1.34938 
59.85 1.32447 
59.9 1.29965 
59.95 1.27489 
60 1.25023 
60.05 1.22564 
60.1 1.20114 
60.15 1.17672 
60.2 1.15238 
60.25 1.12812 
60.3 1.10395 
60.35 1.07986 
60.4 1.05585 
60.45 1.03193 
60.5 1.00809 
60.55 0.984332 
60.6 0.960662 
60.65 0.937075 
60.7 0.913575 
60.75 0.890161 
60.8 0.866831 
60.85 0.843585 
60.9 0.820427 
60.95 0.797358 
61 0.774369 
61.05 0.751473 
61.1 0.728663 
61.15 0.705934 
61.2 0.683295 
61.25 0.660747 
61.3 0.638283 
61.35 0.61591 
61.4 0.593622 
61.45 0.571421 
61.5 0.549314 
61.55 0.527296 
61.6 0.505363 
61.65 0.483519 
61.7 0.461762 
61.75 0.440096 
61.8 0.418523 
61.85 0.397035 
61.9 0.375638 
61.95 0.354331 
62 0.333115 
62.05 0.311982 
62.1 0.290946 
62.15 0.270001 
62.2 0.249143 
62.25 0.228376 
62.3 0.207702 
62.35 0.187119 
62.4 0.166624 
62.45 0.146221 
62.5 0.125914 
62.55 0.105689 
62.6 0.0855596 
62.65 0.0655217 
62.7 0.0455733 
62.75 0.0257241 
62.8 0.0059618 
62.85 -0.0137132 
62.9 -0.033294 
62.95 -0.0527875 
63 -0.0721827 
63.05 -0.0914875 
63.1 -0.1107 
63.15 -0.129819 
63.2 -0.14885 
63.25 -0.167793 
63.3 -0.186634 
63.35 -0.205386 
63.4 -0.224047 
63.45 -0.242615 
63.5 -0.261094 
63.55 -0.279478 
63.6 -0.297775 
63.65 -0.315973 
63.7 -0.334081 
63.75 -0.352095 
63.8 -0.370021 
63.85 -0.387854 
63.9 -0.405596 
63.95 -0.423245 
64 -0.440791 
64.05 -0.458259 
64.1 -0.47563 
64.15 -0.492915 
64.2 -0.510099 
64.25 -0.527191 
64.3 -0.544195 
64.35 -0.561103 
64.4 -0.577927 
64.45 -0.59465 
64.5 -0.611286 
64.55 -0.627832 
64.6 -0.644281 
64.65 -0.66064 
64.7 -0.676908 
64.75 -0.693087 
64.8 -0.709166 
64.85 -0.725167 
64.9 -0.741073 
64.95 -0.756876 
65 -0.772602 
65.05 -0.788231 
65.1 -0.803767 
65.15 -0.819216 
65.2 -0.834575 
65.25 -0.849834 
65.3 -0.865011 
65.35 -0.880098 
65.4 -0.895087 
65.45 -0.90999 
65.5 -0.9248 
65.55 -0.939527 
65.6 -0.954154 
65.65 -0.968697 
65.7 -0.983149 
65.75 -0.997514 
65.8 -1.01178 
65.85 -1.02597 
65.9 -1.04006 
65.95 -1.05406 
66 -1.06798 
66.05 -1.08181 
66.1 -1.09554 
66.15 -1.10919 
66.2 -1.12274 
66.25 -1.13622 
66.3 -1.1496 
66.35 -1.1629 
66.4 -1.17611 
66.45 -1.18922 
66.5 -1.20226 
66.55 -1.2152 
66.6 -1.22806 
66.65 -1.24083 
66.7 -1.25351 
66.75 -1.2661 
66.8 -1.27861 
66.85 -1.29103 
66.9 -1.30336 
66.95 -1.31561 
67 -1.32777 
67.05 -1.33985 
67.1 -1.35184 
67.15 -1.36374 
67.2 -1.37556 
67.25 -1.3873 
67.3 -1.39894 
67.35 -1.41051 
67.4 -1.42199 
67.45 -1.43339 
67.5 -1.44469 
67.55 -1.45592 
67.6 -1.46706 
67.65 -1.47812 
67.7 -1.48909 
67.75 -1.49998 
67.8 -1.51079 
67.85 -1.52152 
67.9 -1.53216 
67.95 -1.54272 
68 -1.5532 
68.05 -1.56359 
68.1 -1.5739 
68.15 -1.58414 
68.2 -1.59429 
68.25 -1.60436 
68.3 -1.61434 
68.35 -1.62424 
68.4 -1.63407 
68.45 -1.64382 
68.5 -1.65348 
68.55 -1.66307 
68.6 -1.67258 
68.65 -1.682 
68.7 -1.69135 
68.75 -1.70062 
68.8 -1.70981 
68.85 -1.71891 
68.9 -1.72795 
68.95 -1.7369 
69 -1.74578 
69.05 -1.75457 
69.1 -1.76329 
69.15 -1.77193 
69.2 -1.7805 
69.25 -1.78899 
69.3 -1.7974 
69.35 -1.80574 
69.4 -1.814 
69.45 -1.82218 
69.5 -1.83029 
69.55 -1.83833 
69.6 -1.84628 
69.65 -1.85417 
69.7 -1.86198 
69.75 -1.86972 
69.8 -1.87737 
69.85 -1.88496 
69.9 -1.89248 
69.95 -1.89992 
70 -1.90729 
70.05 -1.91458 
70.1 -1.9218 
70.15 -1.92895 
70.2 -1.93603 
70.25 -1.94303 
70.3 -1.94997 
70.35 -1.95683 
70.4 -1.96362 
70.45 -1.97034 
70.5 -1.97699 
70.55 -1.98358 
70.6 -1.99008 
70.65 -1.99653 
70.7 -2.00289 
70.75 -2.00919 
70.8 -2.01544 
70.85 -2.0216 
70.9 -2.02769 
70.95 -2.03373 
71 -2.03968 
71.05 -2.04557 
71.1 -2.0514 
71.15 -2.05716 
71.2 -2.06285 
71.25 -2.06848 
71.3 -2.07403 
71.35 -2.07953 
71.4 -2.08495 
71.45 -2.09031 
71.5 -2.09561 
71.55 -2.10085 
71.6 -2.10601 
71.65 -2.11111 
71.7 -2.11615 
71.75 -2.12113 
71.8 -2.12604 
71.85 -2.13089 
71.9 -2.13568 
71.95 -2.1404 
72 -2.14506 
72.05 -2.14965 
72.1 -2.1542 
72.15 -2.15867 
72.2 -2.16308 
72.25 -2.16743 
72.3 -2.17172 
72.35 -2.17595 
72.4 -2.18012 
72.45 -2.18423 
72.5 -2.18829 
72.55 -2.19227 
72.6 -2.19621 
72.65 -2.20008 
72.7 -2.2039 
72.75 -2.20765 
72.8 -2.21135 
72.85 -2.21499 
72.9 -2.21857 
72.95 -2.2221 
73 -2.22558 
73.05 -2.22898 
73.1 -2.23234 
73.15 -2.23564 
73.2 -2.23887 
73.25 -2.24207 
73.3 -2.24519 
73.35 -2.24829 
73.4 -2.25131 
73.45 -2.25428 
73.5 -2.25719 
73.55 -2.26006 
73.6 -2.26286 
73.65 -2.26562 
73.7 -2.26831 
73.75 -2.27096 
73.8 -2.27355 
73.85 -2.2761 
73.9 -2.27859 
73.95 -2.28103 
74 -2.28341 
74.05 -2.28576 
74.1 -2.28804 
74.15 -2.29028 
74.2 -2.29246 
74.25 -2.2946 
74.3 -2.29669 
74.35 -2.29872 
74.4 -2.30071 
74.45 -2.30264 
74.5 -2.30453 
74.55 -2.30637 
74.6 -2.30817 
74.65 -2.30991 
74.7 -2.3116 
74.75 -2.31325 
74.8 -2.31486 
74.85 -2.31641 
74.9 -2.31792 
74.95 -2.31938 
75 -2.32081 
75.05 -2.32217 
75.1 -2.32349 
75.15 -2.32477 
75.2 -2.326 
75.25 -2.3272 
75.3 -2.32834 
75.35 -2.32945 
75.4 -2.3305 
75.45 -2.33152 
75.5 -2.33249 
75.55 -2.33341 
75.6 -2.3343 
75.65 -2.33514 
75.7 -2.33594 
75.75 -2.33669 
75.8 -2.3374 
75.85 -2.33808 
75.9 -2.33871 
75.95 -2.3393 
76 -2.33985 
76.05 -2.34036 
76.1 -2.34084 
76.15 -2.34127 
76.2 -2.34164 
76.25 -2.342 
76.3 -2.34231 
76.35 -2.34258 
76.4 -2.34281 
76.45 -2.34301 
76.5 -2.34316 
76.55 -2.34328 
76.6 -2.34336 
76.65 -2.3434 
76.7 -2.34341 
76.75 -2.34337 
76.8 -2.34331 
76.85 -2.3432 
76.9 -2.34306 
76.95 -2.34288 
77 -2.34267 
77.05 -2.34242 
77.1 -2.34214 
77.15 -2.34181 
77.2 -2.34146 
77.25 -2.34106 
77.3 -2.34064 
77.35 -2.34019 
77.4 -2.33969 
77.45 -2.33917 
77.5 -2.33861 
77.55 -2.33802 
77.6 -2.33739 
77.65 -2.33674 
77.7 -2.33605 
77.75 -2.33532 
77.8 -2.33457 
77.85 -2.33378 
77.9 -2.33297 
77.95 -2.33211 
78 -2.33123 
78.05 -2.33032 
78.1 -2.32938 
78.15 -2.32841 
78.2 -2.3274 
78.25 -2.32637 
78.3 -2.32531 
78.35 -2.32422 
78.4 -2.32309 
78.45 -2.32194 
78.5 -2.32077 
78.55 -2.31955 
78.6 -2.31832 
78.65 -2.31706 
78.7 -2.31577 
78.75 -2.31444 
78.8 -2.31309 
78.85 -2.31172 
78.9 -2.31032 
78.95 -2.30889 
79 -2.30743 
79.05 -2.30595 
79.1 -2.30444 
79.15 -2.3029 
79.2 -2.30135 
79.25 -2.29976 
79.3 -2.29814 
79.35 -2.29651 
79.4 -2.29485 
79.45 -2.29316 
79.5 -2.29145 
79.55 -2.28971 
79.6 -2.28795 
79.65 -2.28617 
79.7 -2.28436 
79.75 -2.28253 
79.8 -2.28068 
79.85 -2.2788 
79.9 -2.2769 
79.95 -2.27497 
80 -2.27303 
80.05 -2.27106 
80.1 -2.26907 
80.15 -2.26705 
80.2 -2.26501 
80.25 -2.26296 
80.3 -2.26089 
80.35 -2.25879 
80.4 -2.25666 
80.45 -2.25452 
80.5 -2.25235 
80.55 -2.25018 
80.6 -2.24797 
80.65 -2.24575 
80.7 -2.24351 
80.75 -2.24125 
80.8 -2.23896 
80.85 -2.23667 
80.9 -2.23434 
80.95 -2.23201 
81 -2.22965 
81.05 -2.22727 
81.1 -2.22487 
81.15 -2.22246 
81.2 -2.22003 
81.25 -2.21758 
81.3 -2.21511 
81.35 -2.21263 
81.4 -2.21012 
81.45 -2.2076 
81.5 -2.20507 
81.55 -2.20251 
81.6 -2.19994 
81.65 -2.19735 
81.7 -2.19475 
81.75 -2.19212 
81.8 -2.18949 
81.85 -2.18684 
81.9 -2.18418 
81.95 -2.18149 
82 -2.17879 
82.05 -2.17608 
82.1 -2.17335 
82.15 -2.17061 
82.2 -2.16785 
82.25 -2.16507 
82.3 -2.16228 
82.35 -2.15948 
82.4 -2.15666 
82.45 -2.15383 
82.5 -2.15099 
82.55 -2.14813 
82.6 -2.14526 
82.65 -2.14237 
82.7 -2.13948 
82.75 -2.13657 
82.8 -2.13364 
82.85 -2.1307 
82.9 -2.12775 
82.95 -2.12479 
83 -2.12182 
83.05 -2.11883 
83.1 -2.11583 
83.15 -2.11282 
83.2 -2.1098 
83.25 -2.10676 
83.3 -2.10372 
83.35 -2.10066 
83.4 -2.09759 
83.45 -2.09451 
83.5 -2.09142 
83.55 -2.08832 
83.6 -2.08521 
83.65 -2.08209 
83.7 -2.07895 
83.75 -2.07581 
83.8 -2.07266 
83.85 -2.06949 
83.9 -2.06632 
83.95 -2.06314 
84 -2.05995 
84.05 -2.05675 
84.1 -2.05353 
84.15 -2.05032 
84.2 -2.04708 
84.25 -2.04384 
84.3 -2.0406 
84.35 -2.03734 
84.4 -2.03408 
84.45 -2.0308 
84.5 -2.02752 
84.55 -2.02423 
84.6 -2.02093 
84.65 -2.01763 
84.7 -2.01432 
84.75 -2.01099 
84.8 -2.00767 
84.85 -2.00433 
84.9 -2.00099 
84.95 -1.99763 
85 -1.99428 
85.05 -1.99091 
85.1 -1.98754 
85.15 -1.98417 
85.2 -1.98078 
85.25 -1.97739 
85.3 -1.97399 
85.35 -1.97058 
85.4 -1.96717 
85.45 -1.96375 
85.5 -1.96033 
85.55 -1.9569 
85.6 -1.95346 
85.65 -1.95002 
85.7 -1.94658 
85.75 -1.94312 
85.8 -1.93967 
85.85 -1.93621 
85.9 -1.93274 
85.95 -1.92927 
86 -1.92579 
86.05 -1.92231 
86.1 -1.91882 
86.15 -1.91533 
86.2 -1.91184 
86.25 -1.90834 
86.3 -1.90483 
86.35 -1.90133 
86.4 -1.89781 
86.45 -1.8943 
86.5 -1.89077 
86.55 -1.88725 
86.6 -1.88372 
86.65 -1.88019 
86.7 -1.87666 
86.75 -1.87312 
86.8 -1.86958 
86.85 -1.86603 
86.9 -1.86248 
86.95 -1.85893 
87 -1.85538 
87.05 -1.85182 
87.1 -1.84826 
87.15 -1.8447 
87.2 -1.84114 
87.25 -1.83757 
87.3 -1.834 
87.35 -1.83043 
87.4 -1.82686 
87.45 -1.82328 
87.5 -1.81971 
87.55 -1.81612 
87.6 -1.81255 
87.65 -1.80896 
87.7 -1.80538 
87.75 -1.8018 
87.8 -1.79821 
87.85 -1.79463 
87.9 -1.79103 
87.95 -1.78745 
88 -1.78386 
88.05 -1.78026 
88.1 -1.77668 
88.15 -1.77308 
88.2 -1.76948 
88.25 -1.76589 
88.3 -1.7623 
88.35 -1.75871 
88.4 -1.75511 
88.45 -1.75152 
88.5 -1.74792 
88.55 -1.74433 
88.6 -1.74074 
88.65 -1.73714 
88.7 -1.73355 
88.75 -1.72996 
88.8 -1.72637 
88.85 -1.72277 
88.9 -1.71918 
88.95 -1.71558 
89 -1.712 
89.05 -1.70841 
89.1 -1.70482 
89.15 -1.70123 
89.2 -1.69764 
89.25 -1.69406 
89.3 -1.69048 
89.35 -1.68689 
89.4 -1.68331 
89.45 -1.67972 
89.5 -1.67615 
89.55 -1.67257 
89.6 -1.66899 
89.65 -1.66541 
89.7 -1.66184 
89.75 -1.65827 
89.8 -1.6547 
89.85 -1.65113 
89.9 -1.64756 
89.95 -1.644 
90 -1.64043 
90.05 -1.63686 
90.1 -1.63331 
90.15 -1.62974 
90.2 -1.62618 
90.25 -1.62263 
90.3 -1.61907 
90.35 -1.61551 
90.4 -1.61196 
90.45 -1.60841 
90.5 -1.60486 
90.55 -1.60132 
90.6 -1.59776 
90.65 -1.59422 
90.7 -1.59067 
90.75 -1.58713 
90.8 -1.58359 
90.85 -1.58005 
90.9 -1.57651 
90.95 -1.57297 
91 -1.56944 
91.05 -1.5659 
91.1 -1.56237 
91.15 -1.55883 
91.2 -1.5553 
91.25 -1.55177 
91.3 -1.54824 
91.35 -1.54471 
91.4 -1.54118 
91.45 -1.53765 
91.5 -1.53413 
91.55 -1.5306 
91.6 -1.52708 
91.65 -1.52355 
91.7 -1.52002 
91.75 -1.5165 
91.8 -1.51298 
91.85 -1.50945 
91.9 -1.50593 
91.95 -1.50241 
92 -1.49889 
92.05 -1.49536 
92.1 -1.49184 
92.15 -1.48832 
92.2 -1.4848 
92.25 -1.48128 
92.3 -1.47776 
92.35 -1.47424 
92.4 -1.47071 
92.45 -1.4672 
92.5 -1.46367 
92.55 -1.46015 
92.6 -1.45663 
92.65 -1.45311 
92.7 -1.44959 
92.75 -1.44607 
92.8 -1.44255 
92.85 -1.43903 
92.9 -1.4355 
92.95 -1.43199 
93 -1.42846 
93.05 -1.42494 
93.1 -1.42142 
93.15 -1.4179 
93.2 -1.41438 
93.25 -1.41085 
93.3 -1.40733 
93.35 -1.40381 
93.4 -1.40029 
93.45 -1.39676 
93.5 -1.39324 
93.55 -1.38972 
93.6 -1.3862 
93.65 -1.38268 
93.7 -1.37916 
93.75 -1.37564 
93.8 -1.37213 
93.85 -1.36861 
93.9 -1.36509 
93.95 -1.36156 
94 -1.35805 
94.05 -1.35454 
94.1 -1.35102 
94.15 -1.34751 
94.2 -1.34399 
94.25 -1.34048 
94.3 -1.33697 
94.35 -1.33346 
94.4 -1.32995 
94.45 -1.32645 
94.5 -1.32294 
94.55 -1.31944 
94.6 -1.31594 
94.65 -1.31244 
94.7 -1.30894 
94.75 -1.30544 
94.8 -1.30195 
94.85 -1.29846 
94.9 -1.29497 
94.95 -1.29149 
95 -1.288 
95.05 -1.28452 
95.1 -1.28105 
95.15 -1.27757 
95.2 -1.2741 
95.25 -1.27063 
95.3 -1.26717 
95.35 -1.2637 
95.4 -1.26025 
95.45 -1.2568 
95.5 -1.25335 
95.55 -1.2499 
95.6 -1.24646 
95.65 -1.24302 
95.7 -1.23959 
95.75 -1.23616 
95.8 -1.23274 
95.85 -1.22932 
95.9 -1.22591 
95.95 -1.2225 
96 -1.21909 
96.05 -1.2157 
96.1 -1.2123 
96.15 -1.20892 
96.2 -1.20553 
96.25 -1.20216 
96.3 -1.19879 
96.35 -1.19543 
96.4 -1.19207 
96.45 -1.18872 
96.5 -1.18538 
96.55 -1.18204 
96.6 -1.17871 
96.65 -1.17538 
96.7 -1.17207 
96.75 -1.16876 
96.8 -1.16546 
96.85 -1.16216 
96.9 -1.15888 
96.95 -1.15559 
97 -1.15232 
97.05 -1.14906 
97.1 -1.1458 
97.15 -1.14255 
97.2 -1.13931 
97.25 -1.13608 
97.3 -1.13286 
97.35 -1.12964 
97.4 -1.12644 
97.45 -1.12324 
97.5 -1.12005 
97.55 -1.11687 
97.6 -1.1137 
97.65 -1.11054 
97.7 -1.10738 
97.75 -1.10424 
97.8 -1.10111 
97.85 -1.09798 
97.9 -1.09486 
97.95 -1.09176 
98 -1.08866 
98.05 -1.08557 
98.1 -1.0825 
98.15 -1.07943 
98.2 -1.07637 
98.25 -1.07332 
98.3 -1.07028 
98.35 -1.06726 
98.4 -1.06424 
98.45 -1.06123 
98.5 -1.05823 
98.55 -1.05525 
98.6 -1.05227 
98.65 -1.0493 
98.7 -1.04635 
98.75 -1.0434 
98.8 -1.04047 
98.85 -1.03754 
98.9 -1.03463 
98.95 -1.03173 
99 -1.02883 
99.05 -1.02595 
99.1 -1.02308 
99.15 -1.02022 
99.2 -1.01737 
99.25 -1.01453 
99.3 -1.0117 
99.35 -1.00888 
99.4 -1.00607 
99.45 -1.00327 
99.5 -1.00049 
99.55 -0.997715 
99.6 -0.994949 
99.65 -0.992195 
99.7 -0.989452 
99.75 -0.986721 
99.8 -0.984 
99.85 -0.981289 
99.9 -0.978589 
99.95 -0.975901 
100 -0.973223 
100.05 -0.970557 
100.1 -0.967897 
100.15 -0.965253 
100.2 -0.96262 
100.25 -0.959995 
100.3 -0.957382 
100.35 -0.954777 
100.4 -0.952184 
100.45 -0.949601 
100.5 -0.94703 
100.55 -0.944469 
100.6 -0.941918 
100.65 -0.939379 
100.7 -0.936852 
100.75 -0.934332 
100.8 -0.931823 
100.85 -0.929326 
100.9 -0.926838 
100.95 -0.924362 
101 -0.921896 
101.05 -0.919441 
101.1 -0.916993 
101.15 -0.914557 
101.2 -0.912133 
101.25 -0.909717 
101.3 -0.907312 
101.35 -0.904916 
101.4 -0.902532 
101.45 -0.900155 
101.5 -0.897791 
101.55 -0.895432 
101.6 -0.893087 
101.65 -0.890754 
101.7 -0.888426 
101.75 -0.88611 
101.8 -0.883803 
101.85 -0.881506 
101.9 -0.879219 
101.95 -0.876942 
102 -0.874674 
102.05 -0.872414 
102.1 -0.870165 
102.15 -0.867923 
102.2 -0.865694 
102.25 -0.863472 
102.3 -0.86126 
102.35 -0.859057 
102.4 -0.856864 
102.45 -0.854678 
102.5 -0.852503 
102.55 -0.850339 
102.6 -0.848179 
102.65 -0.84603 
102.7 -0.84389 
102.75 -0.841759 
102.8 -0.839637 
102.85 -0.837524 
102.9 -0.835418 
102.95 -0.833321 
103 -0.831233 
103.05 -0.829155 
103.1 -0.827084 
103.15 -0.825022 
103.2 -0.822967 
103.25 -0.820921 
103.3 -0.818886 
103.35 -0.816854 
103.4 -0.814835 
103.45 -0.812821 
103.5 -0.810817 
103.55 -0.808819 
103.6 -0.80683 
103.65 -0.804849 
103.7 -0.802876 
103.75 -0.800911 
103.8 -0.798955 
103.85 -0.797005 
103.9 -0.795066 
103.95 -0.793129 
104 -0.791203 
104.05 -0.789283 
104.1 -0.787371 
104.15 -0.785469 
104.2 -0.783571 
104.25 -0.781683 
104.3 -0.779802 
104.35 -0.777926 
104.4 -0.776059 
104.45 -0.774199 
104.5 -0.772346 
104.55 -0.770501 
104.6 -0.768661 
104.65 -0.766829 
104.7 -0.765006 
104.75 -0.763188 
104.8 -0.761377 
104.85 -0.759574 
104.9 -0.757777 
104.95 -0.755986 
105 -0.754202 
105.05 -0.752427 
105.1 -0.750658 
105.15 -0.748896 
105.2 -0.74714 
105.25 -0.745389 
105.3 -0.743651 
105.35 -0.741914 
105.4 -0.740184 
105.45 -0.738463 
105.5 -0.736746 
105.55 -0.735037 
105.6 -0.733334 
105.65 -0.731637 
105.7 -0.729948 
105.75 -0.728263 
105.8 -0.726586 
105.85 -0.724914 
105.9 -0.723249 
105.95 -0.721587 
106 -0.719933 
106.05 -0.718283 
106.1 -0.71664 
106.15 -0.715003 
106.2 -0.713372 
106.25 -0.711746 
106.3 -0.710124 
106.35 -0.708508 
106.4 -0.706897 
106.45 -0.705291 
106.5 -0.703693 
106.55 -0.702099 
106.6 -0.700509 
106.65 -0.698925 
106.7 -0.697345 
106.75 -0.695771 
106.8 -0.694204 
106.85 -0.692638 
106.9 -0.691077 
106.95 -0.689524 
107 -0.687974 
107.05 -0.686429 
107.1 -0.684891 
107.15 -0.683354 
107.2 -0.681823 
107.25 -0.680298 
107.3 -0.678774 
107.35 -0.677258 
107.4 -0.675745 
107.45 -0.674235 
107.5 -0.672733 
107.55 -0.671233 
107.6 -0.669739 
107.65 -0.668248 
107.7 -0.666761 
107.75 -0.665278 
107.8 -0.663801 
107.85 -0.662327 
107.9 -0.660857 
107.95 -0.659391 
108 -0.657927 
108.05 -0.656471 
108.1 -0.655016 
108.15 -0.653565 
108.2 -0.65212 
108.25 -0.650677 
108.3 -0.649239 
108.35 -0.647803 
108.4 -0.646372 
108.45 -0.644943 
108.5 -0.64352 
108.55 -0.642098 
108.6 -0.64068 
108.65 -0.639267 
108.7 -0.637857 
108.75 -0.636451 
108.8 -0.635044 
108.85 -0.633646 
108.9 -0.63225 
108.95 -0.630854 
109 -0.629464 
109.05 -0.628077 
109.1 -0.626692 
