0 -1.44274 
0.05 -1.43933 
0.1 -1.43593 
0.15 -1.43253 
0.2 -1.42914 
0.25 -1.42576 
0.3 -1.42239 
0.35 -1.41903 
0.4 -1.41567 
0.45 -1.41232 
0.5 -1.40898 
0.55 -1.40564 
0.6 -1.40232 
0.65 -1.399 
0.7 -1.39569 
0.75 -1.39239 
0.8 -1.38909 
0.85 -1.3858 
0.9 -1.38252 
0.95 -1.37924 
1 -1.37598 
1.05 -1.37272 
1.1 -1.36947 
1.15 -1.36622 
1.2 -1.36298 
1.25 -1.35974 
1.3 -1.35652 
1.35 -1.3533 
1.4 -1.35009 
1.45 -1.34688 
1.5 -1.34369 
1.55 -1.3405 
1.6 -1.33731 
1.65 -1.33413 
1.7 -1.33096 
1.75 -1.32779 
1.8 -1.32463 
1.85 -1.32148 
1.9 -1.31833 
1.95 -1.3152 
2 -1.31206 
2.05 -1.30893 
2.1 -1.3058 
2.15 -1.30269 
2.2 -1.29958 
2.25 -1.29647 
2.3 -1.29338 
2.35 -1.29028 
2.4 -1.28719 
2.45 -1.2841 
2.5 -1.28103 
2.55 -1.27796 
2.6 -1.27489 
2.65 -1.27183 
2.7 -1.26876 
2.75 -1.26571 
2.8 -1.26266 
2.85 -1.25962 
2.9 -1.25658 
2.95 -1.25354 
3 -1.25052 
3.05 -1.24749 
3.1 -1.24447 
3.15 -1.24144 
3.2 -1.23843 
3.25 -1.23542 
3.3 -1.23242 
3.35 -1.22941 
3.4 -1.22641 
3.45 -1.22341 
3.5 -1.22042 
3.55 -1.21742 
3.6 -1.21443 
3.65 -1.21145 
3.7 -1.20846 
3.75 -1.20548 
3.8 -1.2025 
3.85 -1.19952 
3.9 -1.19655 
3.95 -1.19357 
4 -1.1906 
4.05 -1.18763 
4.1 -1.18465 
4.15 -1.18168 
4.2 -1.17871 
4.25 -1.17575 
4.3 -1.17277 
4.35 -1.16981 
4.4 -1.16684 
4.45 -1.16387 
4.5 -1.1609 
4.55 -1.15793 
4.6 -1.15495 
4.65 -1.15198 
4.7 -1.14901 
4.75 -1.14604 
4.8 -1.14306 
4.85 -1.14008 
4.9 -1.1371 
4.95 -1.13412 
5 -1.13113 
5.05 -1.12814 
5.1 -1.12515 
5.15 -1.12216 
5.2 -1.11916 
5.25 -1.11616 
5.3 -1.11315 
5.35 -1.11014 
5.4 -1.10713 
5.45 -1.10411 
5.5 -1.10108 
5.55 -1.09806 
5.6 -1.09502 
5.65 -1.09198 
5.7 -1.08894 
5.75 -1.08589 
5.8 -1.08283 
5.85 -1.07976 
5.9 -1.07669 
5.95 -1.07362 
6 -1.07053 
6.05 -1.06743 
6.1 -1.06433 
6.15 -1.06122 
6.2 -1.0581 
6.25 -1.05498 
6.3 -1.05184 
6.35 -1.04869 
6.4 -1.04554 
6.45 -1.04237 
6.5 -1.0392 
6.55 -1.03602 
6.6 -1.03282 
6.65 -1.02961 
6.7 -1.02639 
6.75 -1.02316 
6.8 -1.01992 
6.85 -1.01667 
6.9 -1.0134 
6.95 -1.01012 
7 -1.00683 
7.05 -1.00352 
7.1 -1.0002 
7.15 -0.996871 
7.2 -0.993521 
7.25 -0.990161 
7.3 -0.986781 
7.35 -0.983388 
7.4 -0.979981 
7.45 -0.976557 
7.5 -0.973114 
7.55 -0.96966 
7.6 -0.966187 
7.65 -0.962695 
7.7 -0.959183 
7.75 -0.955659 
7.8 -0.952112 
7.85 -0.948548 
7.9 -0.944966 
7.95 -0.941363 
8 -0.937742 
8.05 -0.9341 
8.1 -0.930442 
8.15 -0.926758 
8.2 -0.923053 
8.25 -0.919328 
8.3 -0.915583 
8.35 -0.911813 
8.4 -0.908021 
8.45 -0.904209 
8.5 -0.90037 
8.55 -0.896507 
8.6 -0.892623 
8.65 -0.888714 
8.7 -0.88478 
8.75 -0.880818 
8.8 -0.876835 
8.85 -0.872822 
8.9 -0.868784 
8.95 -0.864722 
9 -0.86063 
9.05 -0.856512 
9.1 -0.852364 
9.15 -0.848188 
9.2 -0.843987 
9.25 -0.83975 
9.3 -0.835489 
9.35 -0.831195 
9.4 -0.826873 
9.45 -0.82252 
9.5 -0.818132 
9.55 -0.813717 
9.6 -0.809269 
9.65 -0.804787 
9.7 -0.800272 
9.75 -0.795722 
9.8 -0.791141 
9.85 -0.786525 
9.9 -0.781875 
9.95 -0.777189 
10 -0.772467 
10.05 -0.767711 
10.1 -0.762916 
10.15 -0.758081 
10.2 -0.753214 
10.25 -0.748308 
10.3 -0.743361 
10.35 -0.738379 
10.4 -0.733355 
10.45 -0.728293 
10.5 -0.723188 
10.55 -0.718042 
10.6 -0.712857 
10.65 -0.70763 
10.7 -0.702363 
10.75 -0.697049 
10.8 -0.691694 
10.85 -0.686293 
10.9 -0.680848 
10.95 -0.675362 
11 -0.669826 
11.05 -0.664248 
11.1 -0.658625 
11.15 -0.652948 
11.2 -0.647229 
11.25 -0.641462 
11.3 -0.635647 
11.35 -0.629783 
11.4 -0.623868 
11.45 -0.617903 
11.5 -0.611891 
11.55 -0.605825 
11.6 -0.599707 
11.65 -0.593538 
11.7 -0.587316 
11.75 -0.581041 
11.8 -0.574713 
11.85 -0.568332 
11.9 -0.561893 
11.95 -0.5554 
12 -0.548852 
12.05 -0.542246 
12.1 -0.535585 
12.15 -0.528865 
12.2 -0.522085 
12.25 -0.515248 
12.3 -0.508353 
12.35 -0.501396 
12.4 -0.49438 
12.45 -0.4873 
12.5 -0.480161 
12.55 -0.472959 
12.6 -0.465696 
12.65 -0.458366 
12.7 -0.450973 
12.75 -0.443518 
12.8 -0.435995 
12.85 -0.428407 
12.9 -0.420755 
12.95 -0.413032 
13 -0.405244 
13.05 -0.397385 
13.1 -0.38946 
13.15 -0.381463 
13.2 -0.373397 
13.25 -0.365261 
13.3 -0.357053 
13.35 -0.348772 
13.4 -0.340419 
13.45 -0.331991 
13.5 -0.323493 
13.55 -0.314918 
13.6 -0.306268 
13.65 -0.297543 
13.7 -0.288739 
13.75 -0.279862 
13.8 -0.270904 
13.85 -0.261869 
13.9 -0.252754 
13.95 -0.24356 
14 -0.234285 
14.05 -0.224929 
14.1 -0.215492 
14.15 -0.205973 
14.2 -0.196369 
14.25 -0.186683 
14.3 -0.17691 
14.35 -0.167055 
14.4 -0.157112 
14.45 -0.147086 
14.5 -0.136971 
14.55 -0.126766 
14.6 -0.116475 
14.65 -0.106094 
14.7 -0.0956245 
14.75 -0.0850639 
14.8 -0.0744118 
14.85 -0.0636696 
14.9 -0.0528319 
14.95 -0.0419033 
15 -0.0308792 
15.05 -0.01976 
15.1 -0.00854712 
15.15 0.00276173 
15.2 0.0141664 
15.25 0.0256704 
15.3 0.0372718 
15.35 0.0489719 
15.4 0.0607737 
15.45 0.0726734 
15.5 0.0846746 
15.55 0.0967768 
15.6 0.108982 
15.65 0.12129 
15.7 0.133703 
15.75 0.146216 
15.8 0.158841 
15.85 0.171567 
15.9 0.1844 
15.95 0.197341 
16 0.210391 
16.05 0.223549 
16.1 0.236816 
16.15 0.250194 
16.2 0.263682 
16.25 0.277284 
16.3 0.290995 
16.35 0.304821 
16.4 0.31876 
16.45 0.332814 
16.5 0.346983 
16.55 0.361269 
16.6 0.375669 
16.65 0.390189 
16.7 0.404827 
16.75 0.419581 
16.8 0.434457 
16.85 0.449452 
16.9 0.46457 
16.95 0.479809 
17 0.495169 
17.05 0.510652 
17.1 0.526262 
17.15 0.541992 
17.2 0.55785 
17.25 0.573835 
17.3 0.589944 
17.35 0.606183 
17.4 0.62255 
17.45 0.639046 
17.5 0.655669 
17.55 0.672425 
17.6 0.689311 
17.65 0.706328 
17.7 0.723478 
17.75 0.740763 
17.8 0.758179 
17.85 0.775732 
17.9 0.793418 
17.95 0.811243 
18 0.829204 
18.05 0.847302 
18.1 0.865538 
18.15 0.883911 
18.2 0.902426 
18.25 0.921082 
18.3 0.939877 
18.35 0.958814 
18.4 0.977894 
18.45 0.997118 
18.5 1.01648 
18.55 1.03599 
18.6 1.05565 
18.65 1.07545 
18.7 1.0954 
18.75 1.1155 
18.8 1.13574 
18.85 1.15613 
18.9 1.17667 
18.95 1.19736 
19 1.21821 
19.05 1.2392 
19.1 1.26034 
19.15 1.28164 
19.2 1.30309 
19.25 1.3247 
19.3 1.34645 
19.35 1.36837 
19.4 1.39044 
19.45 1.41267 
19.5 1.43505 
19.55 1.45759 
19.6 1.48029 
19.65 1.50315 
19.7 1.52617 
19.75 1.54935 
19.8 1.57269 
19.85 1.59619 
19.9 1.61985 
19.95 1.64367 
20 1.66766 
20.05 1.69182 
20.1 1.71614 
20.15 1.74062 
20.2 1.76527 
20.25 1.79008 
20.3 1.81506 
20.35 1.84021 
20.4 1.86553 
20.45 1.89102 
20.5 1.91667 
20.55 1.9425 
20.6 1.96849 
20.65 1.99465 
20.7 2.02099 
20.75 2.0475 
20.8 2.07418 
20.85 2.10104 
20.9 2.12807 
20.95 2.15527 
21 2.18264 
21.05 2.2102 
21.1 2.23792 
21.15 2.26582 
21.2 2.2939 
21.25 2.32216 
21.3 2.35059 
21.35 2.37921 
21.4 2.408 
21.45 2.43697 
21.5 2.46611 
21.55 2.49544 
21.6 2.52495 
21.65 2.55464 
21.7 2.58451 
21.75 2.61456 
21.8 2.64479 
21.85 2.67521 
21.9 2.70581 
21.95 2.73659 
22 2.76755 
22.05 2.7987 
22.1 2.83003 
22.15 2.86155 
22.2 2.89326 
22.25 2.92514 
22.3 2.95721 
22.35 2.98947 
22.4 3.02192 
22.45 3.05455 
22.5 3.08737 
22.55 3.12038 
22.6 3.15357 
22.65 3.18695 
22.7 3.22052 
22.75 3.25428 
22.8 3.28822 
22.85 3.32236 
22.9 3.35668 
22.95 3.39119 
23 3.4259 
23.05 3.46079 
23.1 3.49587 
23.15 3.53115 
23.2 3.56661 
23.25 3.60226 
23.3 3.63811 
23.35 3.67414 
23.4 3.71037 
23.45 3.74678 
23.5 3.7834 
23.55 3.82019 
23.6 3.85719 
23.65 3.89437 
23.7 3.93175 
23.75 3.96931 
23.8 4.00707 
23.85 4.04502 
23.9 4.08316 
23.95 4.1215 
24 4.16003 
24.05 4.19874 
24.1 4.23765 
24.15 4.27675 
24.2 4.31605 
24.25 4.35554 
24.3 4.39522 
24.35 4.43509 
24.4 4.47516 
24.45 4.51541 
24.5 4.55586 
24.55 4.5965 
24.6 4.63733 
24.65 4.67835 
24.7 4.71956 
24.75 4.76097 
24.8 4.80256 
24.85 4.84435 
24.9 4.88633 
24.95 4.9285 
25 4.97086 
25.05 5.01341 
25.1 5.05615 
25.15 5.09908 
25.2 5.1422 
25.25 5.18551 
25.3 5.22901 
25.35 5.2727 
25.4 5.31658 
25.45 5.36063 
25.5 5.40489 
25.55 5.44933 
25.6 5.49396 
25.65 5.53877 
25.7 5.58378 
25.75 5.62896 
25.8 5.67434 
25.85 5.7199 
25.9 5.76564 
25.95 5.81157 
26 5.85768 
26.05 5.90398 
26.1 5.95046 
26.15 5.99712 
26.2 6.04397 
26.25 6.091 
26.3 6.13821 
26.35 6.1856 
26.4 6.23318 
26.45 6.28092 
26.5 6.32886 
26.55 6.37696 
26.6 6.42525 
26.65 6.47372 
26.7 6.52236 
26.75 6.57118 
26.8 6.62017 
26.85 6.66934 
26.9 6.71869 
26.95 6.7682 
27 6.81789 
27.05 6.86776 
27.1 6.91779 
27.15 6.96799 
27.2 7.01837 
27.25 7.06891 
27.3 7.11963 
27.35 7.1705 
27.4 7.22156 
27.45 7.27277 
27.5 7.32415 
27.55 7.3757 
27.6 7.4274 
27.65 7.47926 
27.7 7.53129 
27.75 7.58349 
27.8 7.63586 
27.85 7.68836 
27.9 7.74102 
27.95 7.79385 
28 7.84685 
28.05 7.89998 
28.1 7.95327 
28.15 8.00672 
28.2 8.06031 
28.25 8.11406 
28.3 8.16797 
28.35 8.22201 
28.4 8.27621 
28.45 8.33055 
28.5 8.38504 
28.55 8.43968 
28.6 8.49446 
28.65 8.54937 
28.7 8.60444 
28.75 8.65964 
28.8 8.71498 
28.85 8.77046 
28.9 8.82607 
28.95 8.88182 
29 8.9377 
29.05 8.99373 
29.1 9.04988 
29.15 9.10614 
29.2 9.16255 
29.25 9.21909 
29.3 9.27575 
29.35 9.33254 
29.4 9.38943 
29.45 9.44647 
29.5 9.50362 
29.55 9.5609 
29.6 9.61828 
29.65 9.67578 
29.7 9.73341 
29.75 9.79113 
29.8 9.84898 
29.85 9.90694 
29.9 9.965 
29.95 10.0232 
30 10.0814 
30.05 10.1398 
30.1 10.1983 
30.15 10.2569 
30.2 10.3156 
30.25 10.3744 
30.3 10.4333 
30.35 10.4922 
30.4 10.5513 
30.45 10.6105 
30.5 10.6697 
30.55 10.729 
30.6 10.7885 
30.65 10.848 
30.7 10.9076 
30.75 10.9673 
30.8 11.027 
30.85 11.0869 
30.9 11.1468 
30.95 11.2067 
31 11.2668 
31.05 11.3269 
31.1 11.3871 
31.15 11.4474 
31.2 11.5077 
31.25 11.5681 
31.3 11.6286 
31.35 11.6891 
31.4 11.7497 
31.45 11.8103 
31.5 11.871 
31.55 11.9317 
31.6 11.9925 
31.65 12.0534 
31.7 12.1142 
31.75 12.1752 
31.8 12.2361 
31.85 12.2972 
31.9 12.3582 
31.95 12.4193 
32 12.4804 
32.05 12.5416 
32.1 12.6028 
32.15 12.664 
32.2 12.7252 
32.25 12.7865 
32.3 12.8478 
32.35 12.9091 
32.4 12.9704 
32.45 13.0318 
32.5 13.0931 
32.55 13.1545 
32.6 13.2159 
32.65 13.2773 
32.7 13.3386 
32.75 13.4 
32.8 13.4614 
32.85 13.5228 
32.9 13.5842 
32.95 13.6456 
33 13.707 
33.05 13.7684 
33.1 13.8297 
33.15 13.8911 
33.2 13.9524 
33.25 14.0137 
33.3 14.075 
33.35 14.1363 
33.4 14.1975 
33.45 14.2587 
33.5 14.3199 
33.55 14.3811 
33.6 14.4422 
33.65 14.5033 
33.7 14.5643 
33.75 14.6253 
33.8 14.6863 
33.85 14.7472 
33.9 14.808 
33.95 14.8688 
34 14.9296 
34.05 14.9903 
34.1 15.051 
34.15 15.1115 
34.2 15.1721 
34.25 15.2325 
34.3 15.2929 
34.35 15.3532 
34.4 15.4135 
34.45 15.4736 
34.5 15.5337 
34.55 15.5937 
34.6 15.6537 
34.65 15.7136 
34.7 15.7733 
34.75 15.833 
34.8 15.8926 
34.85 15.9521 
34.9 16.0115 
34.95 16.0708 
35 16.1299 
35.05 16.1891 
35.1 16.248 
35.15 16.3069 
35.2 16.3657 
35.25 16.4243 
35.3 16.4829 
35.35 16.5413 
35.4 16.5996 
35.45 16.6578 
35.5 16.7159 
35.55 16.7738 
35.6 16.8316 
35.65 16.8892 
35.7 16.9468 
35.75 17.0041 
35.8 17.0614 
35.85 17.1185 
35.9 17.1755 
35.95 17.2323 
36 17.289 
36.05 17.3454 
36.1 17.4018 
36.15 17.458 
36.2 17.5141 
36.25 17.57 
36.3 17.6257 
36.35 17.6812 
36.4 17.7366 
36.45 17.7918 
36.5 17.8468 
36.55 17.9017 
36.6 17.9564 
36.65 18.0108 
36.7 18.0652 
36.75 18.1193 
36.8 18.1732 
36.85 18.227 
36.9 18.2805 
36.95 18.3339 
37 18.387 
37.05 18.44 
37.1 18.4927 
37.15 18.5453 
37.2 18.5977 
37.25 18.6497 
37.3 18.7017 
37.35 18.7534 
37.4 18.8049 
37.45 18.8561 
37.5 18.9071 
37.55 18.9579 
37.6 19.0085 
37.65 19.0589 
37.7 19.1091 
37.75 19.1589 
37.8 19.2086 
37.85 19.258 
37.9 19.3072 
37.95 19.3561 
38 19.4048 
38.05 19.4532 
38.1 19.5014 
38.15 19.5494 
38.2 19.597 
38.25 19.6445 
38.3 19.6916 
38.35 19.7385 
38.4 19.7852 
38.45 19.8316 
38.5 19.8776 
38.55 19.9235 
38.6 19.969 
38.65 20.0143 
38.7 20.0593 
38.75 20.104 
38.8 20.1485 
38.85 20.1926 
38.9 20.2365 
38.95 20.2801 
39 20.3234 
39.05 20.3664 
39.1 20.4091 
39.15 20.4515 
39.2 20.4937 
39.25 20.5355 
39.3 20.577 
39.35 20.6182 
39.4 20.6591 
39.45 20.6997 
39.5 20.74 
39.55 20.78 
39.6 20.8196 
39.65 20.859 
39.7 20.898 
39.75 20.9367 
39.8 20.975 
39.85 21.0131 
39.9 21.0508 
39.95 21.0882 
40 21.1253 
40.05 21.162 
40.1 21.1984 
40.15 21.2345 
40.2 21.2702 
40.25 21.3056 
40.3 21.3407 
40.35 21.3754 
40.4 21.4097 
40.45 21.4438 
40.5 21.4774 
40.55 21.5107 
40.6 21.5437 
40.65 21.5763 
40.7 21.6086 
40.75 21.6404 
40.8 21.672 
40.85 21.7032 
40.9 21.734 
40.95 21.7644 
41 21.7945 
41.05 21.8242 
41.1 21.8536 
41.15 21.8826 
41.2 21.9112 
41.25 21.9394 
41.3 21.9673 
41.35 21.9948 
41.4 22.0219 
41.45 22.0487 
41.5 22.075 
41.55 22.101 
41.6 22.1266 
41.65 22.1518 
41.7 22.1766 
41.75 22.201 
41.8 22.2251 
41.85 22.2487 
41.9 22.272 
41.95 22.2949 
42 22.3173 
42.05 22.3394 
42.1 22.3611 
42.15 22.3824 
42.2 22.4033 
42.25 22.4238 
42.3 22.4439 
42.35 22.4636 
42.4 22.4829 
42.45 22.5018 
42.5 22.5203 
42.55 22.5383 
42.6 22.556 
42.65 22.5732 
42.7 22.5901 
42.75 22.6065 
42.8 22.6226 
42.85 22.6382 
42.9 22.6534 
42.95 22.6682 
43 22.6826 
43.05 22.6965 
43.1 22.7101 
43.15 22.7232 
43.2 22.7359 
43.25 22.7482 
43.3 22.7601 
43.35 22.7716 
43.4 22.7826 
43.45 22.7932 
43.5 22.8034 
43.55 22.8131 
43.6 22.8225 
43.65 22.8314 
43.7 22.8399 
43.75 22.848 
43.8 22.8556 
43.85 22.8628 
43.9 22.8696 
43.95 22.8759 
44 22.8818 
44.05 22.8874 
44.1 22.8925 
44.15 22.8971 
44.2 22.9013 
44.25 22.9051 
44.3 22.9085 
44.35 22.9114 
44.4 22.9139 
44.45 22.916 
44.5 22.9176 
44.55 22.9188 
44.6 22.9195 
44.65 22.9199 
44.7 22.9198 
44.75 22.9192 
44.8 22.9183 
44.85 22.9169 
44.9 22.9151 
44.95 22.9128 
45 22.9101 
45.05 22.907 
45.1 22.9034 
45.15 22.8994 
45.2 22.895 
45.25 22.8901 
45.3 22.8848 
45.35 22.8791 
45.4 22.8729 
45.45 22.8663 
45.5 22.8593 
45.55 22.8519 
45.6 22.844 
45.65 22.8356 
45.7 22.8269 
45.75 22.8177 
45.8 22.8081 
45.85 22.7981 
45.9 22.7875 
45.95 22.7766 
46 22.7653 
46.05 22.7535 
46.1 22.7413 
46.15 22.7287 
46.2 22.7156 
46.25 22.7021 
46.3 22.6882 
46.35 22.6739 
46.4 22.6591 
46.45 22.6439 
46.5 22.6283 
46.55 22.6122 
46.6 22.5957 
46.65 22.5789 
46.7 22.5615 
46.75 22.5438 
46.8 22.5256 
46.85 22.5071 
46.9 22.4881 
46.95 22.4686 
47 22.4488 
47.05 22.4285 
47.1 22.4078 
47.15 22.3867 
47.2 22.3652 
47.25 22.3433 
47.3 22.321 
47.35 22.2982 
47.4 22.275 
47.45 22.2514 
47.5 22.2275 
47.55 22.203 
47.6 22.1782 
47.65 22.153 
47.7 22.1274 
47.75 22.1014 
47.8 22.0749 
47.85 22.0481 
47.9 22.0208 
47.95 21.9932 
48 21.9651 
48.05 21.9367 
48.1 21.9079 
48.15 21.8786 
48.2 21.849 
48.25 21.8189 
48.3 21.7885 
48.35 21.7577 
48.4 21.7265 
48.45 21.6949 
48.5 21.6629 
48.55 21.6305 
48.6 21.5978 
48.65 21.5646 
48.7 21.5311 
48.75 21.4972 
48.8 21.4629 
48.85 21.4282 
48.9 21.3931 
48.95 21.3577 
49 21.3219 
49.05 21.2857 
49.1 21.2492 
49.15 21.2123 
49.2 21.175 
49.25 21.1373 
49.3 21.0993 
49.35 21.0609 
49.4 21.0222 
49.45 20.9831 
49.5 20.9436 
49.55 20.9038 
49.6 20.8636 
49.65 20.8231 
49.7 20.7822 
49.75 20.7409 
49.8 20.6994 
49.85 20.6574 
49.9 20.6151 
49.95 20.5725 
50 20.5295 
50.05 20.4862 
50.1 20.4425 
50.15 20.3985 
50.2 20.3541 
50.25 20.3095 
50.3 20.2645 
50.35 20.2192 
50.4 20.1735 
50.45 20.1275 
50.5 20.0812 
50.55 20.0346 
50.6 19.9876 
50.65 19.9403 
50.7 19.8927 
50.75 19.8448 
50.8 19.7966 
50.85 19.748 
50.9 19.6992 
50.95 19.65 
51 19.6006 
51.05 19.5508 
51.1 19.5007 
51.15 19.4504 
51.2 19.3997 
51.25 19.3488 
51.3 19.2975 
51.35 19.2459 
51.4 19.1941 
51.45 19.1419 
51.5 19.0895 
51.55 19.0368 
51.6 18.9838 
51.65 18.9306 
51.7 18.877 
51.75 18.8232 
51.8 18.7691 
51.85 18.7147 
51.9 18.6601 
51.95 18.6052 
52 18.55 
52.05 18.4946 
52.1 18.4389 
52.15 18.3829 
52.2 18.3267 
52.25 18.2703 
52.3 18.2136 
52.35 18.1566 
52.4 18.0994 
52.45 18.0419 
52.5 17.9842 
52.55 17.9263 
52.6 17.8681 
52.65 17.8097 
52.7 17.751 
52.75 17.6922 
52.8 17.633 
52.85 17.5737 
52.9 17.5141 
52.95 17.4543 
53 17.3943 
53.05 17.3341 
53.1 17.2736 
53.15 17.213 
53.2 17.1521 
53.25 17.091 
53.3 17.0297 
53.35 16.9682 
53.4 16.9065 
53.45 16.8445 
53.5 16.7824 
53.55 16.7201 
53.6 16.6576 
53.65 16.595 
53.7 16.5321 
53.75 16.469 
53.8 16.4058 
53.85 16.3423 
53.9 16.2787 
53.95 16.2149 
54 16.1509 
54.05 16.0868 
54.1 16.0225 
54.15 15.958 
54.2 15.8934 
54.25 15.8285 
54.3 15.7636 
54.35 15.6985 
54.4 15.6332 
54.45 15.5677 
54.5 15.5021 
54.55 15.4364 
54.6 15.3705 
54.65 15.3045 
54.7 15.2383 
54.75 15.172 
54.8 15.1055 
54.85 15.0389 
54.9 14.9722 
54.95 14.9053 
55 14.8383 
55.05 14.7712 
55.1 14.704 
55.15 14.6366 
55.2 14.5691 
55.25 14.5015 
55.3 14.4338 
55.35 14.366 
55.4 14.298 
55.45 14.23 
55.5 14.1618 
55.55 14.0935 
55.6 14.0252 
55.65 13.9567 
55.7 13.8882 
55.75 13.8195 
55.8 13.7508 
55.85 13.6819 
55.9 13.613 
55.95 13.544 
56 13.4749 
56.05 13.4058 
56.1 13.3365 
56.15 13.2672 
56.2 13.1978 
56.25 13.1283 
56.3 13.0588 
56.35 12.9892 
56.4 12.9195 
56.45 12.8497 
56.5 12.7799 
56.55 12.7101 
56.6 12.6402 
56.65 12.5702 
56.7 12.5002 
56.75 12.4301 
56.8 12.36 
56.85 12.2898 
56.9 12.2196 
56.95 12.1494 
57 12.0791 
57.05 12.0088 
57.1 11.9384 
57.15 11.8681 
57.2 11.7977 
57.25 11.7272 
57.3 11.6567 
57.35 11.5863 
57.4 11.5157 
57.45 11.4452 
57.5 11.3747 
57.55 11.3041 
57.6 11.2335 
57.65 11.1629 
57.7 11.0923 
57.75 11.0217 
57.8 10.9511 
57.85 10.8805 
57.9 10.8099 
57.95 10.7393 
58 10.6687 
58.05 10.5981 
58.1 10.5275 
58.15 10.457 
58.2 10.3864 
58.25 10.3159 
58.3 10.2453 
58.35 10.1748 
58.4 10.1043 
58.45 10.0338 
58.5 9.96339 
58.55 9.89295 
58.6 9.82255 
58.65 9.75219 
58.7 9.68185 
58.75 9.61156 
58.8 9.54129 
58.85 9.47106 
58.9 9.40088 
58.95 9.33074 
59 9.26062 
59.05 9.19057 
59.1 9.12056 
59.15 9.0506 
59.2 8.98069 
59.25 8.91084 
59.3 8.84103 
59.35 8.77129 
59.4 8.7016 
59.45 8.63198 
59.5 8.56242 
59.55 8.49292 
59.6 8.42347 
59.65 8.3541 
59.7 8.2848 
59.75 8.21558 
59.8 8.14641 
59.85 8.07734 
59.9 8.00833 
59.95 7.93939 
60 7.87054 
60.05 7.80177 
60.1 7.73308 
60.15 7.66449 
60.2 7.59597 
60.25 7.52753 
60.3 7.45921 
60.35 7.39095 
60.4 7.32279 
60.45 7.25474 
60.5 7.18677 
60.55 7.11891 
60.6 7.05113 
60.65 6.98347 
60.7 6.91591 
60.75 6.84844 
60.8 6.78108 
60.85 6.71383 
60.9 6.64669 
60.95 6.57966 
61 6.51274 
61.05 6.44594 
61.1 6.37924 
61.15 6.31266 
61.2 6.2462 
61.25 6.17986 
61.3 6.11363 
61.35 6.04753 
61.4 5.98155 
61.45 5.9157 
61.5 5.84998 
61.55 5.78436 
61.6 5.7189 
61.65 5.65356 
61.7 5.58835 
61.75 5.52327 
61.8 5.45831 
61.85 5.3935 
61.9 5.32883 
61.95 5.2643 
62 5.1999 
62.05 5.13564 
62.1 5.07152 
62.15 5.00755 
62.2 4.94372 
62.25 4.88004 
62.3 4.8165 
62.35 4.75311 
62.4 4.68987 
62.45 4.62678 
62.5 4.56384 
62.55 4.50105 
62.6 4.43841 
62.65 4.37594 
62.7 4.31361 
62.75 4.25144 
62.8 4.18943 
62.85 4.12758 
62.9 4.06588 
62.95 4.00436 
63 3.94299 
63.05 3.88178 
63.1 3.82075 
63.15 3.75987 
63.2 3.69916 
63.25 3.63862 
63.3 3.57825 
63.35 3.51804 
63.4 3.458 
63.45 3.39815 
63.5 3.33845 
63.55 3.27893 
63.6 3.21959 
63.65 3.16043 
63.7 3.10144 
63.75 3.04261 
63.8 2.98398 
63.85 2.92552 
63.9 2.86725 
63.95 2.80913 
64 2.75122 
64.05 2.69347 
64.1 2.63592 
64.15 2.57854 
64.2 2.52136 
64.25 2.46435 
64.3 2.40753 
64.35 2.3509 
64.4 2.29446 
64.45 2.23821 
64.5 2.18214 
64.55 2.12627 
64.6 2.07057 
64.65 2.01508 
64.7 1.95976 
64.75 1.90466 
64.8 1.84974 
64.85 1.79501 
64.9 1.74048 
64.95 1.68613 
65 1.63198 
65.05 1.57804 
65.1 1.52429 
65.15 1.47074 
65.2 1.41738 
65.25 1.36423 
65.3 1.31126 
65.35 1.25849 
65.4 1.20594 
65.45 1.15359 
65.5 1.10142 
65.55 1.04948 
65.6 0.997713 
65.65 0.946159 
65.7 0.894821 
65.75 0.843663 
65.8 0.792719 
65.85 0.741985 
65.9 0.691441 
65.95 0.64112 
66 0.590991 
66.05 0.541075 
66.1 0.491367 
66.15 0.441865 
66.2 0.392564 
66.25 0.34347 
66.3 0.294601 
66.35 0.245914 
66.4 0.197456 
66.45 0.149188 
66.5 0.101145 
66.55 0.0533098 
66.6 0.00567787 
66.65 -0.0417319 
66.7 -0.0889447 
66.75 -0.135945 
66.8 -0.182729 
66.85 -0.229315 
66.9 -0.275674 
66.95 -0.321823 
67 -0.367781 
67.05 -0.413503 
67.1 -0.459019 
67.15 -0.504329 
67.2 -0.549413 
67.25 -0.594294 
67.3 -0.63896 
67.35 -0.683418 
67.4 -0.727659 
67.45 -0.771678 
67.5 -0.815499 
67.55 -0.859094 
67.6 -0.902483 
67.65 -0.945654 
67.7 -0.988608 
67.75 -1.03136 
67.8 -1.07389 
67.85 -1.1162 
67.9 -1.15831 
67.95 -1.20019 
68 -1.24185 
68.05 -1.28333 
68.1 -1.32456 
68.15 -1.36559 
68.2 -1.4064 
68.25 -1.44701 
68.3 -1.4874 
68.35 -1.52757 
68.4 -1.56752 
68.45 -1.60727 
68.5 -1.6468 
68.55 -1.68611 
68.6 -1.72521 
68.65 -1.7641 
68.7 -1.80276 
68.75 -1.84122 
68.8 -1.87945 
68.85 -1.91749 
68.9 -1.95531 
68.95 -1.99291 
69 -2.03029 
69.05 -2.06747 
69.1 -2.10442 
69.15 -2.14118 
69.2 -2.1777 
69.25 -2.21401 
69.3 -2.25012 
69.35 -2.28601 
69.4 -2.3217 
69.45 -2.35717 
69.5 -2.39243 
69.55 -2.42747 
69.6 -2.46231 
69.65 -2.49693 
69.7 -2.53134 
69.75 -2.56553 
69.8 -2.59951 
69.85 -2.63329 
69.9 -2.66686 
69.95 -2.70021 
70 -2.73335 
70.05 -2.76628 
70.1 -2.79902 
70.15 -2.83152 
70.2 -2.86383 
70.25 -2.89592 
70.3 -2.92781 
70.35 -2.95949 
70.4 -2.99097 
70.45 -3.02221 
70.5 -3.05329 
70.55 -3.08413 
70.6 -3.11478 
70.65 -3.1452 
70.7 -3.17542 
70.75 -3.20544 
70.8 -3.23528 
70.85 -3.26488 
70.9 -3.29428 
70.95 -3.32349 
71 -3.35249 
71.05 -3.38127 
71.1 -3.40987 
71.15 -3.43825 
71.2 -3.46642 
71.25 -3.49441 
71.3 -3.5222 
71.35 -3.54977 
71.4 -3.57714 
71.45 -3.60433 
71.5 -3.63129 
71.55 -3.65807 
71.6 -3.68465 
71.65 -3.71102 
71.7 -3.7372 
71.75 -3.76318 
71.8 -3.78896 
71.85 -3.81454 
71.9 -3.83993 
71.95 -3.86511 
72 -3.8901 
72.05 -3.9149 
72.1 -3.9395 
72.15 -3.96391 
72.2 -3.98812 
72.25 -4.01213 
72.3 -4.03596 
72.35 -4.05959 
72.4 -4.08303 
72.45 -4.10627 
72.5 -4.12932 
72.55 -4.15219 
72.6 -4.17486 
72.65 -4.19734 
72.7 -4.21964 
72.75 -4.24174 
72.8 -4.26365 
72.85 -4.28539 
72.9 -4.30693 
72.95 -4.32829 
73 -4.34944 
73.05 -4.37042 
73.1 -4.39122 
73.15 -4.41182 
73.2 -4.43225 
73.25 -4.45249 
73.3 -4.47253 
73.35 -4.49241 
73.4 -4.51211 
73.45 -4.53162 
73.5 -4.55094 
73.55 -4.5701 
73.6 -4.58906 
73.65 -4.60785 
73.7 -4.62648 
73.75 -4.6449 
73.8 -4.66314 
73.85 -4.68122 
73.9 -4.69913 
73.95 -4.71685 
74 -4.73441 
74.05 -4.75177 
74.1 -4.76897 
74.15 -4.78599 
74.2 -4.80284 
74.25 -4.81953 
74.3 -4.83604 
74.35 -4.85236 
74.4 -4.86853 
74.45 -4.88452 
74.5 -4.90034 
74.55 -4.91599 
74.6 -4.93147 
74.65 -4.9468 
74.7 -4.96194 
74.75 -4.97693 
74.8 -4.99175 
74.85 -5.0064 
74.9 -5.02089 
74.95 -5.03522 
75 -5.04937 
75.05 -5.06338 
75.1 -5.07721 
75.15 -5.09087 
75.2 -5.1044 
75.25 -5.11774 
75.3 -5.13092 
75.35 -5.14397 
75.4 -5.15685 
75.45 -5.16954 
75.5 -5.18211 
75.55 -5.19452 
75.6 -5.20677 
75.65 -5.21884 
75.7 -5.23079 
75.75 -5.24256 
75.8 -5.25419 
75.85 -5.26566 
75.9 -5.27698 
75.95 -5.28815 
76 -5.29916 
76.05 -5.31005 
76.1 -5.32075 
76.15 -5.33132 
76.2 -5.34174 
76.25 -5.35202 
76.3 -5.36214 
76.35 -5.37211 
76.4 -5.38195 
76.45 -5.39165 
76.5 -5.40119 
76.55 -5.41058 
76.6 -5.41985 
76.65 -5.42895 
76.7 -5.43792 
76.75 -5.44675 
76.8 -5.45544 
76.85 -5.46399 
76.9 -5.47239 
76.95 -5.48068 
77 -5.48881 
77.05 -5.49681 
77.1 -5.50467 
77.15 -5.51239 
77.2 -5.51996 
77.25 -5.52742 
77.3 -5.53474 
77.35 -5.54192 
77.4 -5.54896 
77.45 -5.55587 
77.5 -5.56267 
77.55 -5.56933 
77.6 -5.57585 
77.65 -5.58224 
77.7 -5.58851 
77.75 -5.59465 
77.8 -5.60066 
77.85 -5.60654 
77.9 -5.6123 
77.95 -5.61794 
78 -5.62345 
78.05 -5.62883 
78.1 -5.63409 
78.15 -5.63922 
78.2 -5.64424 
78.25 -5.64912 
78.3 -5.65389 
78.35 -5.65856 
78.4 -5.66305 
78.45 -5.66748 
78.5 -5.67177 
78.55 -5.67594 
78.6 -5.67999 
78.65 -5.68393 
78.7 -5.68776 
78.75 -5.69146 
78.8 -5.69505 
78.85 -5.69853 
78.9 -5.70189 
78.95 -5.70514 
79 -5.70828 
79.05 -5.71131 
79.1 -5.71423 
79.15 -5.71704 
79.2 -5.71974 
79.25 -5.72232 
79.3 -5.72479 
79.35 -5.72718 
79.4 -5.72943 
79.45 -5.7316 
79.5 -5.73365 
79.55 -5.7356 
79.6 -5.73743 
79.65 -5.73917 
79.7 -5.74081 
79.75 -5.74235 
79.8 -5.74378 
79.85 -5.74511 
79.9 -5.74634 
79.95 -5.74745 
80 -5.74848 
80.05 -5.74941 
80.1 -5.75025 
80.15 -5.75098 
80.2 -5.75163 
80.25 -5.75216 
80.3 -5.7526 
80.35 -5.75295 
80.4 -5.7532 
80.45 -5.75335 
80.5 -5.75342 
80.55 -5.75339 
80.6 -5.75326 
80.65 -5.75304 
80.7 -5.75275 
80.75 -5.75235 
80.8 -5.75189 
80.85 -5.75131 
80.9 -5.75066 
80.95 -5.7499 
81 -5.74907 
81.05 -5.74813 
81.1 -5.74713 
81.15 -5.74603 
81.2 -5.74486 
81.25 -5.74359 
81.3 -5.74224 
81.35 -5.7408 
81.4 -5.73929 
81.45 -5.73768 
81.5 -5.73601 
81.55 -5.73426 
81.6 -5.73241 
81.65 -5.7305 
81.7 -5.72849 
81.75 -5.72642 
81.8 -5.72426 
81.85 -5.72202 
81.9 -5.71972 
81.95 -5.71732 
82 -5.71485 
82.05 -5.71233 
82.1 -5.7097 
82.15 -5.70702 
82.2 -5.70426 
82.25 -5.70143 
82.3 -5.6985 
82.35 -5.69552 
82.4 -5.69247 
82.45 -5.68936 
82.5 -5.68616 
82.55 -5.68291 
82.6 -5.67957 
82.65 -5.67616 
82.7 -5.67269 
82.75 -5.66916 
82.8 -5.66556 
82.85 -5.66188 
82.9 -5.65817 
82.95 -5.65435 
83 -5.65048 
83.05 -5.64655 
83.1 -5.64256 
83.15 -5.6385 
83.2 -5.63439 
83.25 -5.6302 
83.3 -5.62595 
83.35 -5.62163 
83.4 -5.61728 
83.45 -5.61284 
83.5 -5.60836 
83.55 -5.60382 
83.6 -5.59919 
83.65 -5.59454 
83.7 -5.58983 
83.75 -5.58504 
83.8 -5.5802 
83.85 -5.57531 
83.9 -5.57036 
83.95 -5.56536 
84 -5.56029 
84.05 -5.55519 
84.1 -5.55001 
84.15 -5.54478 
84.2 -5.53951 
84.25 -5.53417 
84.3 -5.52881 
84.35 -5.52336 
84.4 -5.51789 
84.45 -5.51235 
84.5 -5.50677 
84.55 -5.50114 
84.6 -5.49546 
84.65 -5.48974 
84.7 -5.48396 
84.75 -5.47813 
84.8 -5.47227 
84.85 -5.46634 
84.9 -5.46038 
84.95 -5.45437 
85 -5.44832 
85.05 -5.4422 
85.1 -5.43606 
85.15 -5.42987 
85.2 -5.42364 
85.25 -5.41737 
85.3 -5.41105 
85.35 -5.40469 
85.4 -5.39827 
85.45 -5.39184 
85.5 -5.38535 
85.55 -5.37882 
85.6 -5.37225 
85.65 -5.36564 
85.7 -5.35901 
85.75 -5.35231 
85.8 -5.34559 
85.85 -5.33883 
85.9 -5.33203 
85.95 -5.32518 
86 -5.31831 
86.05 -5.3114 
86.1 -5.30447 
86.15 -5.29748 
86.2 -5.29047 
86.25 -5.28341 
86.3 -5.27632 
86.35 -5.2692 
86.4 -5.26205 
86.45 -5.25485 
86.5 -5.24764 
86.55 -5.24038 
86.6 -5.23309 
86.65 -5.22577 
86.7 -5.21843 
86.75 -5.21105 
86.8 -5.20365 
86.85 -5.19621 
86.9 -5.18873 
86.95 -5.18124 
87 -5.17371 
87.05 -5.16614 
87.1 -5.15857 
87.15 -5.15095 
87.2 -5.14332 
87.25 -5.13565 
87.3 -5.12795 
87.35 -5.12024 
87.4 -5.1125 
87.45 -5.10472 
87.5 -5.09693 
87.55 -5.0891 
87.6 -5.08124 
87.65 -5.07337 
87.7 -5.06547 
87.75 -5.05755 
87.8 -5.04962 
87.85 -5.04165 
87.9 -5.03366 
87.95 -5.02565 
88 -5.01761 
88.05 -5.00955 
88.1 -5.00148 
88.15 -4.99338 
88.2 -4.98527 
88.25 -4.97713 
88.3 -4.96896 
88.35 -4.9608 
88.4 -4.95258 
88.45 -4.94436 
88.5 -4.93614 
88.55 -4.92789 
88.6 -4.91961 
88.65 -4.91133 
88.7 -4.90301 
88.75 -4.89469 
88.8 -4.88635 
88.85 -4.87799 
88.9 -4.86962 
88.95 -4.86122 
89 -4.85281 
89.05 -4.84438 
89.1 -4.83595 
89.15 -4.8275 
89.2 -4.81903 
89.25 -4.81054 
89.3 -4.80206 
89.35 -4.79354 
89.4 -4.78501 
89.45 -4.77648 
89.5 -4.76793 
89.55 -4.75939 
89.6 -4.7508 
89.65 -4.74222 
89.7 -4.73362 
89.75 -4.725 
89.8 -4.71638 
89.85 -4.70776 
89.9 -4.69911 
89.95 -4.69046 
90 -4.68181 
90.05 -4.67313 
90.1 -4.66446 
90.15 -4.65575 
90.2 -4.64705 
90.25 -4.63834 
90.3 -4.62963 
90.35 -4.6209 
90.4 -4.61216 
90.45 -4.60342 
90.5 -4.59467 
90.55 -4.58591 
90.6 -4.57714 
90.65 -4.56837 
90.7 -4.5596 
90.75 -4.55082 
90.8 -4.54202 
90.85 -4.53322 
90.9 -4.52441 
90.95 -4.51561 
91 -4.50679 
91.05 -4.49797 
91.1 -4.48914 
91.15 -4.48033 
91.2 -4.47148 
91.25 -4.46265 
91.3 -4.45382 
91.35 -4.44496 
91.4 -4.4361 
91.45 -4.42726 
91.5 -4.41841 
91.55 -4.40955 
91.6 -4.40068 
91.65 -4.39182 
91.7 -4.38295 
91.75 -4.37408 
91.8 -4.36521 
91.85 -4.35634 
91.9 -4.34747 
91.95 -4.3386 
92 -4.32972 
92.05 -4.32085 
92.1 -4.31197 
92.15 -4.30309 
92.2 -4.29421 
92.25 -4.28533 
92.3 -4.27646 
92.35 -4.26758 
92.4 -4.25871 
92.45 -4.24983 
92.5 -4.24097 
92.55 -4.23209 
92.6 -4.22323 
92.65 -4.21435 
92.7 -4.20548 
92.75 -4.19662 
92.8 -4.18776 
92.85 -4.17889 
92.9 -4.17003 
92.95 -4.16119 
93 -4.15233 
93.05 -4.14348 
93.1 -4.13464 
93.15 -4.12578 
93.2 -4.11695 
93.25 -4.10811 
93.3 -4.09928 
93.35 -4.09045 
93.4 -4.08164 
93.45 -4.07281 
93.5 -4.064 
93.55 -4.05518 
93.6 -4.04638 
93.65 -4.03759 
93.7 -4.02879 
93.75 -4.02 
93.8 -4.01121 
93.85 -4.00244 
93.9 -3.99366 
93.95 -3.9849 
94 -3.97614 
94.05 -3.96739 
94.1 -3.95865 
94.15 -3.94991 
94.2 -3.94117 
94.25 -3.93246 
94.3 -3.92373 
94.35 -3.91502 
94.4 -3.90632 
94.45 -3.89762 
94.5 -3.88893 
94.55 -3.88025 
94.6 -3.87158 
94.65 -3.86292 
94.7 -3.85426 
94.75 -3.84561 
94.8 -3.83697 
94.85 -3.82834 
94.9 -3.81972 
94.95 -3.81111 
95 -3.80251 
95.05 -3.79391 
95.1 -3.78532 
95.15 -3.77675 
95.2 -3.76818 
95.25 -3.75962 
95.3 -3.75106 
95.35 -3.74253 
95.4 -3.73399 
95.45 -3.72548 
95.5 -3.71697 
95.55 -3.70847 
95.6 -3.69998 
95.65 -3.6915 
95.7 -3.68302 
95.75 -3.67456 
95.8 -3.66612 
95.85 -3.65768 
95.9 -3.64925 
95.95 -3.64083 
96 -3.63243 
96.05 -3.62403 
96.1 -3.61564 
96.15 -3.60725 
96.2 -3.59889 
96.25 -3.59053 
96.3 -3.58219 
96.35 -3.57385 
96.4 -3.56553 
96.45 -3.55721 
96.5 -3.54891 
96.55 -3.5406 
96.6 -3.53232 
96.65 -3.52405 
96.7 -3.51579 
96.75 -3.50754 
96.8 -3.49929 
96.85 -3.49105 
96.9 -3.48283 
96.95 -3.47462 
97 -3.46642 
97.05 -3.45823 
97.1 -3.45004 
97.15 -3.44187 
97.2 -3.43372 
97.25 -3.42556 
97.3 -3.41743 
97.35 -3.4093 
97.4 -3.40118 
97.45 -3.39306 
97.5 -3.38497 
97.55 -3.37688 
97.6 -3.3688 
97.65 -3.36073 
97.7 -3.35267 
97.75 -3.34461 
97.8 -3.33658 
97.85 -3.32854 
97.9 -3.32053 
97.95 -3.31252 
98 -3.30451 
98.05 -3.29652 
98.1 -3.28855 
98.15 -3.28058 
98.2 -3.27262 
98.25 -3.26467 
98.3 -3.25673 
98.35 -3.24879 
98.4 -3.24087 
98.45 -3.23296 
98.5 -3.22506 
98.55 -3.21717 
98.6 -3.2093 
98.65 -3.20143 
98.7 -3.19356 
98.75 -3.18571 
98.8 -3.17787 
98.85 -3.17005 
98.9 -3.16223 
98.95 -3.15441 
99 -3.14661 
99.05 -3.13882 
99.1 -3.13104 
99.15 -3.12328 
99.2 -3.11551 
99.25 -3.10777 
99.3 -3.10003 
99.35 -3.09229 
99.4 -3.08457 
99.45 -3.07688 
99.5 -3.06917 
99.55 -3.06149 
99.6 -3.05382 
99.65 -3.04615 
99.7 -3.0385 
99.75 -3.03086 
99.8 -3.02322 
99.85 -3.0156 
99.9 -3.00799 
99.95 -3.0004 
100 -2.99281 
100.05 -2.98523 
100.1 -2.97766 
100.15 -2.97011 
100.2 -2.96257 
100.25 -2.95504 
100.3 -2.94752 
100.35 -2.94002 
100.4 -2.93253 
100.45 -2.92504 
100.5 -2.91757 
100.55 -2.91012 
100.6 -2.90267 
100.65 -2.89524 
100.7 -2.88781 
100.75 -2.88041 
100.8 -2.87302 
100.85 -2.86563 
100.9 -2.85826 
100.95 -2.85091 
101 -2.84357 
101.05 -2.83624 
101.1 -2.82892 
101.15 -2.82162 
101.2 -2.81433 
101.25 -2.80706 
101.3 -2.7998 
101.35 -2.79256 
101.4 -2.78532 
101.45 -2.7781 
101.5 -2.7709 
101.55 -2.76371 
101.6 -2.75653 
101.65 -2.74937 
101.7 -2.74222 
101.75 -2.73509 
101.8 -2.72798 
101.85 -2.72088 
101.9 -2.71379 
101.95 -2.70672 
102 -2.69967 
102.05 -2.69263 
102.1 -2.68561 
102.15 -2.67859 
102.2 -2.6716 
102.25 -2.66463 
102.3 -2.65767 
102.35 -2.65072 
102.4 -2.64379 
102.45 -2.63688 
102.5 -2.62998 
102.55 -2.6231 
102.6 -2.61624 
102.65 -2.6094 
102.7 -2.60256 
102.75 -2.59575 
102.8 -2.58895 
102.85 -2.58217 
102.9 -2.57541 
102.95 -2.56867 
103 -2.56193 
103.05 -2.55523 
103.1 -2.54853 
103.15 -2.54186 
103.2 -2.5352 
103.25 -2.52856 
103.3 -2.52193 
103.35 -2.51533 
103.4 -2.50875 
103.45 -2.50217 
103.5 -2.49562 
103.55 -2.48909 
103.6 -2.48257 
103.65 -2.47607 
103.7 -2.46959 
103.75 -2.46313 
103.8 -2.45668 
103.85 -2.45026 
103.9 -2.44384 
103.95 -2.43746 
104 -2.43109 
104.05 -2.42473 
104.1 -2.4184 
104.15 -2.41209 
104.2 -2.40579 
104.25 -2.39951 
104.3 -2.39325 
104.35 -2.387 
104.4 -2.38077 
104.45 -2.37457 
104.5 -2.36838 
104.55 -2.36221 
104.6 -2.35606 
104.65 -2.34993 
104.7 -2.34382 
104.75 -2.33772 
104.8 -2.33164 
104.85 -2.32558 
104.9 -2.31954 
104.95 -2.31352 
105 -2.30752 
105.05 -2.30153 
105.1 -2.29557 
105.15 -2.28962 
105.2 -2.28369 
105.25 -2.27778 
105.3 -2.27189 
105.35 -2.26601 
105.4 -2.26016 
105.45 -2.25432 
105.5 -2.24849 
105.55 -2.24269 
105.6 -2.23691 
105.65 -2.23115 
105.7 -2.2254 
105.75 -2.21967 
105.8 -2.21396 
105.85 -2.20826 
105.9 -2.20259 
105.95 -2.19693 
106 -2.19129 
106.05 -2.18568 
106.1 -2.18007 
106.15 -2.17449 
106.2 -2.16892 
106.25 -2.16337 
106.3 -2.15784 
106.35 -2.15233 
106.4 -2.14683 
106.45 -2.14135 
106.5 -2.13589 
106.55 -2.13044 
106.6 -2.12503 
106.65 -2.11961 
106.7 -2.11422 
106.75 -2.10885 
106.8 -2.10349 
106.85 -2.09815 
106.9 -2.09283 
106.95 -2.08752 
107 -2.08223 
107.05 -2.07696 
107.1 -2.0717 
107.15 -2.06646 
107.2 -2.06124 
107.25 -2.05603 
107.3 -2.05085 
107.35 -2.04568 
107.4 -2.04053 
107.45 -2.03538 
107.5 -2.03026 
107.55 -2.02515 
107.6 -2.02007 
107.65 -2.01499 
107.7 -2.00994 
107.75 -2.0049 
107.8 -1.99987 
107.85 -1.99486 
107.9 -1.98986 
107.95 -1.98489 
108 -1.97992 
108.05 -1.97498 
108.1 -1.97005 
108.15 -1.96513 
108.2 -1.96024 
108.25 -1.95535 
108.3 -1.95048 
108.35 -1.94563 
108.4 -1.94079 
108.45 -1.93597 
108.5 -1.93116 
108.55 -1.92636 
108.6 -1.92159 
108.65 -1.91682 
108.7 -1.91208 
108.75 -1.90734 
108.8 -1.90263 
108.85 -1.89792 
108.9 -1.89323 
108.95 -1.88856 
109 -1.8839 
109.05 -1.87925 
109.1 -1.87462 
109.15 -1.87 
109.2 -1.8654 
109.25 -1.86081 
109.3 -1.85624 
109.35 -1.85167 
109.4 -1.84713 
109.45 -1.8426 
109.5 -1.83807 
109.55 -1.83357 
109.6 -1.82908 
109.65 -1.8246 
109.7 -1.82014 
109.75 -1.81569 
109.8 -1.81125 
109.85 -1.80683 
109.9 -1.80242 
109.95 -1.79802 
110 -1.79364 
110.05 -1.78927 
110.1 -1.78491 
110.15 -1.78057 
110.2 -1.77624 
110.25 -1.77192 
110.3 -1.76762 
110.35 -1.76333 
110.4 -1.75904 
110.45 -1.75477 
110.5 -1.75052 
110.55 -1.74628 
110.6 -1.74205 
110.65 -1.73784 
110.7 -1.73363 
110.75 -1.72944 
110.8 -1.72526 
110.85 -1.7211 
110.9 -1.71694 
110.95 -1.71281 
111 -1.70868 
111.05 -1.70456 
111.1 -1.70046 
111.15 -1.69636 
111.2 -1.69229 
111.25 -1.68821 
111.3 -1.68416 
111.35 -1.68011 
111.4 -1.67608 
111.45 -1.67206 
111.5 -1.66805 
111.55 -1.66405 
111.6 -1.66006 
111.65 -1.65609 
111.7 -1.65212 
111.75 -1.64817 
111.8 -1.64423 
111.85 -1.6403 
111.9 -1.63638 
111.95 -1.63246 
112 -1.62857 
112.05 -1.62468 
112.1 -1.6208 
112.15 -1.61693 
112.2 -1.61308 
112.25 -1.60923 
112.3 -1.6054 
112.35 -1.60157 
112.4 -1.59776 
112.45 -1.59395 
112.5 -1.59016 
112.55 -1.58637 
112.6 -1.5826 
112.65 -1.57884 
112.7 -1.57508 
112.75 -1.57134 
112.8 -1.5676 
112.85 -1.56388 
112.9 -1.56017 
112.95 -1.55646 
113 -1.55277 
113.05 -1.54908 
113.1 -1.54541 
113.15 -1.54173 
113.2 -1.53808 
113.25 -1.53443 
113.3 -1.5308 
113.35 -1.52717 
113.4 -1.52355 
113.45 -1.51994 
113.5 -1.51634 
113.55 -1.51274 
113.6 -1.50916 
113.65 -1.50559 
113.7 -1.50202 
113.75 -1.49846 
113.8 -1.49492 
113.85 -1.49138 
113.9 -1.48785 
113.95 -1.48433 
114 -1.48082 
114.05 -1.47731 
114.1 -1.47382 
114.15 -1.47033 
114.2 -1.46685 
114.25 -1.46338 
114.3 -1.45993 
114.35 -1.45647 
114.4 -1.45303 
114.45 -1.44959 
114.5 -1.44616 
114.55 -1.44274 
