2298
0
114.85
-1.177459836
-1.17544806
-1.173445821
-1.171451211
-1.169465184
-1.167486787
-1.165514827
-1.163550973
-1.161594629
-1.159642935
-1.157699704
-1.155767202
-1.153835773
-1.151912928
-1.150001287
-1.148094893
-1.146193027
-1.144302607
-1.142415285
-1.140538335
-1.138669133
-1.136807084
-1.134951949
-1.133107543
-1.131268024
-1.129438519
-1.127618074
-1.125806093
-1.12400341
-1.122210622
-1.120424271
-1.118650198
-1.11688745
-1.115132332
-1.11338973
-1.111657619
-1.109935522
-1.108227015
-1.106528521
-1.104842424
-1.103169799
-1.101510167
-1.099863172
-1.098230243
-1.096612811
-1.095008254
-1.093420386
-1.091847777
-1.090288401
-1.088746905
-1.087222815
-1.08571589
-1.084226727
-1.082752943
-1.081300616
-1.079865932
-1.078450084
-1.077053308
-1.075679541
-1.074323058
-1.072990537
-1.071676731
-1.070387125
-1.069119573
-1.067873836
-1.066649795
-1.06545198
-1.064277291
-1.06312871
-1.062001467
-1.06090343
-1.059828043
-1.058780074
-1.057760596
-1.056764007
-1.0557971
-1.054857731
-1.05394578
-1.053063035
-1.052209377
-1.051383615
-1.050588846
-1.049821973
-1.04908669
-1.048381805
-1.047709584
-1.047068238
-1.046455622
-1.045877695
-1.045333028
-1.044817924
-1.044338584
-1.043891668
-1.043478012
-1.043100953
-1.042754412
-1.04244554
-1.042170048
-1.041930079
-1.041724205
-1.041557074
-1.041424155
-1.04132843
-1.041268587
-1.041246533
-1.041261196
-1.041314602
-1.041404009
-1.041532397
-1.041698933
-1.041904688
-1.042147994
-1.042431235
-1.042753458
-1.04311645
-1.043517351
-1.04395926
-1.044442177
-1.044964314
-1.045527101
-1.046131968
-1.046777725
-1.047464371
-1.048192859
-1.048963785
-1.049776673
-1.050630927
-1.051528454
-1.052469134
-1.053451061
-1.054476619
-1.05554533
-1.056659222
-1.057816505
-1.059017062
-1.060259581
-1.061549425
-1.062882423
-1.064260125
-1.065680623
-1.067149997
-1.068661571
-1.070218325
-1.071822047
-1.073470354
-1.075164676
-1.076905489
-1.078690886
-1.080523372
-1.082402229
-1.084327817
-1.086300492
-1.088320255
-1.090385199
-1.092497945
-1.094657898
-1.096864939
-1.099121928
-1.101424098
-1.103774309
-1.106172681
-1.108617902
-1.111112714
-1.113654375
-1.116244674
-1.118884325
-1.121572018
-1.124308467
-1.127093554
-1.129926801
-1.132809758
-1.135741711
-1.138722658
-1.141753316
-1.144831538
-1.147960305
-1.15113914
-1.154366374
-1.157644868
-1.160971522
-1.164348245
-1.167775989
-1.171253204
-1.174779415
-1.178356409
-1.181983352
-1.185659528
-1.189387083
-1.193164825
-1.19699347
-1.200870991
-1.204800129
-1.208779335
-1.212808728
-1.216888189
-1.221019149
-1.225200295
-1.229432106
-1.233715177
-1.238049269
-1.242432237
-1.246868014
-1.251352668
-1.255889893
-1.260476112
-1.265114903
-1.269803524
-1.274543762
-1.279334664
-1.284176826
-1.289068699
-1.294011593
-1.299007297
-1.304051399
-1.309148908
-1.314295292
-1.319494367
-1.324742436
-1.330042005
-1.33539331
-1.34079361
-1.346246719
-1.351749897
-1.357304335
-1.362908959
-1.368564725
-1.374269962
-1.38002789
-1.385836244
-1.391694784
-1.397604346
-1.403564215
-1.40957427
-1.415636659
-1.421747923
-1.427909493
-1.434121013
-1.440386295
-1.446698785
-1.45306325
-1.459477425
-1.465942502
-1.472457051
-1.479022145
-1.485636473
-1.492300749
-1.499017119
-1.505781531
-1.512598157
-1.519461989
-1.52637732
-1.533342957
-1.540355921
-1.547421336
-1.554534435
-1.561696768
-1.568909168
-1.57617259
-1.583482862
-1.590843916
-1.598254442
-1.605713248
-1.613221526
-1.620777488
-1.628383398
-1.636038899
-1.643743038
-1.65149641
-1.659295917
-1.667146444
-1.675044656
-1.682990313
-1.690985799
-1.699028492
-1.707121134
-1.715259314
-1.723446846
-1.731681585
-1.739965677
-1.74829638
-1.756674886
-1.765101671
-1.773574352
-1.782096863
-1.790663958
-1.799278855
-1.807941675
-1.816650867
-1.825406909
-1.834210277
-1.843060017
-1.851960659
-1.860900879
-1.869890094
-1.8789258
-1.888008714
-1.897137284
-1.906309962
-1.915531158
-1.924796581
-1.934107065
-1.943466306
-1.952868342
-1.962316513
-1.971808434
-1.981349468
-1.990933061
-2.000560284
-2.010234356
-2.019950628
-2.029713392
-2.039521694
-2.049371719
-2.059268951
-2.069207668
-2.079191923
-2.089218855
-2.099289179
-2.109404087
-2.11956048
-2.129764557
-2.140012741
-2.150298834
-2.160628557
-2.171003103
-2.181418896
-2.19187808
-2.202381611
-2.212926149
-2.223513365
-2.234143257
-2.24481225
-2.255526781
-2.266280413
-2.277074814
-2.287913799
-2.298791409
-2.309710979
-2.320671558
-2.331674099
-2.342716217
-2.353800058
-2.364925623
-2.376087427
-2.387290716
-2.398537159
-2.40982151
-2.421146393
-2.432509899
-2.443915367
-2.455356359
-2.466840506
-2.478362799
-2.489919424
-2.501519203
-2.513155937
-2.524835348
-2.536549091
-2.548301697
-2.560093164
-2.571920872
-2.583786488
-2.595694065
-2.607634544
-2.619613886
-2.631628513
-2.643681288
-2.655771255
-2.667901278
-2.680063486
-2.692262173
-2.704497814
-2.716770649
-2.729078054
-2.741424561
-2.753802776
-2.766218185
-2.778666973
-2.791152239
-2.80366993
-2.816227913
-2.82881856
-2.841443062
-2.854102612
-2.86679554
-2.879521847
-2.892282963
-2.905077696
-2.917905569
-2.930769444
-2.94366169
-2.956589699
-2.969549656
-2.982542038
-2.995568037
-3.008627653
-3.021719933
-3.034841299
-3.047995329
-3.061183691
-3.07440114
-3.087650061
-3.100930691
-3.114242077
-3.127585411
-3.140957832
-3.154360771
-3.167793989
-3.181259871
-3.194752932
-3.208277941
-3.221833706
-3.235416412
-3.249029875
-3.262670755
-3.2763412
-3.290043116
-3.303769588
-3.317528009
-3.331312656
-3.345125437
-3.358968019
-3.372837067
-3.386732578
-3.400658369
-3.414610147
-3.428588867
-3.442593813
-3.456625223
-3.470682621
-3.484770536
-3.498882294
-3.513018608
-3.527181149
-3.541371822
-3.555585146
-3.569825888
-3.584087133
-3.598378658
-3.612695694
-3.627030134
-3.641396284
-3.655782223
-3.670196056
-3.68462801
-3.699086189
-3.713570595
-3.728078365
-3.742607355
-3.75715971
-3.771731615
-3.786327362
-3.800948143
-3.815590382
-3.830255747
-3.844940424
-3.859646559
-3.874373913
-3.88912487
-3.903898716
-3.91868782
-3.933501959
-3.948334455
-3.963188887
-3.978065252
-3.992955446
-4.007867336
-4.022807121
-4.03775835
-4.052728653
-4.067719936
-4.08273077
-4.097759724
-4.11280489
-4.12787056
-4.142949581
-4.158053875
-4.173167229
-4.188310146
-4.203465462
-4.218633652
-4.23382616
-4.24903059
-4.264255524
-4.279489517
-4.294740677
-4.310015678
-4.325300217
-4.340602875
-4.355919361
-4.371253967
-4.38660717
-4.401967525
-4.417342186
-4.432734966
-4.448142529
-4.463562965
-4.4789958
-4.494446754
-4.509911537
-4.525387764
-4.540877819
-4.556379795
-4.571888447
-4.587414742
-4.602961063
-4.618509769
-4.634074211
-4.649646282
-4.665237427
-4.680835724
-4.696447849
-4.712066174
-4.727701187
-4.743345737
-4.759001732
-4.774662971
-4.790341854
-4.806025505
-4.821718693
-4.837422371
-4.853133678
-4.868857384
-4.884595871
-4.900333881
-4.91608429
-4.931836605
-4.947608471
-4.963383198
-4.979164124
-4.994953632
-5.010748863
-5.026553154
-5.042366505
-5.058186531
-5.074012756
-5.089849472
-5.105685234
-5.121530533
-5.1373806
-5.153241634
-5.169099331
-5.184968472
-5.200838566
-5.216720581
-5.23260355
-5.24848938
-5.264380932
-5.280286312
-5.296183109
-5.312085629
-5.327994823
-5.34390831
-5.359826088
-5.375745773
-5.391664982
-5.407588005
-5.423518658
-5.439447403
-5.455378532
-5.471311092
-5.487251759
-5.503189564
-5.519134521
-5.535067558
-5.551008701
-5.566960812
-5.582903862
-5.598845482
-5.61479187
-5.630732059
-5.646677971
-5.662623405
-5.678565979
-5.694519043
-5.710462093
-5.72640419
-5.742341995
-5.758284569
-5.774224281
-5.790159702
-5.806094646
-5.82202816
-5.837958813
-5.853890419
-5.869821072
-5.885742188
-5.901666641
-5.917581081
-5.933497429
-5.949409485
-5.965312004
-5.981215477
-5.997114658
-6.013014317
-6.028905392
-6.044791698
-6.060677528
-6.076556683
-6.09242487
-6.108295918
-6.124152184
-6.140015125
-6.155865192
-6.171710014
-6.187540531
-6.203369141
-6.219201565
-6.235015392
-6.250833511
-6.266639233
-6.282435417
-6.298224449
-6.314010143
-6.329778671
-6.345551491
-6.361309052
-6.377060413
-6.392798901
-6.40853405
-6.424263477
-6.439976215
-6.455686569
-6.47137785
-6.487072468
-6.502750874
-6.518422127
-6.534077644
-6.549721718
-6.5653615
-6.580992699
-6.596607685
-6.612216949
-6.627810955
-6.64339304
-6.658964634
-6.674523354
-6.690075397
-6.705614567
-6.721142769
-6.736650467
-6.752158165
-6.76764679
-6.783123016
-6.798582077
-6.81403017
-6.829467297
-6.844885349
-6.860293388
-6.875697136
-6.891080379
-6.906441689
-6.921802521
-6.937140942
-6.952463627
-6.967773914
-6.983075142
-6.998353004
-7.013618946
-7.028864861
-7.04410553
-7.059318066
-7.074522018
-7.089712143
-7.10488081
-7.120036602
-7.135166645
-7.150294781
-7.165396214
-7.180485725
-7.195552349
-7.210613728
-7.225642681
-7.240655899
-7.255670547
-7.270644665
-7.285611153
-7.300551891
-7.315487385
-7.33039856
-7.345279217
-7.360164642
-7.375005722
-7.389838696
-7.404662132
-7.419448376
-7.434227943
-7.448976517
-7.463713169
-7.478433132
-7.493126869
-7.507798195
-7.522451401
-7.537091732
-7.551697254
-7.566288948
-7.580858231
-7.59540987
-7.609940052
-7.624444962
-7.638928413
-7.653399467
-7.667833805
-7.682250977
-7.696648598
-7.711032867
-7.725379467
-7.739705563
-7.75402689
-7.768300533
-7.782544613
-7.796799183
-7.810996532
-7.82519865
-7.839363575
-7.853503704
-7.867621899
-7.881705284
-7.895782471
-7.909819603
-7.923845768
-7.937846661
-7.95181179
-7.965773582
-7.979684353
-7.993585587
-8.007440567
-8.021302223
-8.035111427
-8.048908234
-8.06267643
-8.076417923
-8.09013176
-8.103825569
-8.117494583
-8.131124496
-8.1447258
-8.158317566
-8.171875954
-8.185386658
-8.19890213
-8.21236515
-8.225816727
-8.23923111
-8.252620697
-8.265979767
-8.279323578
-8.292639732
-8.30591011
-8.319167137
-8.332379341
-8.345564842
-8.358732224
-8.371878624
-8.384979248
-8.398059845
-8.411109924
-8.424129486
-8.437112808
-8.450066566
-8.463003159
-8.475905418
-8.488772392
-8.501617432
-8.514425278
-8.527201653
-8.539961815
-8.552667618
-8.565368652
-8.578015327
-8.59064579
-8.603240967
-8.61579895
-8.628324509
-8.640841484
-8.6533041
-8.665748596
-8.678159714
-8.690526962
-8.702869415
-8.715190887
-8.727463722
-8.739711761
-8.751923561
-8.764118195
-8.7762537
-8.788372993
-8.800466537
-8.812499046
-8.824519157
-8.836511612
-8.848464012
-8.860370636
-8.87226963
-8.884108543
-8.895931244
-8.907727242
-8.919460297
-8.931176186
-8.942858696
-8.954516411
-8.966119766
-8.977704048
-8.989257812
-9.000772476
-9.012235641
-9.023683548
-9.035086632
-9.046459198
-9.057783127
-9.069104195
-9.080348015
-9.091598511
-9.102781296
-9.113954544
-9.125071526
-9.136154175
-9.147210121
-9.158239365
-9.169222832
-9.180153847
-9.191067696
-9.201935768
-9.212762833
-9.223583221
-9.234348297
-9.245070457
-9.25575161
-9.266420364
-9.277019501
-9.287605286
-9.298153877
-9.308659554
-9.319123268
-9.329563141
-9.339941978
-9.350316048
-9.360635757
-9.37090683
-9.381155968
-9.391356468
-9.401534081
-9.411651611
-9.421750069
-9.431809425
-9.441821098
-9.451805115
-9.461726189
-9.471639633
-9.481510162
-9.491339684
-9.50112915
-9.510848045
-9.52056694
-9.530245781
-9.539875031
-9.549481392
-9.559022903
-9.568540573
-9.57801342
-9.587454796
-9.596857071
-9.606198311
-9.615525246
-9.624806404
-9.634028435
-9.643237114
-9.652425766
-9.661520004
-9.670605659
-9.679639816
-9.688644409
-9.697599411
-9.70650959
-9.715408325
-9.724246025
-9.733037949
-9.741815567
-9.750527382
-9.759208679
-9.767832756
-9.776426315
-9.784992218
-9.793509483
-9.801983833
-9.81042099
-9.818809509
-9.827177048
-9.835485458
-9.843746185
-9.851984024
-9.860183716
-9.868313789
-9.876433372
-9.88449955
-9.892518997
-9.900496483
-9.908449173
-9.916361809
-9.924214363
-9.932012558
-9.939793587
-9.947522163
-9.955220222
-9.962871552
-9.970485687
-9.978043556
-9.985580444
-9.993057251
-10.00048542
-10.00789738
-10.01525688
-10.02257442
-10.02984715
-10.03706837
-10.04427052
-10.05141735
-10.05851936
-10.06557465
-10.07259655
-10.07958317
-10.08650589
-10.09341145
-10.10024643
-10.1070652
-10.11382294
-10.12055683
-10.12722683
-10.13387108
-10.14046478
-10.14701176
-10.15351391
-10.15999603
-10.16641521
-10.17278481
-10.17913628
-10.18542671
-10.19167328
-10.19787502
-10.20405388
-10.21016121
-10.21625137
-10.2222805
-10.22828388
-10.23422146
-10.24013233
-10.24599171
-10.2518301
-10.25760078
-10.26332951
-10.26902962
-10.27467823
-10.28027534
-10.28583527
-10.29135799
-10.29682541
-10.30225945
-10.30765724
-10.31297588
-10.31830215
-10.32355309
-10.32876205
-10.33393955
-10.3390789
-10.34414673
-10.34918785
-10.3541851
-10.3591404
-10.36404037
-10.36890984
-10.37372589
-10.37849998
-10.38324642
-10.38793659
-10.39258194
-10.39718533
-10.40176105
-10.40626335
-10.41073036
-10.41516781
-10.41955948
-10.4238863
-10.4282093
-10.43244267
-10.43664742
-10.44080448
-10.44494534
-10.4490242
-10.45304966
-10.45705032
-10.46099663
-10.46491146
-10.46876144
-10.47258377
-10.47635269
-10.48008347
-10.48377419
-10.48741817
-10.49100494
-10.49456882
-10.49807739
-10.50154209
-10.50495529
-10.50833893
-10.51168346
-10.51498222
-10.51821232
-10.5214262
-10.52458954
-10.52771091
-10.53077793
-10.53381634
-10.53679085
-10.53974819
-10.54263687
-10.54548836
-10.54831886
-10.55108261
-10.55378819
-10.55648327
-10.55912876
-10.56170464
-10.56426334
-10.56676292
-10.56923771
-10.57164478
-10.57402611
-10.57636547
-10.57866001
-10.58089256
-10.58309078
-10.58525562
-10.58737469
-10.58944511
-10.59147072
-10.59345341
-10.59539795
-10.5972929
-10.5991497
-10.60096264
-10.60273266
-10.60445881
-10.60614491
-10.60778522
-10.60939789
-10.61093616
-10.6124506
-10.61392307
-10.61534023
-10.61672401
-10.61805439
-10.61933994
-10.62060833
-10.62181473
-10.6229763
-10.62411118
-10.62519169
-10.62623119
-10.62722492
-10.62816238
-10.62908173
-10.62995625
-10.63075447
-10.63154984
-10.63228512
-10.63298702
-10.63363266
-10.63425827
-10.63482761
-10.63534069
-10.63581848
-10.6362772
-10.63666248
-10.63703537
-10.63735294
-10.63762188
-10.63785458
-10.63804722
-10.63818359
-10.63829708
-10.63834763
-10.63837147
-10.63835526
-10.63826752
-10.6381731
-10.63803101
-10.63784885
-10.63762474
-10.63734627
-10.63702106
-10.63665581
-10.63627338
-10.63583279
-10.63536072
-10.63483238
-10.63426208
-10.63365936
-10.63300419
-10.63232231
-10.63159752
-10.63082314
-10.63001919
-10.62916088
-10.6282692
-10.62732983
-10.62635422
-10.62533474
-10.62428474
-10.62317657
-10.62205315
-10.62087536
-10.61963081
-10.61839199
-10.61708355
-10.61573792
-10.61436367
-10.61292553
-10.61147308
-10.60996342
-10.60842609
-10.60682964
-10.60520935
-10.60356617
-10.60184956
-10.60010338
-10.59833241
-10.59649277
-10.59463215
-10.59272575
-10.59078407
-10.58880138
-10.58677578
-10.5847187
-10.58261204
-10.58046436
-10.57829189
-10.57606316
-10.57381344
-10.57150459
-10.56917095
-10.56679535
-10.56438255
-10.56191063
-10.55943298
-10.55690384
-10.55433464
-10.55171394
-10.54905891
-10.54638195
-10.54365444
-10.54088306
-10.53809738
-10.53524876
-10.53237724
-10.52945614
-10.52651405
-10.52350426
-10.5204668
-10.51741028
-10.51430321
-10.51115513
-10.50796413
-10.50473022
-10.5014801
-10.49818993
-10.49485683
-10.49148846
-10.48807621
-10.48462868
-10.48114586
-10.47763062
-10.47408867
-10.47047615
-10.46685696
-10.46317863
-10.45948219
-10.45574856
-10.45195389
-10.44815159
-10.44428539
-10.44041824
-10.43648815
-10.43252373
-10.42853546
-10.42449665
-10.42041874
-10.41632843
-10.4121809
-10.40799427
-10.40379333
-10.39953136
-10.39526081
-10.39093781
-10.38659286
-10.3822031
-10.37776375
-10.37330627
-10.36881638
-10.36429405
-10.35971737
-10.35512924
-10.35048866
-10.34580517
-10.34111309
-10.33636379
-10.33160591
-10.32678699
-10.32193184
-10.31705475
-10.31215858
-10.30720711
-10.30223751
-10.29720879
-10.29217148
-10.28707409
-10.28195381
-10.27680874
-10.27162647
-10.26643467
-10.26117706
-10.25587654
-10.25056553
-10.24521828
-10.23982716
-10.23441029
-10.22898197
-10.22347736
-10.21796513
-10.21241951
-10.20684338
-10.20125389
-10.19559288
-10.18991375
-10.18419743
-10.17846394
-10.17269516
-10.16687965
-10.16103649
-10.15517902
-10.14926624
-10.14333057
-10.13736916
-10.13137913
-10.12535191
-10.11929989
-10.11321068
-10.10707951
-10.10091782
-10.09475613
-10.088521
-10.08229637
-10.07601643
-10.06970596
-10.06336594
-10.05699444
-10.05059528
-10.04417419
-10.03771019
-10.03123379
-10.02471066
-10.01815987
-10.01157665
-10.00497055
-9.998345375
-9.991662025
-9.98497963
-9.978246689
-9.971478462
-9.964692116
-9.957876205
-9.951051712
-9.944181442
-9.937285423
-9.930345535
-9.923378944
-9.916407585
-9.909393311
-9.902342796
-9.89526844
-9.888167381
-9.881040573
-9.873884201
-9.86668396
-9.859482765
-9.85225296
-9.844985008
-9.837691307
-9.830360413
-9.823019981
-9.815629005
-9.808225632
-9.80079937
-9.793334961
-9.785850525
-9.778336525
-9.770809174
-9.76322937
-9.75564003
-9.74802494
-9.74037075
-9.732714653
-9.725016594
-9.717290878
-9.709552765
-9.701753616
-9.693943024
-9.686121941
-9.678276062
-9.670397758
-9.66250515
-9.654569626
-9.646619797
-9.638628006
-9.630613327
-9.622582436
-9.614542961
-9.606455803
-9.598361969
-9.590230942
-9.582073212
-9.573900223
-9.565692902
-9.557474136
-9.549229622
-9.540947914
-9.532648087
-9.524339676
-9.51599884
-9.507627487
-9.499230385
-9.490822792
-9.482367516
-9.473900795
-9.465435028
-9.456933975
-9.448407173
-9.439831734
-9.43124485
-9.422652245
-9.414050102
-9.405394554
-9.39672184
-9.388047218
-9.379331589
-9.370611191
-9.361852646
-9.353066444
-9.344277382
-9.335447311
-9.326605797
-9.317755699
-9.308869362
-9.299955368
-9.291023254
-9.282074928
-9.273108482
-9.264107704
-9.255112648
-9.246087074
-9.237030983
-9.227952957
-9.218873978
-9.209757805
-9.200628281
-9.1914711
-9.182293892
-9.17310524
-9.163902283
-9.154664993
-9.145410538
-9.13613224
-9.126854897
-9.117529869
-9.108203888
-9.098856926
-9.089495659
-9.080106735
-9.070697784
-9.06128788
-9.051839828
-9.042381287
-9.032893181
-9.023393631
-9.013871193
-9.004347801
-8.994802475
-8.985224724
-8.97563076
-8.966036797
-8.956406593
-8.946777344
-8.937119484
-8.927431107
-8.917748451
-8.908027649
-8.898305893
-8.888553619
-8.878818512
-8.869035721
-8.859228134
-8.849413872
-8.8396101
-8.829739571
-8.819897652
-8.810022354
-8.800131798
-8.790229797
-8.780295372
-8.770354271
-8.760407448
-8.750437737
-8.740449905
-8.730448723
-8.720433235
-8.710400581
-8.700346947
-8.690283775
-8.680214882
-8.670138359
-8.660013199
-8.64990139
-8.639759064
-8.629607201
-8.619458199
-8.609271049
-8.599082947
-8.588875771
-8.578649521
-8.568417549
-8.558180809
-8.547904015
-8.537636757
-8.527337074
-8.517044067
-8.506738663
-8.496415138
-8.486063004
-8.475698471
-8.46534729
-8.45495224
-8.444574356
-8.43417263
-8.423750877
-8.413321495
-8.402871132
-8.392420769
-8.38194561
-8.371479988
-8.360999107
-8.350491524
-8.339978218
-8.32945919
-8.31891346
-8.308354378
-8.297801018
-8.287244797
-8.276659012
-8.266070366
-8.255464554
-8.244839668
-8.234214783
-8.223587036
-8.212940216
-8.202270508
-8.191614151
-8.180941582
-8.170241356
-8.159550667
-8.148839951
-8.138123512
-8.127398491
-8.116671562
-8.10590744
-8.09516716
-8.084384918
-8.073620796
-8.062820435
-8.052038193
-8.041222572
-8.03041172
-8.019603729
-8.008774757
-7.997922897
-7.987081051
-7.976238728
-7.965364933
-7.954497814
-7.943618774
-7.932736397
-7.921817303
-7.910919666
-7.900015831
-7.889097691
-7.878155708
-7.867219925
-7.856292248
-7.845330238
-7.834388256
-7.823410511
-7.812443256
-7.801473141
-7.790462971
-7.779480457
-7.768487453
-7.75746727
-7.746468544
-7.735434055
-7.724407196
-7.7133708
-7.702337265
-7.691288948
-7.680243492
-7.669173717
-7.658119202
-7.64704895
-7.635976791
-7.624895573
-7.613817692
-7.602725983
-7.591626167
-7.580522537
-7.569417477
-7.558302879
-7.547185421
-7.536051273
-7.524931431
-7.513804436
-7.502646446
-7.491516113
-7.480377674
-7.469222546
-7.458076477
-7.446912289
-7.435750008
-7.424587727
-7.413403034
-7.402222157
-7.391048431
-7.379881859
-7.368679047
-7.357480526
-7.346297264
-7.335095406
-7.323894978
-7.312693119
-7.301494122
-7.290280342
-7.279074192
-7.267861366
-7.256628513
-7.245409489
-7.234187126
-7.222960472
-7.211729527
-7.200501919
-7.189256668
-7.178024292
-7.166783333
-7.155548096
-7.144302845
-7.133066654
-7.121806145
-7.110557079
-7.099315166
-7.088057041
-7.076805115
-7.065548897
-7.054289818
-7.043035507
-7.031778336
-7.020521641
-7.009253979
-6.998000145
-6.986730576
-6.975463867
-6.964199543
-6.952926636
-6.941671848
-6.930400372
-6.919126987
-6.907865047
-6.896598816
-6.885325432
-6.874064445
-6.86279726
-6.851528168
-6.840258121
-6.828986168
-6.817727089
-6.806459427
-6.795186043
-6.783932686
-6.772658348
-6.761388779
-6.750130177
-6.738857269
-6.727594852
-6.716328621
-6.705068588
-6.693802834
-6.682553291
-6.671292782
-6.660036564
-6.648787022
-6.637530327
-6.626274109
-6.615020752
-6.603773117
-6.592517853
-6.581279278
-6.570036888
-6.558796406
-6.547554016
-6.536311626
-6.525066376
-6.513845921
-6.502623081
-6.491380692
-6.480158806
-6.468931675
-6.457708359
-6.446490765
-6.435272694
-6.424057007
-6.412842751
-6.401639938
-6.390434265
-6.379232883
-6.368030548
-6.356837749
-6.345638752
-6.334457874
-6.32326889
-6.312088013
-6.30090332
-6.289724827
-6.278548717
-6.267392635
-6.256225109
-6.245064259
-6.233898163
-6.222751617
-6.211593628
-6.200459003
-6.189314365
-6.178179741
-6.16704607
-6.155919552
-6.14479208
-6.133666992
-6.122552395
-6.111441612
-6.100341797
-6.089249134
-6.07814455
-6.067058086
-6.055970669
-6.044884205
-6.033796787
-6.022736549
-6.011668205
-6.000608444
-5.989556313
-5.978508472
-5.967464447
-5.956412792
-5.94538641
-5.93435812
-5.9233284
-5.912312031
-5.901299953
-5.890302658
-5.879286289
-5.868299484
-5.857314587
-5.846331596
-5.835357189
-5.824385643
-5.813419819
-5.802456379
-5.791511059
-5.780565739
-5.769629002
-5.758697033
-5.74776268
-5.736851215
-5.725943565
-5.715032101
-5.704140663
-5.693243027
-5.682352543
-5.671477795
-5.660600185
-5.649739265
-5.638881683
-5.628043175
-5.617197037
-5.606351852
-5.595525265
-5.584702015
-5.573897362
-5.563082695
-5.552289486
-5.541498184
-5.530704975
-5.519933701
-5.509168148
-5.498409748
-5.487651348
-5.476903439
-5.466171265
-5.455441475
-5.444714069
-5.434001446
-5.423297405
-5.412608147
-5.401916027
-5.391235828
-5.380562782
-5.369895935
-5.359245777
-5.348592758
-5.337951183
-5.32732296
-5.316700459
-5.306091785
-5.29548645
-5.284896374
-5.274298668
-5.263721943
-5.253158569
-5.242596626
-5.232039928
-5.221500397
-5.210975647
-5.200436592
-5.189923763
-5.179419994
-5.16892004
-5.158439636
-5.147954941
-5.13748312
-5.127022743
-5.116575718
-5.106131554
-5.095706463
-5.085283756
-5.074872971
-5.064469814
-5.054084301
-5.043692589
-5.033314705
-5.022951126
-5.012599468
-5.002254009
-4.991920948
-4.981606007
-4.971290588
-4.960985184
-4.950680256
-4.9404006
-4.93012476
-4.919857979
-4.909607887
-4.899373531
-4.889131069
-4.878911018
-4.868701935
-4.858501434
-4.848308086
-4.838122845
-4.827955723
-4.817793369
-4.807648659
-4.797505856
-4.787378311
-4.777266026
-4.767153263
-4.757053375
-4.746965408
-4.736900806
-4.726830959
-4.716782093
-4.706746578
-4.696706772
-4.686686993
-4.676682949
-4.666679859
-4.656701088
-4.646724701
-4.636760712
-4.62680769
-4.616863728
-4.606933117
-4.597018719
-4.587110043
-4.577211857
-4.567334175
-4.557455063
-4.547594547
-4.537742615
-4.527902126
-4.518072128
-4.508257389
-4.49845314
-4.488651752
-4.478877544
-4.46911335
-4.459353924
-4.449595928
-4.439870358
-4.430143356
-4.42043972
-4.41073513
-4.401044369
-4.391376972
-4.381706715
-4.372056484
-4.362408161
-4.352785587
-4.34317255
-4.33357048
-4.323982239
-4.314404488
-4.304829121
-4.295283318
-4.285728455
-4.276200294
-4.26668787
-4.257177353
-4.247677326
-4.238194942
-4.228722572
-4.219266891
-4.209819794
-4.200390816
-4.190966606
-4.181559563
-4.172170639
-4.162779331
-4.153410435
-4.144051552
-4.134705067
-4.12537241
-4.116047382
-4.106742382
-4.097443581
-4.088162422
-4.078892231
-4.069626331
-4.060379505
-4.051153183
-4.041929722
-4.032726765
-4.023525238
-4.014342308
-4.005172729
-3.996015549
-3.986875057
-3.977742195
-3.968617916
-3.959512234
-3.950417519
-3.941333055
-3.932272434
-3.923215866
-3.914168835
-3.905139208
-3.896124363
-3.887120724
-3.878137112
-3.869158983
-3.860190153
-3.851235628
-3.842293262
-3.833366394
-3.824454069
-3.815546513
-3.80666399
-3.797784805
-3.788923025
-3.780078888
-3.771234989
-3.7624228
-3.753611803
-3.744811296
-3.736034393
-3.727260351
-3.718499184
-3.709750891
-3.70102787
-3.692309618
-3.683597088
-3.674900293
-3.666222572
-3.657556295
-3.648899078
-3.640262127
-3.631632805
-3.623020887
-3.614422321
-3.605830431
-3.597255468
-3.588697195
-3.580146551
-3.571606874
-3.563080549
-3.554567337
-3.546070576
-3.537585258
-3.529114246
-3.520660639
-3.512212276
-3.503781796
-3.495365858
-3.486956358
-3.478562117
-3.470176935
-3.46181345
-3.453457832
-3.445118189
-3.43679285
-3.428475618
-3.420176744
-3.411881447
-3.403609753
-3.395347118
-3.387100697
-3.378860235
-3.370634079
-3.362424374
-3.354225397
-3.346041918
-3.337866068
-3.329708338
-3.321559191
-3.313429594
-3.305302858
-3.297198296
-3.289101124
-3.281019211
-3.272950888
-3.264893055
-3.256851673
-3.248821497
-3.240795851
-3.232793093
-3.224802017
-3.216822386
-3.20885253
-3.200899363
-3.192961454
-3.185024261
-3.17710948
-3.169211388
-3.161308527
-3.15343976
-3.14556694
-3.137712479
-3.129870176
-3.12204504
-3.114228487
-3.106423378
-3.098628521
-3.090852261
-3.083077431
-3.075328112
-3.067584991
-3.059850216
-3.052132845
-3.044423342
-3.036729097
-3.02904892
-3.021377802
-3.01371479
-3.006065369
-2.998428345
-2.99080801
-2.983194351
-2.975588799
-2.968003511
-2.960419655
-2.952856064
-2.945299864
-2.937756538
-2.930220127
-2.922698021
-2.915183783
-2.907683849
-2.9001894
-2.892706394
-2.885233402
-2.87777257
-2.870323658
-2.862880707
-2.855448008
-2.848028421
-2.840612411
-2.833206892
-2.825812817
-2.818426847
-2.811050653
-2.803679466
-2.796317101
-2.78896451
-2.781624079
-2.77427721
-2.7669487
-2.759622097
-2.752307415
-2.744992495
-2.73769474
-2.730395079
-2.723100185
-2.715810061
-2.708527088
-2.701249123
-2.693976641
-2.68670249
-2.679436445
-2.672171593
-2.664912701
-2.657654762
-2.650399446
-2.643140316
-2.635885477
-2.628635883
-2.621383905
-2.614128351
-2.606879234
-2.599625111
-2.592372894
-2.585113525
-2.577862024
-2.570599556
-2.563334465
-2.556065798
-2.548796177
-2.541526079
-2.534246922
-2.526962996
-2.519674301
-2.512377977
-2.505079031
-2.497775078
-2.490455866
-2.483140469
-2.475807667
-2.468469858
-2.461126328
-2.453774929
-2.446407795
-2.439035654
-2.431653261
-2.424259424
-2.416858673
-2.409449577
-2.402028322
-2.394592762
-2.387152433
-2.379696131
-2.372223616
-2.364743233
-2.35725379
-2.349750996
-2.342242718
-2.334712029
-2.327179193
-2.319629908
-2.312068701
-2.304494381
-2.296915054
-2.289322615
-2.281714916
-2.27409482
-2.266471863
-2.258834839
-2.251186132
-2.243527174
-2.235856533
-2.228179455
-2.220497847
-2.21280098
-2.205102205
-2.19739151
-2.189678669
-2.181953669
-2.174226284
-2.166488409
-2.158751249
-2.151007891
-2.143259048
-2.135508776
-2.127759933
-2.120004416
-2.112249136
-2.104498148
-2.096745729
-2.088993311
-2.081244707
-2.073500633
-2.065762758
-2.05802393
-2.050293922
-2.042570829
-2.03485775
-2.027145624
-2.019450188
-2.011764526
-2.00408721
-1.996424198
-1.988775849
-1.981142998
-1.973521948
-1.965921402
-1.958336353
-1.950769901
-1.943220019
-1.935693026
-1.928186059
-1.920695782
-1.913238287
-1.905801654
-1.898391008
-1.891004086
-1.883643031
-1.876318455
-1.869013309
-1.86173737
-1.854499817
-1.847290516
-1.840108514
-1.832963586
-1.82584846
-1.818774343
-1.811733603
-1.804723859
-1.797754645
-1.790826082
-1.783931136
-1.777078509
-1.770264149
-1.763489723
-1.756755948
-1.7500633
-1.743413687
-1.73680687
-1.730243087
-1.723718405
-1.717242479
-1.710810781
-1.704420328
-1.69807601
-1.691778779
-1.685528755
-1.679321527
-1.673163295
-1.667050004
-1.660985231
-1.654966831
-1.648994446
-1.643071651
-1.63719523
-1.631364942
-1.625585794
-1.619854927
-1.614168167
-1.608533859
-1.602941155
-1.597400784
-1.591907501
-1.586462379
-1.581065774
-1.575714827
-1.570414305
-1.565160036
-1.559953213
-1.554789901
-1.549679875
-1.544615984
-1.539592862
-1.534621119
-1.529691935
-1.524811029
-1.519976854
-1.515186071
-1.510440707
-1.505739212
-1.501083493
-1.496472001
-1.491905808
-1.487382293
-1.482901454
-1.478464127
-1.474066496
-1.469714403
-1.465402603
-1.461131811
-1.456906199
-1.452716589
-1.448569179
-1.44446075
-1.440391898
-1.436361074
-1.432371616
-1.428419113
-1.424503088
-1.420628786
-1.416789174
-1.412986159
-1.409219146
-1.405488491
-1.401794076
-1.398133278
-1.39450717
-1.390915513
-1.387357593
-1.383833408
-1.380342722
-1.37688458
-1.37346065
-1.370062232
-1.366699696
-1.363366842
-1.360065341
-1.356793404
-1.353551865
-1.350339413
-1.347158551
-1.344003439
-1.340878248
-1.337779164
-1.334711552
-1.331668019
-1.32865262
-1.325664282
-1.322702169
-1.319769263
-1.316857219
-1.313977599
-1.311120629
-1.308288574
-1.305483699
-1.302702665
-1.299945593
-1.297213078
-1.294504523
-1.291816831
-1.289152861
-1.286512136
-1.283888936
-1.281289697
-1.278707147
-1.276146293
-1.27360332
-1.271079302
-1.268571973
-1.266082406
-1.263608932
-1.261152864
-1.25871551
-1.256291986
-1.253883719
-1.251492143
-1.249113798
-1.246753931
-1.244405746
-1.242073298
-1.23975563
-1.237447977
-1.235156178
-1.232874155
-1.230610371
-1.228356719
-1.226116538
-1.223886251
-1.221668959
-1.219463944
-1.217268229
-1.215087414
-1.212916255
-1.210752606
-1.208602071
-1.206459403
-1.204327703
-1.202209234
-1.200097084
-1.19799614
-1.195902228
-1.193820357
-1.191745043
-1.189676642
-1.187620878
-1.185573101
-1.183531165
-1.181499481
-1.179475546
-1.177459717
