2292
0
114.55
28.75164986
28.75048637
28.74676514
28.74054146
28.73186684
28.72079086
28.70736885
28.69164658
28.67367554
28.65350342
28.63118172
28.6067543
28.58026886
28.55177116
28.52130699
28.48892212
28.45465851
28.41856003
28.38067055
28.34103012
28.29968071
28.25666237
28.21201515
28.16577721
28.11798859
28.06868553
28.01790619
27.9656868
27.91206169
27.85706902
27.8007412
27.74311256
27.68421745
27.62408447
27.56275177
27.50024605
27.43659782
27.37184143
27.30600357
27.23911285
27.1711998
27.1022892
27.03241348
26.96159363
26.88986015
26.81723595
26.74374771
26.66941833
26.59427452
26.51833916
26.44163322
26.36418152
26.28600502
26.20712662
26.12756538
26.04734421
25.96648026
25.88499641
25.80291176
25.72024345
25.63701057
25.55323029
25.46892166
25.38409996
25.29878426
25.2129879
25.12672997
25.0400238
24.95288658
24.86532974
24.77737045
24.68902206
24.60029984
24.5112133
24.42177773
24.33200455
24.24190903
24.1515007
24.06079102
23.96979141
23.87851334
23.78696823
23.69516373
23.60311317
23.5108242
23.41830826
23.32557297
23.23262787
23.13948059
23.04614067
22.95261765
22.85891533
22.76504517
22.67101288
22.57682419
22.48249054
22.38801384
22.29340172
22.1986618
22.10379982
22.00881958
21.91372871
21.81853104
21.72323227
21.62783813
21.53235245
21.43677902
21.34112549
21.24539185
21.14958382
21.05370522
20.95775795
20.86174965
20.76567841
20.66954994
20.57336807
20.4771347
20.38084984
20.2845192
20.18814468
20.0917263
19.99526787
19.89876938
19.80223465
19.70566368
19.60905838
19.51241875
19.4157486
19.31904411
19.22231102
19.12554932
19.02875519
18.93193436
18.83508301
18.73820305
18.64129639
18.54435921
18.44739342
18.35039711
18.25337029
18.15631485
18.05922699
17.9621067
17.86495399
17.76776695
17.67054367
17.57328415
17.47598648
17.37865067
17.28127098
17.18384933
17.08638191
16.98886681
16.89130402
16.79368973
16.69602013
16.59829712
16.50051308
 16.402668
16.30475998
16.20678329
16.10873795
16.01061821
15.91242409
15.8141489
15.71579075
15.61734676
15.51881218
15.42018318
15.32145596
15.22262669
15.12369156
15.02464581
14.92548561
14.82620525
14.72680187
14.62726879
14.52760315
14.42779827
14.32784939
14.22775173
14.12749958
14.02708721
13.9265089
13.82575893
13.72483253
13.62372112
13.52241993
13.42092323
13.31922245
13.21731281
13.11518574
13.0128355
12.91025352
12.80743408
12.70436764
12.60104752
12.49746609
12.39361477
12.28948498
12.18506813
12.08035564
11.97533894
11.87000847
11.76435375
11.65836716
11.55203819
11.44535637
11.3383112
11.23089218
11.12308884
11.01488972
10.90628338
10.79725838
10.68780327
10.5779047
10.46755028
10.3567276
10.24542427
10.13362503
10.02131653
9.908485413
9.795115471
9.681193352
9.566703796
9.451629639
9.33595562
9.219664574
9.102740288
8.985165596
8.866921425
8.747989655
8.628351212
8.507987976
8.386878967
8.265003204
8.142341614
8.018870354
7.89456892
7.769413948
7.643381596
7.516448975
7.388590336
7.259780407
7.129993439
6.999202251
6.867380142
6.734497547
6.600525856
6.465435028
6.329194069
6.191771507
6.053134918
5.913250446
5.772083282
5.629598618
5.485759735
5.340528965
5.193867683
5.04573679
4.896094799
4.74489975
4.592108727
4.43767786
4.281560898
4.123711109
3.964080572
3.802619696
3.639277697
3.474002361
3.306740046
3.137435675
2.96603322
2.79247427
2.616699696
2.438648701
2.25825882
2.075466394
1.890206099
1.702410817
1.512012601
1.318941712
1.123126745
0.9244953394
0.7229735255
0.5184861422
0.3109567761
0.1003077701
-0.113539502
-0.3306646645
-0.5511482358
-0.7750713229
-1.002515674
-1.233563542
-1.468297243
-1.70679903
-1.949151039
-2.195434809
-2.445731163
-2.700119972
-2.958679438
-3.221486092
-3.488614082
-3.760135651
-4.036119461
-4.316630363
-4.601730824
-4.891476631
-5.185920715
-5.485109329
-5.789082527
-6.097874165
-6.411511421
-6.730012894
-7.053389072
-7.381642342
-7.714764118
-8.052737236
-8.395534515
-8.743117332
-9.095435143
-9.452427864
-9.814022064
-10.18013287
-10.55066586
-10.92551041
-11.30454636
-11.68764305
-12.07465649
-12.46543121
-12.85980225
-13.25759506
-13.6586237
-14.0626936
-14.46960449
-14.87914562
-15.29110146
-15.70525074
-16.1213665
-16.53922081
-16.95857811
-17.3792057
-17.80086899
-18.22333145
-18.6463604
-19.06972122
-19.49318695
-19.9165287
-20.33952522
-20.76195717
-21.18361664
-21.60429382
-22.02379036
-22.44190979
-22.85846901
-23.27328873
-23.68619537
-24.09702682
-24.50562668
-24.91184616
-25.31554413
-25.71658707
-26.11485291
-26.51022339
-26.90258789
-27.29184341
-27.6778965
-28.06065941
-28.44004822
-28.81599045
-29.18841743
-29.55726624
-29.92248154
-30.28401375
-30.64181519
-30.9958477
-31.34607697
-31.69247246
-32.03500748
-32.37366486
-32.7084198
-33.03926468
-33.36618805
-33.68918228
-34.00824738
-34.32337952
-34.63458633
-34.94186783
-35.24523544
-35.54469681
-35.84026718
-36.13196182
-36.41979218
-36.70378113
-36.98394394
-37.26030731
-37.53289413
-37.80172348
-38.06682205
-38.32822037
-38.58594131
-38.84001541
-39.09047318
-39.33734131
-39.58065033
-39.82043839
-40.05672836
-40.28955841
-40.51895905
-40.7449646
-40.96760559
-41.18692017
-41.40294266
-41.61569977
-41.82523727
-42.03157806
-42.23476791
-42.43483353
-42.63180923
-42.825737
-43.01664352
-43.20457077
-43.38954544
-43.5716095
-43.75079346
-43.92713165
-44.10065842
-44.27140808
-44.43941116
-44.60470581
-44.76732254
-44.9272995
-45.08465958
-45.23944473
-45.39168167
-45.54140472
-45.68864822
-45.83343887
-45.975811
-46.11579132
-46.25341797
-46.38871384
-46.52171326
-46.65244675
-46.78094101
-46.90722656
-47.03133392
-47.15328598
-47.27312088
-47.39085388
-47.50652313
-47.62015152
-47.73176956
-47.84139633
-47.94906616
-48.05480194
-48.15863037
-48.26057434
-48.36066055
-48.45891571
-48.5553627
-48.65002823
-48.74293137
-48.834095
-48.92354965
-49.01131439
-49.09741211
-49.18186569
-49.26469421
-49.34592438
-49.42557526
-49.50366592
-49.58022308
-49.65526581
-49.72880936
-49.80088043
-49.87149811
-49.94067764
-50.00844193
-50.07481003
-50.13979721
-50.20343018
-50.26572037
-50.32668686
-50.38634872
-50.44472122
-50.50182724
-50.55768204
-50.61229706
-50.66569519
-50.71789169
-50.76890182
-50.81874084
-50.86742783
-50.91497421
-50.96139526
-51.00671005
-51.05093384
-51.09407806
-51.13615799
-51.17718887
-51.21718216
-51.25615692
-51.29412079
-51.33109283
-51.3670845
-51.40210724
-51.4361763
-51.46930313
-51.50150299
-51.53278351
-51.56315994
-51.59264374
-51.62125015
-51.648983
-51.67586517
-51.70189667
-51.72709656
-51.75147247
-51.77503967
-51.79780197
-51.81977463
-51.84096909
-51.86138916
-51.88105392
-51.89997101
-51.91814423
-51.93559265
-51.9523201
-51.9683342
-51.98365021
-51.99827576
-52.01221466
-52.02548218
-52.03808594
-52.05003738
-52.06133652
-52.0719986
-52.08203125
-52.09144211
-52.1002388
-52.10843277
-52.11602783
-52.12303162
-52.12945557
-52.1353035
-52.14058304
-52.14530563
-52.1494751
-52.15310287
-52.15618896
-52.15874481
-52.16078186
-52.1622963
-52.16330338
-52.16380692
-52.16381073
-52.16333008
-52.16236115
-52.16091537
-52.15899658
-52.1566124
-52.15377045
-52.15047455
-52.14673233
-52.14254761
-52.13792419
-52.13287354
-52.12739944
-52.12150192
-52.11519241
-52.10847473
-52.10135269
-52.09383392
-52.08592224
-52.07762146
-52.06893921
-52.0598793
-52.05044556
-52.04064178
-52.03047943
-52.01995468
-52.00907516
-51.9978447
-51.98627472
-51.9743576
-51.96210861
-51.94952393
-51.93661499
-51.92338181
-51.90982819
-51.89595795
-51.88177872
-51.8672905
-51.85250092
-51.83740997
-51.8220253
-51.80634689
-51.79037857
-51.77412796
-51.75759888
-51.74078751
-51.72370529
-51.70635223
-51.68873596
-51.67085266
-51.65270996
-51.63430786
-51.61565781
-51.59675217
-51.57760239
-51.55820847
-51.53857422
-51.51870346
-51.49859619
-51.47826004
-51.45769119
-51.43690109
-51.41588593
-51.39464951
-51.37319946
-51.35153198
-51.32965469
-51.30756378
-51.28527069
-51.26277542
-51.24007797
-51.21718216
-51.19408798
-51.17080307
-51.14732742
-51.12366104
-51.09981155
-51.07577515
-51.05155945
-51.02716446
-51.00259399
-50.97784805
-50.95293045
-50.92784119
-50.90258789
-50.87716675
-50.85158157
-50.82583618
-50.79993057
-50.77386856
-50.74765015
-50.72127914
-50.69475937
-50.66808701
-50.64126968
-50.6143074
-50.58720016
-50.55995178
-50.53256607
-50.50503922
-50.47737885
-50.44958115
-50.42165375
-50.39359283
-50.36540604
-50.33708954
-50.30865097
-50.2800827
-50.25139618
-50.22258759
-50.19366074
-50.16461563
-50.13545227
-50.10617828
-50.07678986
-50.0472908
-50.01768112
-49.98796082
-49.95813751
-49.9282074
-49.89817047
-49.86803436
-49.83779526
-49.80745316
-49.77701569
-49.74648285
-49.71585083
-49.68512726
-49.65430832
-49.62339783
-49.59239578
-49.56130219
-49.53012466
-49.49885941
-49.46750641
-49.43606949
-49.40454865
-49.37294769
-49.34126282
-49.30949783
-49.27765656
-49.24573517
-49.21373749
-49.18166733
-49.14952087
-49.11729813
-49.08500671
-49.05264282
-49.02021027
-48.98770523
-48.95513535
-48.9224968
-48.88978958
-48.85702133
-48.82418823
-48.79129028
-48.75832748
-48.72530746
-48.69222641
-48.65908432
-48.62588501
-48.59262466
-48.55931091
-48.52593994
-48.49251556
-48.45903397
-48.42550278
-48.39191437
-48.35827637
-48.32458878
-48.29084778
-48.257061
-48.22322464
-48.18933868
-48.15540695
-48.12142944
-48.08740616
-48.05334091
-48.01922989
-47.98507309
-47.95087433
-47.91663742
-47.88235855
-47.84803772
-47.81367493
-47.7792778
-47.74483871
-47.7103653
-47.67585373
-47.64130783
-47.60672379
-47.57210541
-47.5374527
-47.50276566
-47.4680481
-47.4332962
-47.39850998
-47.36369705
-47.32885361
-47.29397583
-47.25907135
-47.22414017
-47.18917847
-47.15419006
-47.11917496
-47.08412933
-47.04906082
-47.01396942
-46.97885132
-46.94370651
-46.90853882
-46.87335205
-46.83813858
-46.80290222
-46.76764679
-46.73236847
-46.69707108
-46.66175079
-46.62641525
-46.59105682
-46.55567932
-46.52028656
-46.48487473
-46.44944382
-46.41399765
-46.37853622
-46.34305573
-46.30756378
-46.27205276
-46.2365303
-46.20099258
-46.16543961
-46.12987518
-46.09429932
-46.05870819
-46.02310562
-45.98749161
-45.95186615
-45.91623306
-45.88058472
-45.84492874
-45.80926132
-45.77358627
-45.73790359
-45.70221329
-45.66651154
-45.63080215
-45.59508514
-45.55936432
-45.52363586
-45.48789978
-45.45215607
-45.41640854
-45.3806572
-45.34489822
-45.30913925
-45.27337265
-45.23760223
-45.201828
-45.16604996
-45.13027191
-45.09449005
-45.05870438
-45.0229187
-44.98712921
-44.95133972
-44.91555023
-44.87975693
-44.84396744
-44.80817413
-44.77238464
-44.73659134
-44.70080185
-44.66501236
-44.62922287
-44.59343719
-44.55765152
-44.52186966
-44.4860878
-44.45031357
-44.41453934
-44.37876511
-44.3429985
-44.30723572
-44.27147293
-44.23571777
-44.19996643
-44.1642189
-44.128479
-44.09274292
-44.05701065
-44.02128601
-43.98556519
-43.94985199
-43.91414642
-43.87844467
-43.84275055
-43.80706406
-43.77138519
-43.73571396
-43.70005035
-43.66439438
-43.62874985
-43.59310913
-43.55747986
-43.52185822
-43.4862442
-43.45064163
-43.41504669
-43.3794632
-43.34388733
-43.30832672
-43.27276993
-43.23722839
-43.20169449
-43.16617203
-43.13066101
-43.09516144
-43.05966949
-43.02419281
-42.98872757
-42.95327377
-42.91783142
-42.88240433
-42.84698868
-42.81158447
-42.77619171
-42.74081421
-42.70544815
-42.67009354
-42.634758
-42.59943008
-42.56412125
-42.52882385
-42.4935379
-42.45827103
-42.42301559
-42.38777542
-42.35255051
-42.31733704
-42.28214264
-42.2469635
-42.21179581
-42.17664719
-42.14151382
-42.10639572
-42.07129288
-42.03620529
-42.00113297
-41.96607971
-41.93104172
-41.89601898
-41.86101532
-41.82602692
-41.79105759
-41.75610352
-41.7211647
-41.68624496
-41.6513443
-41.61645889
-41.58159256
-41.54674149
-41.51190948
-41.47709656
-41.4423027
-41.40752411
-41.3727684
-41.33802795
-41.30330658
-41.26860428
-41.23391724
-41.19925308
-41.164608
-41.12998199
-41.09537506
-41.06078339
-41.0262146
-40.9916687
-40.95713806
-40.9226265
-40.88813782
-40.85366821
-40.81921768
-40.78478622
-40.75037766
-40.71598816
-40.68161774
-40.6472702
-40.61294174
-40.57863617
-40.54434967
-40.51008606
-40.47584152
-40.44161606
-40.40741348
-40.3732338
-40.33907318
-40.30493546
-40.2708168
-40.23672104
-40.20264816
-40.16859818
-40.13456726
-40.10055923
-40.06657028
-40.03260803
-39.99866486
-39.96474457
-39.93084717
-39.89696884
-39.86311722
-39.82928467
-39.79547882
-39.76169205
-39.72792816
-39.69418716
-39.66046906
-39.62677383
-39.5931015
-39.55945206
-39.52582932
-39.49222565
-39.45864487
-39.42508698
-39.39155579
-39.35804749
-39.32455826
-39.29109573
-39.2576561
-39.22423935
-39.1908493
-39.15748215
-39.12413406
-39.09081268
-39.05751801
-39.0242424
-38.9909935
-38.9577713
-38.92456818
-38.89139175
-38.85823822
-38.82511139
-38.79200363
-38.75892639
-38.72586823
-38.69283676
-38.659832
-38.62685013
-38.59389114
-38.56095886
-38.52804947
-38.49516296
-38.46230316
-38.42947006
-38.39665985
-38.36387634
-38.33111572
-38.29838181
-38.26567078
-38.23298645
-38.20032501
-38.16769028
-38.13507843
-38.10249329
-38.06993484
-38.03739929
-38.00489044
-37.97240829
-37.93994904
-37.90751648
-37.87510681
-37.84272385
-37.81036758
-37.77803421
-37.74572754
-37.71344757
-37.68119431
-37.64896393
-37.61676025
-37.58458328
-37.5524292
-37.52030182
-37.48820114
-37.45612717
-37.42407608
-37.3920517
-37.36005402
-37.32808304
-37.29613495
-37.26421738
-37.23232269
-37.2004509
-37.16860962
-37.13679504
-37.10500336
-37.07323837
-37.04150009
-37.00978851
-36.97809982
-36.94644165
-36.91480637
-36.88319778
-36.85161591
-36.82006073
-36.78853226
-36.75703049
-36.72555161
-36.69410324
-36.66267776
-36.63127899
-36.59990692
-36.56856155
-36.53724289
-36.50595093
-36.47468567
-36.4434433
-36.41223145
-36.38104248
-36.34988403
-36.31874847
-36.28763962
-36.25655746
-36.22550201
-36.19447327
-36.16347122
-36.13249588
-36.10154724
-36.07062531
-36.03972626
-36.00885773
-35.9780159
-35.94719696
-35.91640854
-35.88564301
-35.85490799
-35.82419586
-35.79351425
-35.76285553
-35.73222351
-35.70161819
-35.6710434
-35.64049149
-35.60996628
-35.57946777
-35.54899597
-35.51855087
-35.48813629
-35.4577446
-35.42737961
-35.39704132
-35.36672974
-35.33644485
-35.30618286
-35.27595139
-35.24574661
-35.21556854
-35.18541718
-35.15529251
-35.12519455
-35.09511948
-35.06507492
-35.03505707
-35.0050621
-34.97509766
-34.94515991
-34.91524506
-34.88536072
-34.85550308
-34.82566833
-34.79586411
-34.76608276
-34.73633194
-34.706604
-34.67690659
-34.64723206
-34.61758423
-34.58796692
-34.5583725
-34.52880478
-34.49926376
-34.46974945
-34.44026184
-34.41080475
-34.38137054
-34.35196304
-34.32257843
-34.29322433
-34.26389694
-34.23459625
-34.20532227
-34.17607117
-34.14685059
-34.11765289
-34.08848572
-34.05934143
-34.03022766
-34.00113678
-33.9720726
-33.94303513
-33.91402435
-33.88504028
-33.85608292
-33.82715225
-33.79824448
-33.76936722
-33.74051285
-33.711689
-33.68288803
-33.65411377
-33.62536621
-33.59664536
-33.5679512
-33.53928375
-33.51063919
-33.48202515
-33.45343399
-33.42487335
-33.3963356
-33.36782455
-33.3393364
-33.31087875
-33.28244781
-33.25403976
-33.22565842
-33.19730377
-33.16897583
-33.14067459
-33.11239624
-33.08414841
-33.05592346
-33.02772522
-32.99955368
-32.97140884
-32.9432869
-32.91519165
-32.88712311
-32.85908127
-32.83106613
-32.80307388
-32.77511215
-32.74717331
-32.71925735
-32.69137192
-32.66350937
-32.63567352
-32.60786438
-32.58008194
-32.55232239
-32.52458954
-32.49688339
-32.46920013
-32.44154358
-32.41391373
-32.38631058
-32.35873413
-32.33118057
-32.3036499
-32.27614975
-32.24867249
-32.22122192
-32.19379807
-32.16639709
-32.13902283
-32.11167145
-32.08435059
-32.0570488
-32.02977753
-32.00252914
-31.97530746
-31.94811058
-31.92093849
-31.89379311
-31.86667252
-31.83957672
-31.81250572
-31.78545952
-31.75844002
-31.73144341
-31.7044735
-31.67752838
-31.65060997
-31.62371445
-31.59684563
-31.56999969
-31.54318047
-31.51638603
-31.48961639
-31.46287155
-31.4361515
-31.40945625
-31.3827858
-31.35614014
-31.32951927
-31.30292511
-31.27635384
-31.24980736
-31.22328568
-31.19678879
-31.1703167
-31.1438694
-31.1174469
-31.09104919
-31.06467438
-31.03832626
-31.01200104
-30.98570251
-30.95942688
-30.93317604
-30.90694809
-30.88074684
-30.85456848
-30.82841492
-30.80228615
-30.77618217
-30.75010109
-30.7240448
-30.69801331
-30.67200661
-30.6460228
-30.62006378
-30.59412956
-30.56821823
-30.5423317
-30.51646805
-30.4906292
-30.46481514
-30.43902397
-30.4132576
-30.38751411
-30.36179543
-30.33610153
-30.31043053
-30.28478241
-30.25915909
-30.23356056
-30.20798492
-30.18243217
-30.15690422
-30.13139915
-30.10591888
-30.0804615
-30.05502701
-30.02961731
-30.0042305
-29.97886658
-29.95352745
-29.92821121
-29.90291977
-29.87764931
-29.85240364
-29.82718086
-29.80198288
-29.77680588
-29.75165367
-29.72652435
-29.70141983
-29.67633629
-29.65127754
-29.62623978
-29.60122681
-29.57623672
-29.55126953
-29.52632523
-29.50140381
-29.47650719
-29.45163155
-29.42677879
-29.40194893
-29.37714386
-29.35235977
-29.32759857
-29.30286026
-29.27814674
-29.25345421
-29.22878265
-29.20413589
-29.17951202
-29.15491104
-29.13033104
-29.10577393
-29.0812397
-29.05672836
-29.03223991
-29.00777245
-28.98332787
-28.95890617
-28.93450737
-28.91012955
-28.88577461
-28.86144257
-28.8371315
-28.81284332
-28.78857803
-28.76433372
-28.7401123
-28.71591377
-28.69173622
-28.66757965
-28.64344597
-28.61933517
-28.59524536
-28.57117844
-28.54713249
-28.52310753
-28.49910545
-28.47512627
-28.45116806
-28.42723083
-28.4033165
-28.37942314
-28.35555077
-28.33170128
-28.30787277
-28.28406525
-28.26028061
-28.23651695
-28.21277428
-28.18905449
-28.16535378
-28.14167595
-28.1180191
-28.09438324
-28.07077026
-28.04717636
-28.02360535
-28.00005531
-27.97652626
-27.95301819
-27.9295311
-27.90606499
-27.88261986
-27.85919571
-27.83579254
-27.81241035
-27.78904915
-27.76570892
-27.74238968
-27.71909142
-27.69581413
-27.67255783
-27.6493206
-27.62610626
-27.602911
-27.57973671
-27.5565834
-27.53345108
-27.51033783
-27.48724556
-27.46417427
-27.44112396
-27.41809464
-27.39508438
-27.3720932
-27.34912491
-27.32617569
-27.30324745
-27.28033829
-27.2574501
-27.23458099
-27.21173286
-27.18890572
-27.16609764
-27.14330864
-27.12054062
-27.09779358
-27.07506561
-27.05235672
-27.02966881
-27.00700188
-26.98435211
-26.96172333
-26.93911552
-26.91652489
-26.89395523
-26.87140656
-26.84887695
-26.82636452
-26.80387497
-26.78140259
-26.75895119
-26.73651695
-26.7141037
-26.69171143
-26.66933632
-26.64698029
-26.62464523
-26.60232925
-26.58003235
-26.55775261
-26.53549385
-26.51325417
-26.49103355
-26.46883202
-26.44664955
-26.42448616
-26.40233994
-26.38021469
-26.35810852
-26.33601952
-26.31395149
-26.29190063
-26.26986885
-26.24785614
-26.2258625
-26.20388603
-26.18192863
-26.15999031
-26.13807106
-26.11617088
-26.09428787
-26.07242393
-26.05057716
-26.02874947
-26.00694084
-25.98514938
-25.963377
-25.94162369
-25.91988754
-25.89817047
-25.87647057
-25.85478783
-25.83312416
-25.81147957
-25.78985214
-25.76824188
-25.7466507
-25.72507858
-25.70352173
-25.68198395
-25.66046333
-25.63896179
-25.61747742
-25.59601021
-25.57456207
-25.5531292
-25.53171539
-25.51031876
-25.48894119
-25.46757889
-25.44623566
-25.42490959
-25.40360069
-25.38230896
-25.36103439
-25.33977699
-25.31853676
-25.29731369
-25.27610779
-25.25491905
-25.23374939
-25.21259499
-25.19145775
-25.17033768
-25.14923286
-25.12814713
-25.10707855
-25.08602524
-25.06498909
-25.04397011
-25.02296829
-25.00198174
-24.98101234
-24.96006012
-24.93912506
-24.91820526
-24.89730263
-24.87641716
-24.85554695
-24.83469391
-24.81385612
-24.79303551
-24.77223206
-24.75144386
-24.73067093
-24.70991516
-24.68917656
-24.66845131
-24.64774513
-24.62705231
-24.60637856
-24.58571815
-24.56507492
-24.54444695
-24.52383423
-24.50323868
-24.48265839
-24.46209335
-24.44154549
-24.42101097
-24.40049362
-24.37999153
-24.3595047
-24.33903313
-24.31857681
-24.29813766
-24.27771187
-24.25730324
-24.23690796
-24.21652794
-24.19616508
-24.17581558
-24.15548325
-24.13516426
-24.11486053
-24.09457207
-24.07429886
-24.054039
-24.03379631
-24.01356697
-23.99335289
-23.97315216
-23.9529686
-23.93279839
-23.91264343
-23.89250183
-23.87237549
-23.8522644
-23.83216667
-23.8120842
-23.79201508
-23.77196121
-23.7519207
-23.73189545
-23.71188354
-23.6918869
-23.67190361
-23.65193367
-23.63197899
-23.61203766
-23.59211159
-23.57219696
-23.55229759
-23.53241348
-23.51254082
-23.49268341
-23.47283745
-23.45300674
-23.4331913
-23.4133873
-23.39359665
-23.37381935
-23.35405731
-23.33430672
-23.31456947
-23.29484749
-23.27513695
-23.25543976
-23.23575592
-23.21608543
-23.1964283
-23.17678261
-23.15715218
-23.13753319
-23.11792564
-23.09833336
-23.07875252
-23.05918503
-23.03962898
-23.0200882
-23.00055695
-22.98104095
-22.9615345
-22.9420433
-22.92256165
-22.90309525
-22.88363838
-22.86419487
-22.84476471
-22.82534409
-22.80593872
-22.78654289
-22.76716042
-22.74778748
-22.72842979
-22.70908165
-22.68974495
-22.6704216
-22.6511097
-22.63180733
-22.61251831
-22.59324074
-22.57397461
-22.55471802
-22.53547478
-22.51624298
-22.49702072
-22.47781181
-22.45861244
-22.43942451
-22.42024612
-22.40108109
-22.38192558
-22.36278152
-22.343647
-22.32452393
-22.30541229
-22.2863102
-22.26721954
-22.24813843
-22.22906685
-22.21000671
-22.19095802
-22.17191887
-22.15288925
-22.13386917
-22.11486053
-22.09586143
-22.07687187
-22.05789185
-22.03892326
-22.01996231
-22.0010128
-21.98207092
-21.96314049
-21.94421959
-21.92530632
-21.9064045
-21.8875103
-21.86862564
-21.84975052
-21.83088493
-21.81202698
-21.79317856
-21.77433968
-21.75551033
-21.73668861
-21.71787453
-21.69906998
-21.68027496
-21.66148758
-21.64270782
-21.62393761
-21.60517502
-21.58642006
-21.56767464
-21.54893684
-21.53020668
-21.51148415
-21.49276924
-21.47406197
-21.45536423
-21.43667221
-21.41798782
-21.39931107
-21.38064194
-21.36198044
-21.34332466
-21.32467842
-21.306036
-21.28740311
-21.26877594
-21.2501564
-21.23154259
-21.2129364
-21.19433594
-21.1757431
-21.15715408
-21.1385746
-21.11999893
-21.10143089
-21.08286667
-21.06431007
-21.0457592
-21.02721405
-21.00867462
-20.99014091
-20.97161293
-20.95308876
-20.93457222
-20.91605949
-20.89755249
-20.8790493
-20.86055183
-20.84206009
-20.82357025
-20.80508804
-20.78660965
-20.76813507
-20.74966431
-20.73119926
-20.71273613
-20.69427872
-20.67582512
-20.65737534
-20.63892937
-20.62048721
-20.60204697
-20.58361244
-20.56517982
-20.54674911
-20.52832413
-20.50989914
-20.49147987
-20.47306252
-20.45464706
-20.43623352
-20.41782379
-20.39941597
-20.38101006
-20.36260605
-20.34420395
-20.32580185
-20.30740356
-20.28900719
-20.27061081
-20.25221634
-20.23382378
-20.21543121
-20.19703865
-20.17864799
-20.16025734
-20.14186859
-20.12347984
-20.10508919
-20.08670044
-20.06831169
-20.04992294
-20.03153229
-20.01314163
-19.99475098
-19.97636032
-19.95796776
-19.93957329
-19.92117882
-19.90278244
-19.88438416
-19.86598587
-19.84758377
-19.82917976
-19.81077576
-19.79236794
-19.7739563
-19.75554466
-19.73712921
-19.71870995
-19.70028687
-19.68186188
-19.66343307
-19.64500046
-19.62656593
-19.60812569
-19.58967972
-19.57123184
-19.55277824
-19.53432083
-19.5158577
-19.49738884
-19.47891617
-19.46043587
-19.44195175
-19.42346191
-19.40496445
-19.38646126
-19.36795235
-19.34943581
-19.33091354
-19.31238174
-19.29384422
-19.27529907
-19.25674629
-19.23818588
-19.21961784
-19.20104027
-19.18245316
-19.16385841
-19.14525414
-19.12664032
-19.10801888
-19.08938599
-19.07074165
-19.05208969
-19.03342438
-19.01475143
-18.99606514
-18.9773674
-18.95866013
-18.9399395
-18.92120743
-18.90246201
-18.88370514
-18.86493492
-18.84615135
-18.82735443
-18.80854416
-18.78971863
-18.77087975
-18.75202751
-18.73315811
-18.71427536
-18.69537544
-18.67646027
-18.65752983
-18.63858223
-18.61961746
-18.60063553
-18.58163834
-18.56262207
-18.54358673
-18.52453423
-18.50546265
-18.48637199
-18.46726036
-18.44813156
-18.42898178
-18.40981102
-18.39061928
-18.37140656
-18.35217285
-18.33291626
-18.31363678
-18.29433632
-18.27501106
-18.25566292
-18.23629189
-18.21689415
-18.19747353
-18.1780262
-18.15855408
-18.13905716
-18.11953163
-18.0999794
-18.08040047
-18.06079483
-18.04115868
-18.02149391
-18.00180054
-17.98207855
-17.96232605
-17.94254112
-17.92272568
-17.90287971
-17.88300133
-17.86308861
-17.84314346
-17.82316589
-17.80315208
-17.78310394
-17.76302147
-17.74290276
-17.7227459
-17.7025528
-17.68232346
-17.66205406
-17.64174652
-17.62139893
-17.60101318
-17.58058548
-17.56011581
-17.53960419
-17.5190506
-17.49845314
-17.47781181
-17.45712662
-17.43639565
-17.4156189
-17.39479446
-17.37392426
-17.35300446
-17.33203697
-17.3110199
-17.28995132
-17.26883125
-17.24766159
-17.22643661
-17.20516014
-17.18382835
-17.16244125
-17.14099884
-17.11949921
-17.09794235
-17.07632637
-17.05465317
-17.03291702
-17.01111984
-16.98926163
-16.96734047
-16.94535446
-16.9233036
-16.90118599
-16.87900352
-16.85675049
-16.83443069
-16.81204033
-16.78957748
-16.76704407
-16.74443817
-16.72175598
-16.6989994
-16.67616463
-16.65325356
-16.63026428
-16.60719299
-16.5840416
-16.56080818
-16.53748894
-16.51408768
-16.49059677
-16.46702003
-16.44335365
-16.41959763
-16.39575005
-16.37180901
-16.3477726
-16.32364273
-16.29941368
-16.27508545
-16.25065804
-16.22612762
-16.20149422
-16.17675591
-16.15191078
-16.12695694
-16.10189247
-16.07671738
-16.05142975
-16.02602577
-16.00050545
-15.97486687
-15.94910812
-15.92322636
-15.89721966
-15.87108803
-15.84482765
-15.81843662
-15.79191399
-15.76525784
-15.73846436
-15.71153259
-15.68446064
-15.65724564
-15.62988567
-15.60237789
-15.57472134
-15.54691219
-15.51894855
-15.49082851
-15.46254826
-15.43410683
-15.40550041
-15.3767271
-15.34778309
-15.31866741
-15.28937626
-15.25990677
-15.23025703
-15.20042229
-15.17040062
-15.14019012
-15.10978508
-15.07918453
-15.04838467
-15.01738167
-14.98617268
-14.95475388
-14.92312336
-14.89127541
-14.85920715
-14.82691574
-14.7943964
-14.76164627
-14.72866058
-14.69543552
-14.66196728
-14.62825203
-14.59428501
-14.56006336
-14.52558041
-14.49083328
-14.45581627
-14.4205265
-14.38495827
-14.34910583
-14.31296539
-14.27653217
-14.23980045
-14.20276546
-14.16542053
-14.12776184
-14.08978271
-14.05147839
-14.01284218
-13.97386932
-13.93455219
-13.89488602
-13.85486412
-13.81447887
-13.77372551
-13.7325964
-13.69108486
-13.64918327
-13.60688496
-13.56418228
-13.52106857
-13.4775362
-13.43357563
-13.38918114
-13.34434223
-13.29905224
-13.25330162
-13.20708275
-13.16038513
-13.11320114
-13.06552029
-13.01733303
-12.96863079
-12.91940212
-12.86963654
-12.81932545
-12.76845551
-12.71701813
-12.66499996
-12.61239147
-12.55917835
-12.50535107
-12.45089531
-12.39579868
-12.34004879
-12.28363132
-12.22653389
-12.16874123
-12.11023903
-12.05101395
-11.99104881
-11.93032932
-11.86884022
-11.80656338
-11.74348354
-11.67958355
-11.61484432
-11.54924965
-11.4827795
-11.41541672
-11.34713936
-11.27792931
-11.20776558
-11.1366272
-11.06449127
-10.99133778
-10.91714191
-10.84188175
-10.76553154
-10.68806839
-10.6094656
-10.52969837
-10.4487381
-10.36655903
-10.28313255
-10.19842911
-10.11241913
-10.0250721
-9.936355591
-9.84623909
-9.754688263
-9.661668777
-9.567145348
-9.471083641
-9.373444557
-9.274189949
-9.173282623
-9.070681572
-8.96634388
-8.860229492
-8.752293587
-8.642490387
-8.530776024
-8.41710186
-8.301419258
-8.183679581
-8.063830376
-7.941820145
-7.817594051
-7.691097736
-7.562273979
-7.431064606
-7.297410488
-7.161250114
-7.022521973
-6.881160736
-6.737102032
-6.590279102
-6.440622807
-6.288063526
-6.132530212
-5.973950386
-5.81224966
-5.647353172
-5.479183674
-5.307664394
-5.132715702
-4.954257488
-4.772210121
-4.586491108
-4.397018433
-4.203709126
-4.006481171
-3.805250406
-3.599934578
-3.390450954
-3.176717758
-2.958654165
-2.736180782
-2.509219646
-2.277694702
-2.04153347
-1.800665021
-1.555022955
-1.304544568
-1.049171567
-0.7888510227
-0.5235357881
-0.2531850636
0.02223484404
0.302749753
0.5883770585
0.8791249394
1.174991608
1.475964904
1.782020926
2.093124151
2.409226418
2.730266333
3.056168795
3.386844397
3.722189665
4.062085629
4.406398773
4.754980087
5.107666016
5.464277267
5.824620247
6.18848753
6.555657387
6.925894737
7.298953056
7.674573898
8.052488327
8.432418823
8.814078331
9.197174072
9.581407547
9.96647644
10.35207462
10.73789406
11.12362957
11.50897408
11.8936224
12.27727699
12.65964127
13.04042625
13.41934967
13.79613686
14.17052174
14.54224682
14.9110651
15.27674103
15.63904762
15.99777031
 16.352705
16.70366096
 17.050457
17.39292145
17.73090172
18.06424713
18.39282227
18.71650696
19.03518486
19.34875298
19.65711784
19.96019745
20.2579155
20.55021095
20.83702469
21.11831093
21.39402771
21.66414261
21.92863274
22.18747711
22.4406662
22.68819427
22.93005753
23.16626549
23.3968277
23.62175751
23.8410778
24.05480957
24.26298141
24.46562576
24.66277695
24.85447121
25.04075241
25.22166252
25.39724731
25.56755638
25.73263741
25.89254761
26.04733658
26.19706154
26.3417778
26.48154831
26.61642838
26.74647903
26.87176323
26.9923439
27.10828209
27.21964073
27.32648468
27.42888069
27.5268898
27.62057877
27.71001434
27.79525757
27.87637711
27.95343781
28.02650452
28.09564209
28.16091347
28.22238731
28.28012657
28.33419228
28.38465309
28.43156815
28.4750042
28.51502037
28.55167961
28.58504486
28.61517525
28.64213371
28.66597748
28.68676758
28.70456123
28.71941948
28.73139763
28.7405529
28.74694061
28.75061798
28.75164032
