0 1.21425 
0.05 1.21098 
0.1 1.20772 
0.15 1.20447 
0.2 1.20123 
0.25 1.198 
0.3 1.19478 
0.35 1.19157 
0.4 1.18837 
0.45 1.18518 
0.5 1.182 
0.55 1.17883 
0.6 1.17567 
0.65 1.17251 
0.7 1.16937 
0.75 1.16624 
0.8 1.16312 
0.85 1.16001 
0.9 1.15691 
0.95 1.15382 
1 1.15074 
1.05 1.14766 
1.1 1.1446 
1.15 1.14156 
1.2 1.13851 
1.25 1.13549 
1.3 1.13247 
1.35 1.12946 
1.4 1.12646 
1.45 1.12347 
1.5 1.1205 
1.55 1.11753 
1.6 1.11457 
1.65 1.11163 
1.7 1.10869 
1.75 1.10577 
1.8 1.10286 
1.85 1.09995 
1.9 1.09706 
1.95 1.09418 
2 1.09131 
2.05 1.08846 
2.1 1.08561 
2.15 1.08277 
2.2 1.07995 
2.25 1.07713 
2.3 1.07433 
2.35 1.07154 
2.4 1.06876 
2.45 1.06599 
2.5 1.06324 
2.55 1.06049 
2.6 1.05776 
2.65 1.05504 
2.7 1.05233 
2.75 1.04963 
2.8 1.04695 
2.85 1.04428 
2.9 1.04162 
2.95 1.03897 
3 1.03634 
3.05 1.03371 
3.1 1.03111 
3.15 1.02851 
3.2 1.02593 
3.25 1.02336 
3.3 1.0208 
3.35 1.01826 
3.4 1.01573 
3.45 1.01321 
3.5 1.01071 
3.55 1.00822 
3.6 1.00574 
3.65 1.00328 
3.7 1.00084 
3.75 0.998406 
3.8 0.99599 
3.85 0.993587 
3.9 0.991202 
3.95 0.988828 
4 0.98647 
4.05 0.984129 
4.1 0.981801 
4.15 0.979489 
4.2 0.977194 
4.25 0.974917 
4.3 0.97265 
4.35 0.970404 
4.4 0.968173 
4.45 0.965957 
4.5 0.963759 
4.55 0.961574 
4.6 0.959411 
4.65 0.957262 
4.7 0.955132 
4.75 0.953017 
4.8 0.950921 
4.85 0.948842 
4.9 0.946779 
4.95 0.944736 
5 0.94271 
5.05 0.940704 
5.1 0.938713 
5.15 0.93674 
5.2 0.934789 
5.25 0.932853 
5.3 0.93094 
5.35 0.929044 
5.4 0.927165 
5.45 0.925307 
5.5 0.923467 
5.55 0.921648 
5.6 0.919846 
5.65 0.918066 
5.7 0.916305 
5.75 0.914565 
5.8 0.912844 
5.85 0.911145 
5.9 0.909465 
5.95 0.907803 
6 0.906165 
6.05 0.904548 
6.1 0.902949 
6.15 0.901374 
6.2 0.899819 
6.25 0.898286 
6.3 0.896774 
6.35 0.895281 
6.4 0.893812 
6.45 0.892364 
6.5 0.890939 
6.55 0.889535 
6.6 0.888154 
6.65 0.886794 
6.7 0.885456 
6.75 0.884142 
6.8 0.88285 
6.85 0.881581 
6.9 0.880336 
6.95 0.879112 
7 0.877911 
7.05 0.876733 
7.1 0.87558 
7.15 0.874449 
7.2 0.873343 
7.25 0.87226 
7.3 0.871201 
7.35 0.870164 
7.4 0.869152 
7.45 0.868164 
7.5 0.867201 
7.55 0.866262 
7.6 0.865348 
7.65 0.864458 
7.7 0.863592 
7.75 0.862749 
7.8 0.861935 
7.85 0.861143 
7.9 0.860377 
7.95 0.859636 
8 0.85892 
8.05 0.85823 
8.1 0.857565 
8.15 0.856926 
8.2 0.856311 
8.25 0.855723 
8.3 0.855161 
8.35 0.854625 
8.4 0.854114 
8.45 0.85363 
8.5 0.853171 
8.55 0.85274 
8.6 0.852334 
8.65 0.851955 
8.7 0.851604 
8.75 0.851278 
8.8 0.850979 
8.85 0.850706 
8.9 0.850462 
8.95 0.850243 
9 0.850052 
9.05 0.849887 
9.1 0.849752 
9.15 0.849642 
9.2 0.84956 
9.25 0.849505 
9.3 0.849479 
9.35 0.849479 
9.4 0.849508 
9.45 0.849565 
9.5 0.849649 
9.55 0.849761 
9.6 0.849901 
9.65 0.85007 
9.7 0.850266 
9.75 0.850491 
9.8 0.850745 
9.85 0.851026 
9.9 0.851336 
9.95 0.851675 
10 0.852042 
10.05 0.852439 
10.1 0.852863 
10.15 0.853317 
10.2 0.853799 
10.25 0.854311 
10.3 0.854851 
10.35 0.855421 
10.4 0.85602 
10.45 0.856646 
10.5 0.857304 
10.55 0.85799 
10.6 0.858704 
10.65 0.85945 
10.7 0.860226 
10.75 0.86103 
10.8 0.861863 
10.85 0.862727 
10.9 0.863619 
10.95 0.864541 
11 0.865494 
11.05 0.866477 
11.1 0.867489 
11.15 0.868531 
11.2 0.869604 
11.25 0.870706 
11.3 0.871837 
11.35 0.872999 
11.4 0.874193 
11.45 0.875416 
11.5 0.87667 
11.55 0.877953 
11.6 0.879265 
11.65 0.880609 
11.7 0.881984 
11.75 0.883389 
11.8 0.884825 
11.85 0.886289 
11.9 0.887786 
11.95 0.889313 
12 0.89087 
12.05 0.892458 
12.1 0.894078 
12.15 0.895726 
12.2 0.897409 
12.25 0.899119 
12.3 0.90086 
12.35 0.902632 
12.4 0.904434 
12.45 0.906269 
12.5 0.908134 
12.55 0.910031 
12.6 0.911958 
12.65 0.913915 
12.7 0.915904 
12.75 0.917922 
12.8 0.919975 
12.85 0.922056 
12.9 0.924168 
12.95 0.926313 
13 0.928487 
13.05 0.930693 
13.1 0.93293 
13.15 0.935199 
13.2 0.937499 
13.25 0.93983 
13.3 0.942191 
13.35 0.944585 
13.4 0.947007 
13.45 0.949462 
13.5 0.95195 
13.55 0.954466 
13.6 0.957015 
13.65 0.959596 
13.7 0.962206 
13.75 0.964848 
13.8 0.967523 
13.85 0.970227 
13.9 0.972963 
13.95 0.975731 
14 0.978527 
14.05 0.981358 
14.1 0.984219 
14.15 0.987111 
14.2 0.990035 
14.25 0.992989 
14.3 0.995974 
14.35 0.998992 
14.4 1.00204 
14.45 1.00512 
14.5 1.00823 
14.55 1.01137 
14.6 1.01454 
14.65 1.01775 
14.7 1.02098 
14.75 1.02425 
14.8 1.02755 
14.85 1.03087 
14.9 1.03423 
14.95 1.03763 
15 1.04105 
15.05 1.0445 
15.1 1.04799 
15.15 1.0515 
15.2 1.05505 
15.25 1.05862 
15.3 1.06223 
15.35 1.06587 
15.4 1.06954 
15.45 1.07324 
15.5 1.07697 
15.55 1.08073 
15.6 1.08453 
15.65 1.08835 
15.7 1.09221 
15.75 1.09609 
15.8 1.10001 
15.85 1.10396 
15.9 1.10794 
15.95 1.11194 
16 1.11598 
16.05 1.12006 
16.1 1.12416 
16.15 1.12829 
16.2 1.13245 
16.25 1.13664 
16.3 1.14086 
16.35 1.14512 
16.4 1.1494 
16.45 1.15371 
16.5 1.15806 
16.55 1.16243 
16.6 1.16684 
16.65 1.17127 
16.7 1.17574 
16.75 1.18024 
16.8 1.18476 
16.85 1.18932 
16.9 1.1939 
16.95 1.19852 
17 1.20317 
17.05 1.20784 
17.1 1.21255 
17.15 1.21728 
17.2 1.22205 
17.25 1.22684 
17.3 1.23167 
17.35 1.23653 
17.4 1.24141 
17.45 1.24632 
17.5 1.25127 
17.55 1.25624 
17.6 1.26125 
17.65 1.26628 
17.7 1.27134 
17.75 1.27643 
17.8 1.28155 
17.85 1.2867 
17.9 1.29188 
17.95 1.29709 
18 1.30233 
18.05 1.30759 
18.1 1.31288 
18.15 1.31821 
18.2 1.32356 
18.25 1.32894 
18.3 1.33435 
18.35 1.3398 
18.4 1.34526 
18.45 1.35076 
18.5 1.35628 
18.55 1.36184 
18.6 1.36742 
18.65 1.37303 
18.7 1.37867 
18.75 1.38434 
18.8 1.39003 
18.85 1.39576 
18.9 1.40151 
18.95 1.40729 
19 1.4131 
19.05 1.41893 
19.1 1.4248 
19.15 1.43069 
19.2 1.43661 
19.25 1.44256 
19.3 1.44853 
19.35 1.45453 
19.4 1.46056 
19.45 1.46662 
19.5 1.4727 
19.55 1.47881 
19.6 1.48496 
19.65 1.49112 
19.7 1.49732 
19.75 1.50354 
19.8 1.50978 
19.85 1.51606 
19.9 1.52236 
19.95 1.52869 
20 1.53504 
20.05 1.54143 
20.1 1.54783 
20.15 1.55427 
20.2 1.56073 
20.25 1.56722 
20.3 1.57373 
20.35 1.58027 
20.4 1.58684 
20.45 1.59343 
20.5 1.60005 
20.55 1.60669 
20.6 1.61336 
20.65 1.62006 
20.7 1.62678 
20.75 1.63352 
20.8 1.6403 
20.85 1.64709 
20.9 1.65392 
20.95 1.66077 
21 1.66764 
21.05 1.67454 
21.1 1.68146 
21.15 1.68841 
21.2 1.69539 
21.25 1.70239 
21.3 1.70941 
21.35 1.71646 
21.4 1.72353 
21.45 1.73063 
21.5 1.73775 
21.55 1.7449 
21.6 1.75207 
21.65 1.75927 
21.7 1.76648 
21.75 1.77373 
21.8 1.78099 
21.85 1.78829 
21.9 1.7956 
21.95 1.80294 
22 1.8103 
22.05 1.81769 
22.1 1.8251 
22.15 1.83253 
22.2 1.83999 
22.25 1.84747 
22.3 1.85497 
22.35 1.86249 
22.4 1.87004 
22.45 1.87761 
22.5 1.88521 
22.55 1.89282 
22.6 1.90047 
22.65 1.90812 
22.7 1.91581 
22.75 1.92352 
22.8 1.93124 
22.85 1.939 
22.9 1.94677 
22.95 1.95456 
23 1.96238 
23.05 1.97022 
23.1 1.97808 
23.15 1.98596 
23.2 1.99387 
23.25 2.00179 
23.3 2.00974 
23.35 2.0177 
23.4 2.02569 
23.45 2.0337 
23.5 2.04173 
23.55 2.04979 
23.6 2.05786 
23.65 2.06595 
23.7 2.07406 
23.75 2.0822 
23.8 2.09035 
23.85 2.09853 
23.9 2.10672 
23.95 2.11494 
24 2.12318 
24.05 2.13143 
24.1 2.1397 
24.15 2.148 
24.2 2.15631 
24.25 2.16465 
24.3 2.173 
24.35 2.18137 
24.4 2.18976 
24.45 2.19818 
24.5 2.2066 
24.55 2.21505 
24.6 2.22352 
24.65 2.23201 
24.7 2.24051 
24.75 2.24904 
24.8 2.25758 
24.85 2.26614 
24.9 2.27472 
24.95 2.28332 
25 2.29193 
25.05 2.30057 
25.1 2.30922 
25.15 2.31788 
25.2 2.32657 
25.25 2.33527 
25.3 2.344 
25.35 2.35274 
25.4 2.36149 
25.45 2.37026 
25.5 2.37906 
25.55 2.38786 
25.6 2.39668 
25.65 2.40552 
25.7 2.41438 
25.75 2.42325 
25.8 2.43214 
25.85 2.44105 
25.9 2.44997 
25.95 2.45891 
26 2.46787 
26.05 2.47684 
26.1 2.48582 
26.15 2.49483 
26.2 2.50384 
26.25 2.51288 
26.3 2.52193 
26.35 2.53099 
26.4 2.54007 
26.45 2.54916 
26.5 2.55827 
26.55 2.5674 
26.6 2.57653 
26.65 2.58569 
26.7 2.59486 
26.75 2.60404 
26.8 2.61323 
26.85 2.62244 
26.9 2.63167 
26.95 2.64091 
27 2.65016 
27.05 2.65943 
27.1 2.66871 
27.15 2.678 
27.2 2.68731 
27.25 2.69663 
27.3 2.70596 
27.35 2.71531 
27.4 2.72467 
27.45 2.73404 
27.5 2.74342 
27.55 2.75282 
27.6 2.76223 
27.65 2.77166 
27.7 2.78109 
27.75 2.79054 
27.8 2.8 
27.85 2.80947 
27.9 2.81896 
27.95 2.82845 
28 2.83796 
28.05 2.84748 
28.1 2.85701 
28.15 2.86655 
28.2 2.8761 
28.25 2.88567 
28.3 2.89525 
28.35 2.90483 
28.4 2.91442 
28.45 2.92404 
28.5 2.93366 
28.55 2.94328 
28.6 2.95292 
28.65 2.96257 
28.7 2.97223 
28.75 2.9819 
28.8 2.99158 
28.85 3.00127 
28.9 3.01097 
28.95 3.02068 
29 3.0304 
29.05 3.04013 
29.1 3.04986 
29.15 3.05961 
29.2 3.06936 
29.25 3.07913 
29.3 3.0889 
29.35 3.09869 
29.4 3.10847 
29.45 3.11827 
29.5 3.12809 
29.55 3.1379 
29.6 3.14772 
29.65 3.15756 
29.7 3.16739 
29.75 3.17724 
29.8 3.18709 
29.85 3.19696 
29.9 3.20683 
29.95 3.21671 
30 3.22659 
30.05 3.23649 
30.1 3.24639 
30.15 3.25629 
30.2 3.26621 
30.25 3.27613 
30.3 3.28605 
30.35 3.29599 
30.4 3.30593 
30.45 3.31587 
30.5 3.32583 
30.55 3.33578 
30.6 3.34574 
30.65 3.35571 
30.7 3.36569 
30.75 3.37567 
30.8 3.38566 
30.85 3.39565 
30.9 3.40565 
30.95 3.41565 
31 3.42566 
31.05 3.43567 
31.1 3.44568 
31.15 3.4557 
31.2 3.46573 
31.25 3.47576 
31.3 3.4858 
31.35 3.49584 
31.4 3.50588 
31.45 3.51593 
31.5 3.52598 
31.55 3.53604 
31.6 3.54609 
31.65 3.55616 
31.7 3.56622 
31.75 3.57629 
31.8 3.58637 
31.85 3.59644 
31.9 3.60652 
31.95 3.6166 
32 3.62669 
32.05 3.63677 
32.1 3.64686 
32.15 3.65696 
32.2 3.66705 
32.25 3.67715 
32.3 3.68725 
32.35 3.69735 
32.4 3.70745 
32.45 3.71756 
32.5 3.72767 
32.55 3.73777 
32.6 3.74788 
32.65 3.75799 
32.7 3.7681 
32.75 3.77822 
32.8 3.78833 
32.85 3.79845 
32.9 3.80856 
32.95 3.81868 
33 3.8288 
33.05 3.83891 
33.1 3.84903 
33.15 3.85916 
33.2 3.86927 
33.25 3.87939 
33.3 3.88951 
33.35 3.89963 
33.4 3.90975 
33.45 3.91987 
33.5 3.92998 
33.55 3.9401 
33.6 3.95021 
33.65 3.96033 
33.7 3.97044 
33.75 3.98056 
33.8 3.99067 
33.85 4.00077 
33.9 4.01089 
33.95 4.021 
34 4.0311 
34.05 4.04121 
34.1 4.05131 
34.15 4.06141 
34.2 4.07151 
34.25 4.08161 
34.3 4.0917 
34.35 4.10179 
34.4 4.11188 
34.45 4.12197 
34.5 4.13206 
34.55 4.14213 
34.6 4.15222 
34.65 4.16229 
34.7 4.17236 
34.75 4.18244 
34.8 4.1925 
34.85 4.20256 
34.9 4.21262 
34.95 4.22268 
35 4.23273 
35.05 4.24279 
35.1 4.25282 
35.15 4.26287 
35.2 4.27291 
35.25 4.28294 
35.3 4.29296 
35.35 4.30299 
35.4 4.31301 
35.45 4.32302 
35.5 4.33303 
35.55 4.34304 
35.6 4.35303 
35.65 4.36303 
35.7 4.37301 
35.75 4.383 
35.8 4.39298 
35.85 4.40295 
35.9 4.41291 
35.95 4.42288 
36 4.43284 
36.05 4.44278 
36.1 4.45273 
36.15 4.46266 
36.2 4.4726 
36.25 4.48252 
36.3 4.49244 
36.35 4.50235 
36.4 4.51225 
36.45 4.52215 
36.5 4.53205 
36.55 4.54193 
36.6 4.55181 
36.65 4.56168 
36.7 4.57155 
36.75 4.58141 
36.8 4.59126 
36.85 4.60109 
36.9 4.61092 
36.95 4.62075 
37 4.63057 
37.05 4.64038 
37.1 4.65018 
37.15 4.65998 
37.2 4.66976 
37.25 4.67953 
37.3 4.68931 
37.35 4.69907 
37.4 4.70882 
37.45 4.71856 
37.5 4.7283 
37.55 4.73803 
37.6 4.74774 
37.65 4.75745 
37.7 4.76714 
37.75 4.77683 
37.8 4.78652 
37.85 4.79619 
37.9 4.80584 
37.95 4.8155 
38 4.82514 
38.05 4.83476 
38.1 4.84439 
38.15 4.854 
38.2 4.8636 
38.25 4.8732 
38.3 4.88277 
38.35 4.89234 
38.4 4.9019 
38.45 4.91145 
38.5 4.92099 
38.55 4.93052 
38.6 4.94003 
38.65 4.94954 
38.7 4.95903 
38.75 4.96851 
38.8 4.97799 
38.85 4.98744 
38.9 4.99689 
38.95 5.00633 
39 5.01576 
39.05 5.02518 
39.1 5.03457 
39.15 5.04397 
39.2 5.05334 
39.25 5.06271 
39.3 5.07206 
39.35 5.0814 
39.4 5.09073 
39.45 5.10004 
39.5 5.10935 
39.55 5.11864 
39.6 5.12792 
39.65 5.13719 
39.7 5.14644 
39.75 5.15568 
39.8 5.16491 
39.85 5.17412 
39.9 5.18332 
39.95 5.1925 
40 5.20168 
40.05 5.21084 
40.1 5.21999 
40.15 5.22912 
40.2 5.23824 
40.25 5.24735 
40.3 5.25643 
40.35 5.26551 
40.4 5.27457 
40.45 5.28362 
40.5 5.29266 
40.55 5.30168 
40.6 5.31068 
40.65 5.31968 
40.7 5.32866 
40.75 5.33762 
40.8 5.34656 
40.85 5.35549 
40.9 5.36441 
40.95 5.37331 
41 5.3822 
41.05 5.39107 
41.1 5.39993 
41.15 5.40877 
41.2 5.4176 
41.25 5.42641 
41.3 5.4352 
41.35 5.44398 
41.4 5.45274 
41.45 5.46149 
41.5 5.47022 
41.55 5.47894 
41.6 5.48763 
41.65 5.49632 
41.7 5.50499 
41.75 5.51364 
41.8 5.52227 
41.85 5.53089 
41.9 5.53949 
41.95 5.54807 
42 5.55664 
42.05 5.56519 
42.1 5.57373 
42.15 5.58224 
42.2 5.59074 
42.25 5.59923 
42.3 5.6077 
42.35 5.61614 
42.4 5.62457 
42.45 5.63299 
42.5 5.64138 
42.55 5.64976 
42.6 5.65813 
42.65 5.66647 
42.7 5.67479 
42.75 5.6831 
42.8 5.6914 
42.85 5.69967 
42.9 5.70792 
42.95 5.71616 
43 5.72437 
43.05 5.73258 
43.1 5.74076 
43.15 5.74892 
43.2 5.75707 
43.25 5.76519 
43.3 5.7733 
43.35 5.78139 
43.4 5.78946 
43.45 5.79751 
43.5 5.80554 
43.55 5.81355 
43.6 5.82155 
43.65 5.82953 
43.7 5.83748 
43.75 5.84542 
43.8 5.85334 
43.85 5.86124 
43.9 5.86911 
43.95 5.87697 
44 5.88481 
44.05 5.89263 
44.1 5.90043 
44.15 5.90822 
44.2 5.91598 
44.25 5.92372 
44.3 5.93143 
44.35 5.93914 
44.4 5.94683 
44.45 5.95448 
44.5 5.96213 
44.55 5.96974 
44.6 5.97734 
44.65 5.98493 
44.7 5.99248 
44.75 6.00002 
44.8 6.00754 
44.85 6.01504 
44.9 6.02251 
44.95 6.02997 
45 6.03741 
45.05 6.04483 
45.1 6.05221 
45.15 6.05959 
45.2 6.06694 
45.25 6.07427 
45.3 6.08158 
45.35 6.08888 
45.4 6.09614 
45.45 6.10338 
45.5 6.1106 
45.55 6.11781 
45.6 6.12499 
45.65 6.13216 
45.7 6.1393 
45.75 6.14641 
45.8 6.15351 
45.85 6.16058 
45.9 6.16762 
45.95 6.17466 
46 6.18166 
46.05 6.18865 
46.1 6.19561 
46.15 6.20256 
46.2 6.20948 
46.25 6.21637 
46.3 6.22324 
46.35 6.2301 
46.4 6.23693 
46.45 6.24373 
46.5 6.25053 
46.55 6.25729 
46.6 6.26403 
46.65 6.27075 
46.7 6.27744 
46.75 6.28411 
46.8 6.29076 
46.85 6.29739 
46.9 6.304 
46.95 6.31057 
47 6.31713 
47.05 6.32367 
47.1 6.33018 
47.15 6.33666 
47.2 6.34313 
47.25 6.34958 
47.3 6.356 
47.35 6.36239 
47.4 6.36877 
47.45 6.37512 
47.5 6.38144 
47.55 6.38775 
47.6 6.39402 
47.65 6.40028 
47.7 6.40651 
47.75 6.41272 
47.8 6.41891 
47.85 6.42507 
47.9 6.43121 
47.95 6.43732 
48 6.44341 
48.05 6.44947 
48.1 6.45551 
48.15 6.46153 
48.2 6.46753 
48.25 6.47349 
48.3 6.47943 
48.35 6.48536 
48.4 6.49126 
48.45 6.49713 
48.5 6.50298 
48.55 6.50881 
48.6 6.51461 
48.65 6.52038 
48.7 6.52613 
48.75 6.53187 
48.8 6.53756 
48.85 6.54324 
48.9 6.5489 
48.95 6.55453 
49 6.56014 
49.05 6.56572 
49.1 6.57127 
49.15 6.57681 
49.2 6.58231 
49.25 6.58779 
49.3 6.59324 
49.35 6.59868 
49.4 6.60408 
49.45 6.60946 
49.5 6.61482 
49.55 6.62015 
49.6 6.62546 
49.65 6.63075 
49.7 6.636 
49.75 6.64124 
49.8 6.64644 
49.85 6.65161 
49.9 6.65677 
49.95 6.66191 
50 6.66701 
50.05 6.67209 
50.1 6.67714 
50.15 6.68218 
50.2 6.68718 
50.25 6.69216 
50.3 6.69712 
50.35 6.70204 
50.4 6.70695 
50.45 6.71182 
50.5 6.71668 
50.55 6.7215 
50.6 6.72631 
50.65 6.73108 
50.7 6.73583 
50.75 6.74055 
50.8 6.74524 
50.85 6.74992 
50.9 6.75457 
50.95 6.75919 
51 6.76378 
51.05 6.76835 
51.1 6.7729 
51.15 6.77742 
51.2 6.7819 
51.25 6.78637 
51.3 6.79081 
51.35 6.79523 
51.4 6.79961 
51.45 6.80397 
51.5 6.80831 
51.55 6.81262 
51.6 6.8169 
51.65 6.82117 
51.7 6.8254 
51.75 6.82959 
51.8 6.83378 
51.85 6.83794 
51.9 6.84206 
51.95 6.84616 
52 6.85024 
52.05 6.85429 
52.1 6.85831 
52.15 6.86231 
52.2 6.86627 
52.25 6.87022 
52.3 6.87414 
52.35 6.87804 
52.4 6.8819 
52.45 6.88573 
52.5 6.88955 
52.55 6.89333 
52.6 6.89709 
52.65 6.90082 
52.7 6.90454 
52.75 6.90822 
52.8 6.91186 
52.85 6.91549 
52.9 6.9191 
52.95 6.92268 
53 6.92622 
53.05 6.92975 
53.1 6.93324 
53.15 6.9367 
53.2 6.94015 
53.25 6.94357 
53.3 6.94695 
53.35 6.95032 
53.4 6.95366 
53.45 6.95696 
53.5 6.96025 
53.55 6.96351 
53.6 6.96673 
53.65 6.96994 
53.7 6.97312 
53.75 6.97627 
53.8 6.9794 
53.85 6.98249 
53.9 6.98556 
53.95 6.9886 
54 6.99162 
54.05 6.99461 
54.1 6.99757 
54.15 7.00051 
54.2 7.00342 
54.25 7.0063 
54.3 7.00916 
54.35 7.012 
54.4 7.0148 
54.45 7.01758 
54.5 7.02033 
54.55 7.02305 
54.6 7.02575 
54.65 7.02842 
54.7 7.03107 
54.75 7.03368 
54.8 7.03627 
54.85 7.03883 
54.9 7.04138 
54.95 7.04389 
55 7.04637 
55.05 7.04883 
55.1 7.05126 
55.15 7.05367 
55.2 7.05604 
55.25 7.05838 
55.3 7.06071 
55.35 7.06301 
55.4 7.06528 
55.45 7.06752 
55.5 7.06975 
55.55 7.07193 
55.6 7.0741 
55.65 7.07623 
55.7 7.07834 
55.75 7.08042 
55.8 7.08249 
55.85 7.08452 
55.9 7.08652 
55.95 7.0885 
56 7.09045 
56.05 7.09238 
56.1 7.09427 
56.15 7.09614 
56.2 7.09799 
56.25 7.09981 
56.3 7.1016 
56.35 7.10336 
56.4 7.1051 
56.45 7.10681 
56.5 7.1085 
56.55 7.11016 
56.6 7.11179 
56.65 7.11339 
56.7 7.11498 
56.75 7.11653 
56.8 7.11805 
56.85 7.11956 
56.9 7.12102 
56.95 7.12247 
57 7.12388 
57.05 7.12528 
57.1 7.12665 
57.15 7.12799 
57.2 7.12931 
57.25 7.13059 
57.3 7.13186 
57.35 7.13309 
57.4 7.1343 
57.45 7.13549 
57.5 7.13664 
57.55 7.13776 
57.6 7.13887 
57.65 7.13995 
57.7 7.141 
57.75 7.14202 
57.8 7.14302 
57.85 7.14399 
57.9 7.14494 
57.95 7.14586 
58 7.14675 
58.05 7.14761 
58.1 7.14845 
58.15 7.14928 
58.2 7.15006 
58.25 7.15083 
58.3 7.15156 
58.35 7.15227 
58.4 7.15297 
58.45 7.15362 
58.5 7.15426 
58.55 7.15486 
58.6 7.15543 
58.65 7.15599 
58.7 7.15652 
58.75 7.15702 
58.8 7.1575 
58.85 7.15795 
58.9 7.15838 
58.95 7.15876 
59 7.15915 
59.05 7.15949 
59.1 7.15981 
59.15 7.16011 
59.2 7.16037 
59.25 7.16062 
59.3 7.16083 
59.35 7.16104 
59.4 7.16121 
59.45 7.16135 
59.5 7.16145 
59.55 7.16155 
59.6 7.16162 
59.65 7.16165 
59.7 7.16167 
59.75 7.16165 
59.8 7.16162 
59.85 7.16156 
59.9 7.16146 
59.95 7.16135 
60 7.16121 
60.05 7.16104 
60.1 7.16085 
60.15 7.16064 
60.2 7.1604 
60.25 7.16014 
60.3 7.15985 
60.35 7.15953 
60.4 7.1592 
60.45 7.15882 
60.5 7.15843 
60.55 7.15803 
60.6 7.15758 
60.65 7.15711 
60.7 7.15662 
60.75 7.1561 
60.8 7.15556 
60.85 7.15499 
60.9 7.1544 
60.95 7.15379 
61 7.15314 
61.05 7.15247 
61.1 7.15177 
61.15 7.15106 
61.2 7.15033 
61.25 7.14955 
61.3 7.14877 
61.35 7.14795 
61.4 7.14712 
61.45 7.14625 
61.5 7.14537 
61.55 7.14447 
61.6 7.14352 
61.65 7.14256 
61.7 7.14158 
61.75 7.14057 
61.8 7.13954 
61.85 7.13847 
61.9 7.13739 
61.95 7.13627 
62 7.13515 
62.05 7.13399 
62.1 7.1328 
62.15 7.13161 
62.2 7.13037 
62.25 7.12912 
62.3 7.12785 
62.35 7.12655 
62.4 7.12523 
62.45 7.12388 
62.5 7.12251 
62.55 7.12111 
62.6 7.11969 
62.65 7.11824 
62.7 7.11678 
62.75 7.11529 
62.8 7.11376 
62.85 7.11223 
62.9 7.11067 
62.95 7.10908 
63 7.10748 
63.05 7.10584 
63.1 7.10418 
63.15 7.10251 
63.2 7.10081 
63.25 7.09908 
63.3 7.09733 
63.35 7.09555 
63.4 7.09376 
63.45 7.09194 
63.5 7.0901 
63.55 7.08823 
63.6 7.08634 
63.65 7.08443 
63.7 7.0825 
63.75 7.08054 
63.8 7.07855 
63.85 7.07655 
63.9 7.07452 
63.95 7.07247 
64 7.07041 
64.05 7.06831 
64.1 7.0662 
64.15 7.06406 
64.2 7.06189 
64.25 7.0597 
64.3 7.05749 
64.35 7.05527 
64.4 7.05302 
64.45 7.05073 
64.5 7.04844 
64.55 7.04612 
64.6 7.04378 
64.65 7.04141 
64.7 7.03903 
64.75 7.03662 
64.8 7.03419 
64.85 7.03174 
64.9 7.02926 
64.95 7.02676 
65 7.02425 
65.05 7.02171 
65.1 7.01915 
65.15 7.01655 
65.2 7.01395 
65.25 7.01132 
65.3 7.00867 
65.35 7.006 
65.4 7.0033 
65.45 7.00059 
65.5 6.99785 
65.55 6.9951 
65.6 6.99232 
65.65 6.98952 
65.7 6.9867 
65.75 6.98386 
65.8 6.981 
65.85 6.9781 
65.9 6.97519 
65.95 6.97227 
66 6.96932 
66.05 6.96635 
66.1 6.96336 
66.15 6.96035 
66.2 6.95731 
66.25 6.95425 
66.3 6.95118 
66.35 6.94809 
66.4 6.94497 
66.45 6.94184 
66.5 6.93868 
66.55 6.93551 
66.6 6.9323 
66.65 6.92909 
66.7 6.92584 
66.75 6.92258 
66.8 6.9193 
66.85 6.916 
66.9 6.91268 
66.95 6.90934 
67 6.90598 
67.05 6.9026 
67.1 6.89919 
67.15 6.89578 
67.2 6.89234 
67.25 6.88887 
67.3 6.88539 
67.35 6.88189 
67.4 6.87838 
67.45 6.87483 
67.5 6.87127 
67.55 6.86768 
67.6 6.86408 
67.65 6.86047 
67.7 6.85683 
67.75 6.85317 
67.8 6.84949 
67.85 6.8458 
67.9 6.84208 
67.95 6.83834 
68 6.8346 
68.05 6.83082 
68.1 6.82702 
68.15 6.82321 
68.2 6.81938 
68.25 6.81553 
68.3 6.81166 
68.35 6.80779 
68.4 6.80387 
68.45 6.79994 
68.5 6.796 
68.55 6.79204 
68.6 6.78805 
68.65 6.78406 
68.7 6.78004 
68.75 6.776 
68.8 6.77195 
68.85 6.76788 
68.9 6.76378 
68.95 6.75967 
69 6.75554 
69.05 6.75139 
69.1 6.74723 
69.15 6.74305 
69.2 6.73885 
69.25 6.73463 
69.3 6.73039 
69.35 6.72614 
69.4 6.72187 
69.45 6.71758 
69.5 6.71327 
69.55 6.70894 
69.6 6.7046 
69.65 6.70024 
69.7 6.69586 
69.75 6.69146 
69.8 6.68705 
69.85 6.68262 
69.9 6.67818 
69.95 6.67371 
70 6.66922 
70.05 6.66473 
70.1 6.66021 
70.15 6.65568 
70.2 6.65113 
70.25 6.64656 
70.3 6.64197 
70.35 6.63737 
70.4 6.63276 
70.45 6.62813 
70.5 6.62347 
70.55 6.61881 
70.6 6.61412 
70.65 6.60942 
70.7 6.6047 
70.75 6.59997 
70.8 6.59521 
70.85 6.59045 
70.9 6.58567 
70.95 6.58087 
71 6.57605 
71.05 6.57122 
71.1 6.56636 
71.15 6.56151 
71.2 6.55663 
71.25 6.55174 
71.3 6.54682 
71.35 6.5419 
71.4 6.53696 
71.45 6.532 
71.5 6.52703 
71.55 6.52203 
71.6 6.51703 
71.65 6.51201 
71.7 6.50697 
71.75 6.50192 
71.8 6.49686 
71.85 6.49177 
71.9 6.48667 
71.95 6.48155 
72 6.47642 
72.05 6.47129 
72.1 6.46614 
72.15 6.46096 
72.2 6.45577 
72.25 6.45058 
72.3 6.44535 
72.35 6.44012 
72.4 6.43488 
72.45 6.42962 
72.5 6.42434 
72.55 6.41905 
72.6 6.41375 
72.65 6.40842 
72.7 6.40309 
72.75 6.39774 
72.8 6.39238 
72.85 6.38701 
72.9 6.38161 
72.95 6.3762 
73 6.37079 
73.05 6.36536 
73.1 6.35991 
73.15 6.35444 
73.2 6.34897 
73.25 6.34348 
73.3 6.33798 
73.35 6.33246 
73.4 6.32694 
73.45 6.3214 
73.5 6.31583 
73.55 6.31027 
73.6 6.30468 
73.65 6.29908 
73.7 6.29347 
73.75 6.28785 
73.8 6.28221 
73.85 6.27656 
73.9 6.2709 
73.95 6.26522 
74 6.25953 
74.05 6.25382 
74.1 6.24811 
74.15 6.24238 
74.2 6.23664 
74.25 6.23088 
74.3 6.22512 
74.35 6.21935 
74.4 6.21355 
74.45 6.20775 
74.5 6.20193 
74.55 6.1961 
74.6 6.19026 
74.65 6.1844 
74.7 6.17854 
74.75 6.17265 
74.8 6.16676 
74.85 6.16087 
74.9 6.15494 
74.95 6.14901 
75 6.14308 
75.05 6.13712 
75.1 6.13116 
75.15 6.12519 
75.2 6.1192 
75.25 6.1132 
75.3 6.10719 
75.35 6.10117 
75.4 6.09513 
75.45 6.0891 
75.5 6.08304 
75.55 6.07698 
75.6 6.0709 
75.65 6.0648 
75.7 6.05869 
75.75 6.05258 
75.8 6.04646 
75.85 6.04032 
75.9 6.03417 
75.95 6.02801 
76 6.02184 
76.05 6.01566 
76.1 6.00948 
76.15 6.00328 
76.2 5.99706 
76.25 5.99083 
76.3 5.98461 
76.35 5.97835 
76.4 5.97211 
76.45 5.96584 
76.5 5.95956 
76.55 5.95328 
76.6 5.94698 
76.65 5.94068 
76.7 5.93436 
76.75 5.92803 
76.8 5.92169 
76.85 5.91535 
76.9 5.90898 
76.95 5.90262 
77 5.89624 
77.05 5.88985 
77.1 5.88345 
77.15 5.87704 
77.2 5.87062 
77.25 5.86419 
77.3 5.85776 
77.35 5.85131 
77.4 5.84486 
77.45 5.83839 
77.5 5.83192 
77.55 5.82542 
77.6 5.81893 
77.65 5.81243 
77.7 5.80592 
77.75 5.7994 
77.8 5.79286 
77.85 5.78633 
77.9 5.77978 
77.95 5.77322 
78 5.76664 
78.05 5.76007 
78.1 5.75348 
78.15 5.74689 
78.2 5.74028 
78.25 5.73367 
78.3 5.72705 
78.35 5.72042 
78.4 5.71378 
78.45 5.70713 
78.5 5.70047 
78.55 5.6938 
78.6 5.68714 
78.65 5.68045 
78.7 5.67376 
78.75 5.66706 
78.8 5.66037 
78.85 5.65365 
78.9 5.64692 
78.95 5.64019 
79 5.63344 
79.05 5.6267 
79.1 5.61995 
79.15 5.61319 
79.2 5.60641 
79.25 5.59964 
79.3 5.59285 
79.35 5.58605 
79.4 5.57924 
79.45 5.57244 
79.5 5.56562 
79.55 5.55879 
79.6 5.55196 
79.65 5.54512 
79.7 5.53827 
79.75 5.53141 
79.8 5.52455 
79.85 5.51767 
79.9 5.5108 
79.95 5.50391 
80 5.49702 
80.05 5.49012 
80.1 5.4832 
80.15 5.47629 
80.2 5.46938 
80.25 5.46244 
80.3 5.45551 
80.35 5.44858 
80.4 5.44162 
80.45 5.43467 
80.5 5.4277 
80.55 5.42073 
80.6 5.41377 
80.65 5.40677 
80.7 5.39979 
80.75 5.39278 
80.8 5.38579 
80.85 5.37878 
80.9 5.37175 
80.95 5.36474 
81 5.3577 
81.05 5.35067 
81.1 5.34363 
81.15 5.33659 
81.2 5.32953 
81.25 5.32247 
81.3 5.31539 
81.35 5.30832 
81.4 5.30124 
81.45 5.29416 
81.5 5.28707 
81.55 5.27997 
81.6 5.27287 
81.65 5.26576 
81.7 5.25864 
81.75 5.25152 
81.8 5.24439 
81.85 5.23726 
81.9 5.23012 
81.95 5.22298 
82 5.21583 
82.05 5.20868 
82.1 5.20152 
82.15 5.19435 
82.2 5.18718 
82.25 5.18 
82.3 5.17282 
82.35 5.16563 
82.4 5.15844 
82.45 5.15124 
82.5 5.14403 
82.55 5.13683 
82.6 5.12961 
82.65 5.12239 
82.7 5.11517 
82.75 5.10794 
82.8 5.10071 
82.85 5.09346 
82.9 5.08622 
82.95 5.07897 
83 5.07172 
83.05 5.06446 
83.1 5.05719 
83.15 5.04992 
83.2 5.04264 
83.25 5.03537 
83.3 5.02808 
83.35 5.02079 
83.4 5.0135 
83.45 5.0062 
83.5 4.99891 
83.55 4.9916 
83.6 4.98429 
83.65 4.97697 
83.7 4.96965 
83.75 4.96232 
83.8 4.955 
83.85 4.94766 
83.9 4.94033 
83.95 4.93298 
84 4.92564 
84.05 4.91829 
84.1 4.91093 
84.15 4.90358 
84.2 4.89621 
84.25 4.88884 
84.3 4.88148 
84.35 4.8741 
84.4 4.86672 
84.45 4.85933 
84.5 4.85194 
84.55 4.84455 
84.6 4.83716 
84.65 4.82976 
84.7 4.82236 
84.75 4.81495 
84.8 4.80754 
84.85 4.80013 
84.9 4.79271 
84.95 4.78529 
85 4.77787 
85.05 4.77043 
85.1 4.763 
85.15 4.75557 
85.2 4.74813 
85.25 4.74069 
85.3 4.73325 
85.35 4.72579 
85.4 4.71834 
85.45 4.71089 
85.5 4.70342 
85.55 4.69596 
85.6 4.6885 
85.65 4.68103 
85.7 4.67356 
85.75 4.66608 
85.8 4.65861 
85.85 4.65112 
85.9 4.64363 
85.95 4.63615 
86 4.62866 
86.05 4.62116 
86.1 4.61367 
86.15 4.60616 
86.2 4.59866 
86.25 4.59116 
86.3 4.58364 
86.35 4.57614 
86.4 4.56862 
86.45 4.56111 
86.5 4.55358 
86.55 4.54606 
86.6 4.53853 
86.65 4.531 
86.7 4.52346 
86.75 4.51594 
86.8 4.5084 
86.85 4.50087 
86.9 4.49333 
86.95 4.48577 
87 4.47824 
87.05 4.47068 
87.1 4.46313 
87.15 4.45558 
87.2 4.44802 
87.25 4.44046 
87.3 4.4329 
87.35 4.42534 
87.4 4.41778 
87.45 4.41021 
87.5 4.40264 
87.55 4.39507 
87.6 4.3875 
87.65 4.37991 
87.7 4.37234 
87.75 4.36476 
87.8 4.35717 
87.85 4.34959 
87.9 4.342 
87.95 4.33442 
88 4.32682 
88.05 4.31923 
88.1 4.31163 
88.15 4.30404 
88.2 4.29644 
88.25 4.28884 
88.3 4.28123 
88.35 4.27363 
88.4 4.26602 
88.45 4.25841 
88.5 4.2508 
88.55 4.24319 
88.6 4.23559 
88.65 4.22797 
88.7 4.22035 
88.75 4.21274 
88.8 4.20512 
88.85 4.1975 
88.9 4.18988 
88.95 4.18225 
89 4.17463 
89.05 4.16701 
89.1 4.15937 
89.15 4.15175 
89.2 4.14412 
89.25 4.13649 
89.3 4.12886 
89.35 4.12122 
89.4 4.11359 
89.45 4.10595 
89.5 4.09831 
89.55 4.09067 
89.6 4.08304 
89.65 4.0754 
89.7 4.06776 
89.75 4.06012 
89.8 4.05247 
89.85 4.04483 
89.9 4.03719 
89.95 4.02955 
90 4.02189 
90.05 4.01425 
90.1 4.00661 
90.15 3.99895 
90.2 3.99131 
90.25 3.98366 
90.3 3.97601 
90.35 3.96834 
90.4 3.9607 
90.45 3.95305 
90.5 3.94539 
90.55 3.93775 
90.6 3.93009 
90.65 3.92244 
90.7 3.91478 
90.75 3.90713 
90.8 3.89948 
90.85 3.89182 
90.9 3.88416 
90.95 3.87652 
91 3.86886 
91.05 3.8612 
91.1 3.85355 
91.15 3.84589 
91.2 3.83823 
91.25 3.83058 
91.3 3.82293 
91.35 3.81528 
91.4 3.80762 
91.45 3.79997 
91.5 3.79232 
91.55 3.78466 
91.6 3.77702 
91.65 3.76936 
91.7 3.76171 
91.75 3.75406 
91.8 3.7464 
91.85 3.73876 
91.9 3.73111 
91.95 3.72346 
92 3.71582 
92.05 3.70817 
92.1 3.70053 
92.15 3.69288 
92.2 3.68524 
92.25 3.67759 
92.3 3.66996 
92.35 3.66232 
92.4 3.65468 
92.45 3.64704 
92.5 3.63941 
92.55 3.63177 
92.6 3.62414 
92.65 3.6165 
92.7 3.60888 
92.75 3.60124 
92.8 3.59362 
92.85 3.58599 
92.9 3.57837 
92.95 3.57075 
93 3.56313 
93.05 3.55551 
93.1 3.5479 
93.15 3.54028 
93.2 3.53267 
93.25 3.52506 
93.3 3.51746 
93.35 3.50985 
93.4 3.50225 
93.45 3.49465 
93.5 3.48705 
93.55 3.47945 
93.6 3.47186 
93.65 3.46428 
93.7 3.45668 
93.75 3.44911 
93.8 3.44152 
93.85 3.43395 
93.9 3.42638 
93.95 3.4188 
94 3.41124 
94.05 3.40367 
94.1 3.39611 
94.15 3.38855 
94.2 3.381 
94.25 3.37345 
94.3 3.36591 
94.35 3.35836 
94.4 3.35083 
94.45 3.3433 
94.5 3.33576 
94.55 3.32824 
94.6 3.32072 
94.65 3.3132 
94.7 3.30568 
94.75 3.29818 
94.8 3.29068 
94.85 3.28318 
94.9 3.27568 
94.95 3.26819 
95 3.26071 
95.05 3.25323 
95.1 3.24575 
95.15 3.23829 
95.2 3.23082 
95.25 3.22337 
95.3 3.21591 
95.35 3.20847 
95.4 3.20102 
95.45 3.19359 
95.5 3.18616 
95.55 3.17874 
95.6 3.17132 
95.65 3.16391 
95.7 3.1565 
95.75 3.14911 
95.8 3.14171 
95.85 3.13433 
95.9 3.12696 
95.95 3.11959 
96 3.11222 
96.05 3.10487 
96.1 3.09752 
96.15 3.09017 
96.2 3.08283 
96.25 3.07551 
96.3 3.06819 
96.35 3.06087 
96.4 3.05357 
96.45 3.04627 
96.5 3.03898 
96.55 3.03171 
96.6 3.02443 
96.65 3.01717 
96.7 3.00991 
96.75 3.00267 
96.8 2.99543 
96.85 2.9882 
96.9 2.98097 
96.95 2.97376 
97 2.96656 
97.05 2.95936 
97.1 2.95218 
97.15 2.94501 
97.2 2.93784 
97.25 2.93069 
97.3 2.92354 
97.35 2.9164 
97.4 2.90928 
97.45 2.90217 
97.5 2.89506 
97.55 2.88796 
97.6 2.88088 
97.65 2.8738 
97.7 2.86674 
97.75 2.85969 
97.8 2.85265 
97.85 2.84561 
97.9 2.8386 
97.95 2.83158 
98 2.82458 
98.05 2.8176 
98.1 2.81063 
98.15 2.80366 
98.2 2.7967 
98.25 2.78977 
98.3 2.78283 
98.35 2.77592 
98.4 2.76901 
98.45 2.76212 
98.5 2.75524 
98.55 2.74837 
98.6 2.74151 
98.65 2.73467 
98.7 2.72784 
98.75 2.72102 
98.8 2.71421 
98.85 2.70742 
98.9 2.70064 
98.95 2.69387 
99 2.68711 
99.05 2.68037 
99.1 2.67364 
99.15 2.66693 
99.2 2.66023 
99.25 2.65354 
99.3 2.64686 
99.35 2.6402 
99.4 2.63355 
99.45 2.62692 
99.5 2.6203 
99.55 2.61369 
99.6 2.6071 
99.65 2.60052 
99.7 2.59395 
99.75 2.5874 
99.8 2.58086 
99.85 2.57434 
99.9 2.56783 
99.95 2.56133 
100 2.55485 
100.05 2.54838 
100.1 2.54193 
100.15 2.53549 
100.2 2.52907 
100.25 2.52266 
100.3 2.51626 
100.35 2.50988 
100.4 2.50351 
100.45 2.49716 
100.5 2.49082 
100.55 2.4845 
100.6 2.47819 
100.65 2.4719 
100.7 2.46562 
100.75 2.45936 
100.8 2.45311 
100.85 2.44687 
100.9 2.44065 
100.95 2.43445 
101 2.42826 
101.05 2.42208 
101.1 2.41593 
101.15 2.40978 
101.2 2.40366 
101.25 2.39754 
101.3 2.39144 
101.35 2.38536 
101.4 2.37929 
101.45 2.37324 
101.5 2.3672 
101.55 2.36118 
101.6 2.35518 
101.65 2.34918 
101.7 2.34321 
101.75 2.33725 
101.8 2.3313 
101.85 2.32538 
101.9 2.31946 
101.95 2.31357 
102 2.30769 
102.05 2.30182 
102.1 2.29597 
102.15 2.29014 
102.2 2.28432 
102.25 2.27853 
102.3 2.27274 
102.35 2.26698 
102.4 2.26123 
102.45 2.25549 
102.5 2.24978 
102.55 2.24408 
102.6 2.2384 
102.65 2.23273 
102.7 2.22708 
102.75 2.22145 
102.8 2.21583 
102.85 2.21023 
102.9 2.20465 
102.95 2.19909 
103 2.19354 
103.05 2.18801 
103.1 2.1825 
103.15 2.17701 
103.2 2.17154 
103.25 2.16608 
103.3 2.16064 
103.35 2.15521 
103.4 2.14981 
103.45 2.14442 
103.5 2.13906 
103.55 2.13371 
103.6 2.12838 
103.65 2.12306 
103.7 2.11777 
103.75 2.11249 
103.8 2.10723 
103.85 2.10199 
103.9 2.09677 
103.95 2.09157 
104 2.08638 
104.05 2.08122 
104.1 2.07606 
104.15 2.07094 
104.2 2.06582 
104.25 2.06073 
104.3 2.05566 
104.35 2.0506 
104.4 2.04556 
104.45 2.04055 
104.5 2.03555 
104.55 2.03057 
104.6 2.0256 
104.65 2.02065 
104.7 2.01573 
104.75 2.01082 
104.8 2.00593 
104.85 2.00105 
104.9 1.9962 
104.95 1.99136 
105 1.98654 
105.05 1.98174 
105.1 1.97696 
105.15 1.97219 
105.2 1.96744 
105.25 1.96271 
105.3 1.958 
105.35 1.9533 
105.4 1.94862 
105.45 1.94396 
105.5 1.93931 
105.55 1.93468 
105.6 1.93007 
105.65 1.92547 
105.7 1.92088 
105.75 1.91632 
105.8 1.91177 
105.85 1.90723 
105.9 1.90271 
105.95 1.89821 
106 1.89372 
106.05 1.88925 
106.1 1.88479 
106.15 1.88034 
106.2 1.87591 
106.25 1.87149 
106.3 1.86708 
106.35 1.86269 
106.4 1.85831 
106.45 1.85395 
106.5 1.8496 
106.55 1.84526 
106.6 1.84094 
106.65 1.83662 
106.7 1.83232 
106.75 1.82803 
106.8 1.82375 
106.85 1.81949 
106.9 1.81523 
106.95 1.81098 
107 1.80675 
107.05 1.80252 
107.1 1.79831 
107.15 1.79411 
107.2 1.78991 
107.25 1.78573 
107.3 1.78155 
107.35 1.77739 
107.4 1.77323 
107.45 1.76908 
107.5 1.76495 
107.55 1.76081 
107.6 1.75669 
107.65 1.75258 
107.7 1.74847 
107.75 1.74438 
107.8 1.74028 
107.85 1.7362 
107.9 1.73212 
107.95 1.72805 
108 1.72399 
108.05 1.71994 
108.1 1.71589 
108.15 1.71185 
108.2 1.70781 
108.25 1.70378 
108.3 1.69975 
108.35 1.69573 
108.4 1.69172 
108.45 1.68771 
108.5 1.68371 
108.55 1.67972 
108.6 1.67572 
108.65 1.67174 
108.7 1.66775 
108.75 1.66378 
108.8 1.65981 
108.85 1.65584 
108.9 1.65188 
108.95 1.64792 
109 1.64397 
109.05 1.64001 
109.1 1.63607 
109.15 1.63213 
109.2 1.6282 
109.25 1.62427 
109.3 1.62034 
109.35 1.61641 
109.4 1.61249 
109.45 1.60858 
109.5 1.60467 
109.55 1.60076 
109.6 1.59686 
109.65 1.59296 
109.7 1.58906 
109.75 1.58517 
109.8 1.58128 
109.85 1.57739 
109.9 1.57351 
109.95 1.56964 
110 1.56576 
110.05 1.56189 
110.1 1.55803 
110.15 1.55417 
110.2 1.55031 
110.25 1.54645 
110.3 1.5426 
110.35 1.53876 
110.4 1.53491 
110.45 1.53108 
110.5 1.52724 
110.55 1.52341 
110.6 1.51958 
110.65 1.51576 
110.7 1.51194 
110.75 1.50812 
110.8 1.50431 
110.85 1.50051 
110.9 1.4967 
110.95 1.49291 
111 1.48911 
111.05 1.48532 
111.1 1.48153 
111.15 1.47775 
111.2 1.47398 
111.25 1.4702 
111.3 1.46644 
111.35 1.46267 
111.4 1.45891 
111.45 1.45516 
111.5 1.45141 
111.55 1.44766 
111.6 1.44392 
111.65 1.44019 
111.7 1.43646 
111.75 1.43273 
111.8 1.42901 
111.85 1.42529 
111.9 1.42158 
111.95 1.41787 
112 1.41417 
112.05 1.41047 
112.1 1.40678 
112.15 1.4031 
112.2 1.39941 
112.25 1.39574 
112.3 1.39207 
112.35 1.3884 
112.4 1.38474 
112.45 1.38108 
112.5 1.37744 
112.55 1.37379 
112.6 1.37015 
112.65 1.36652 
112.7 1.3629 
112.75 1.35928 
112.8 1.35567 
112.85 1.35207 
112.9 1.34847 
112.95 1.34488 
113 1.3413 
113.05 1.33772 
113.1 1.33415 
113.15 1.33059 
113.2 1.32703 
113.25 1.32349 
113.3 1.31995 
113.35 1.31641 
113.4 1.31289 
113.45 1.30937 
113.5 1.30586 
113.55 1.30236 
113.6 1.29887 
113.65 1.29538 
113.7 1.2919 
113.75 1.28843 
113.8 1.28497 
113.85 1.28151 
113.9 1.27807 
113.95 1.27463 
114 1.2712 
114.05 1.26778 
114.1 1.26437 
114.15 1.26097 
114.2 1.25757 
114.25 1.25418 
114.3 1.25081 
114.35 1.24744 
114.4 1.24408 
114.45 1.24073 
114.5 1.23738 
114.55 1.23405 
114.6 1.23073 
114.65 1.22742 
114.7 1.22411 
114.75 1.22081 
114.8 1.21752 
114.85 1.21425 
