1023
0
1022
0.3277845979
0.3299140334
0.3320338726
0.3341436684
0.3362430036
0.3383314908
0.3404087126
0.3424743414
0.3445280492
0.3465694785
0.3485983014
0.3506142795
0.3526171148
0.354606539
0.3565823138
0.3585442007
0.3604919612
0.3624254167
0.3643443286
0.366248548
0.3681378961
0.3700122237
0.3718713224
0.3737151027
0.3755434155
0.377356112
0.3791531026
0.3809342384
0.3826994896
0.3844487071
0.3861818016
0.3878986835
0.3895993233
0.3912836313
0.3929515183
0.3946029544
0.3962378502
0.3978562057
0.3994579315
0.4010430276
0.4026114345
0.4041630924
0.4056980312
0.4072161615
0.4087174833
0.4102019966
0.4116696417
0.4131204486
0.4145543575
0.4159713984
0.4173715115
0.4187547266
0.4201210141
0.4214703739
0.4228027761
0.4241182506
0.4254167974
0.4266983569
0.4279629886
0.429210633
0.4304413199
0.4316550493
0.4328517914
0.4340315461
0.4351943135
0.4363400638
0.4374688268
0.4385805726
0.4396753013
0.4407529831
0.4418136179
0.4428571761
0.4438836575
0.4448930323
0.4458852708
0.4468603432
0.4478182495
0.4487589598
0.4496824145
0.4505885839
0.4514774382
0.4523489475
0.4532030225
0.4540396333
0.4548587501
0.4556602836
0.4564441741
0.4572103322
0.4579587281
0.4586892426
0.4594018161
0.4600963295
0.4607726932
0.4614308178
0.4620705545
0.4626918137
0.4632944465
0.4638783038
0.4644432962
0.4649892151
0.4655158818
0.4660231769
0.4665108621
0.4669787586
0.4674266577
0.4678543508
0.4682615697
0.4686480761
0.4690136313
0.4693579078
0.4696806371
0.4699815214
0.4702601731
0.470516324
0.470749557
0.4709595144
0.4711457789
0.4713079035
0.471445471
0.4715580046
0.4716450274
0.471706003
0.4717403948
0.4717476964
0.471727252
0.4716785252
0.4716008902
0.4714936614
0.4713562429
0.4711879492
0.4709881246
0.4707560241
0.4704909921
0.4701923728
0.4698594213
0.4694915414
0.4690880477
0.4686483145
0.4681717753
0.4676579237
0.4671062529
0.4665163457
0.4658878744
0.4652205408
0.4645142257
0.4637687802
0.4629842341
0.4621607065
0.4612983763
0.4603976309
0.4594587982
0.4584824443
0.4574691057
0.4564195275
0.455334425
0.4542146325
0.4530610442
0.4518745542
0.4506562054
0.4494069517
0.448127836
0.4468199313
0.4454842806
0.444121927
0.4427340031
0.441321522
0.4398855269
0.4384270608
0.4369471371
0.435446769
0.43392694
0.4323885739
0.4308326244
0.4292600155
0.4276716113
0.4260682464
0.4244508147
0.4228200912
0.4211768806
0.4195219278
0.417855978
0.4161797464
0.4144939184
0.4127991796
0.4110961854
0.4093855619
0.4076679051
0.4059438407
0.4042138755
0.4024786055
0.4007385671
0.398994267
0.397246182
0.3954948485
0.3937406838
0.3919841647
0.3902257085
0.3884657621
0.3867047131
0.3849429786
0.3831808865
0.381418854
0.3796572387
0.3778963387
0.3761365414
0.3743781149
0.3726213872
0.3708666563
0.3691141903
0.3673642874
0.3656172156
0.3638732135
0.3621325493
0.3603954017
0.3586620688
0.3569327593
0.3552076519
0.3534869552
0.3517708778
0.3500596285
0.3483533263
0.34665218
0.3449563682
0.3432660103
0.3415813148
0.3399023414
0.3382293284
0.3365623355
0.3349015117
0.3332469761
0.3315988481
0.3299572468
0.3283222616
0.3266940117
0.3250725567
0.3234580159
0.3218504488
0.3202499747
0.3186566532
0.3170705438
0.3154917061
0.3139202595
0.3123562038
0.3107995987
0.3092505634
0.3077090681
0.3061752021
0.3046490252
0.3031305373
0.3016197681
0.3001168072
0.2986216545
0.29713431
0.2956548631
0.294183284
0.2927196026
0.2912638783
0.2898160815
0.2883762419
0.2869443893
0.2855205238
0.2841046154
0.2826967239
0.2812968493
0.2799049616
0.2785210609
0.2771452069
0.2757773101
0.27441746
0.273065567
0.2717216909
0.270385772
0.2690578401
0.2677378654
0.2664258182
0.2651217282
0.2638255656
0.2625373006
0.261256963
0.2599844635
0.2587198317
0.257463038
0.2562140822
0.2549729049
0.2537395358
0.2525139153
0.2512960136
0.2500858307
0.2488833517
0.247688517
0.2465013266
0.2453217655
0.2441497743
0.2429853529
0.2418284565
0.2406790853
0.2395371795
0.2384027243
0.2372756898
0.2361560464
0.2350437641
0.2339388281
0.2328411788
0.2317508161
0.2306676805
0.229591772
0.2285230309
0.2274614424
0.2264069617
0.225359574
0.2243192494
0.2232859284
0.222259596
0.2212402225
0.220227778
0.2192222178
0.2182235271
0.2172316462
0.2162465602
0.2152682394
0.214296639
0.2133317441
0.2123734951
0.2114218771
0.2104768455
0.2095383853
0.2086064517
0.2076810002
0.2067620158
0.2058494687
0.2049432993
0.2040435076
0.203150034
0.2022628486
0.2013819367
0.2005072534
0.199638769
0.1987764388
0.1979202479
0.1970701516
0.19622612
0.1953881234
0.194556132
0.193730101
0.1929100156
0.192095831
0.1912875175
0.1904850453
0.1896883845
0.1888974905
0.1881123483
0.1873329282
0.1865591854
0.1857910901
0.1850286275
0.1842717528
0.1835204363
0.1827746332
0.1820343435
0.1812995225
0.1805701405
0.1798461527
0.1791275591
0.1784143001
0.1777063608
0.1770037115
0.1763063222
0.1756141782
0.1749272197
0.174245432
0.1735688001
0.1728972644
0.1722308397
0.1715694517
0.1709131002
0.1702617556
0.1696153879
0.1689739674
0.1683374494
0.1677058488
0.1670790911
0.1664571762
0.1658400744
0.1652277708
0.1646202058
0.1640173793
0.1634192467
0.1628258079
0.1622370183
0.1616528481
0.1610732824
0.1604983062
0.1599278599
0.1593619585
0.1588005424
0.1582436115
0.1576911211
0.1571430713
0.1565994173
0.1560601294
0.1555252075
0.154994607
0.1544683278
0.1539463103
0.1534285694
0.1529150605
0.1524057537
0.1519006342
0.1513997018
0.1509028971
0.1504102051
0.1499216259
0.1494371295
0.1489566714
0.1484802514
0.1480078399
0.1475394219
0.1470749676
0.1466144472
0.1461578608
0.1457051784
0.1452563852
0.1448114365
0.1443703473
0.1439330578
0.143499583
0.1430698782
0.1426439285
0.1422217339
0.1418032497
0.141388461
0.1409773529
0.1405698955
0.1401660889
0.1397659034
0.1393693089
0.1389763057
0.1385868639
0.1382009685
0.1378186047
0.1374397427
0.1370643675
0.1366924644
0.1363240182
0.1359589994
0.1355973929
0.1352391988
0.1348843873
0.1345329285
0.1341848224
0.1338400394
0.1334985793
0.1331604123
0.1328255087
0.1324938834
0.1321654916
0.1318403333
0.1315183789
0.1311996132
0.1308840364
0.1305716187
0.13026236
0.1299562156
0.1296531856
0.129353255
0.129056409
0.1287626177
0.1284718961
0.1281841993
0.1278995275
0.1276178509
0.1273391843
0.127063483
0.1267907321
0.1265209317
0.1262540668
0.1259901226
0.1257290691
0.1254709214
0.1252156198
0.1249632016
0.1247136146
0.1244668588
0.1242229268
0.1239817888
0.1237434447
0.1235078797
0.1232750714
0.1230450124
0.1228176877
0.1225930825
0.1223711893
0.1221519858
0.1219354719
0.1217216253
0.1215104312
0.121301882
0.1210959628
0.1208926663
0.12069197
0.120493874
0.1202983484
0.1201053932
0.1199150011
0.1197271422
0.1195418239
0.1193590239
0.1191787273
0.1190009266
0.1188256145
0.1186527684
0.1184823886
0.1183144525
0.1181489527
0.1179858819
0.117825225
0.1176669747
0.117511116
0.117357634
0.1172065213
0.1170577705
0.1169113666
0.1167672947
0.1166255549
0.1164861321
0.1163490117
0.1162141785
0.1160816327
0.1159513667
0.1158233583
0.1156975999
0.1155740842
0.1154527962
0.1153337359
0.1152168885
0.1151022315
0.1149897724
0.1148794964
0.1147713885
0.1146654487
0.1145616546
0.1144599989
0.1143604815
0.1142630875
0.114167802
0.1140746251
0.1139835417
0.1138945371
0.1138076112
0.1137227565
0.1136399582
0.1135592014
0.1134804934
0.1134038046
0.1133291423
0.1132564917
0.1131858453
0.1131171957
0.1130505279
0.1129858345
0.1129231155
0.112862356
0.1128035411
0.1127466708
0.1126917377
0.1126387268
0.1125876382
0.1125384569
0.1124911755
0.1124457866
0.1124022752
0.1123606488
0.1123208851
0.112282984
0.112246938
0.1122127324
0.1121803597
0.1121498197
0.1121210977
0.1120941937
0.1120690927
0.1120457873
0.11202427
0.1120045409
0.1119865775
0.1119703874
0.1119559556
0.1119432747
0.1119323447
0.1119231433
0.1119156778
0.1119099334
0.1119059101
0.1119035855
0.1119029671
0.1119040474
0.1119068116
0.1119112521
0.1119173765
0.1119251549
0.1119346023
0.1119456962
0.1119584441
0.1119728237
0.1119888425
0.112006478
0.1120257378
0.1120466143
0.1120690927
0.1120931655
0.1121188402
0.1121460944
0.1121749356
0.1122053489
0.1122373268
0.1122708693
0.1123059615
0.1123426035
0.1123807877
0.1124205142
0.1124617606
0.1125045419
0.1125488356
0.1125946417
0.1126419529
0.1126907617
0.112741068
0.1127928644
0.1128461435
0.1129008904
0.1129571199
0.1130148023
0.1130739525
0.1131345555
0.113196604
0.1132600978
0.1133250296
0.1133913845
0.1134591699
0.1135283783
0.1135990024
0.1136710271
0.1137444675
0.1138193011
0.113895528
0.1139731407
0.1140521392
0.1141325161
0.1142142639
0.1142973751
0.1143818498
0.1144676879
0.1145548746
0.1146434098
0.1147332862
0.1148244962
0.1149170473
0.1150109172
0.1151061133
0.1152026281
0.1153004542
0.1153995842
0.1155000255
0.1156017631
0.1157047898
0.1158091128
0.1159147173
0.1160216033
0.1161297634
0.1162391901
0.1163498908
0.1164618507
0.1165750697
0.1166895479
0.1168052703
0.116922237
0.1170404404
0.1171598807
0.1172805578
0.1174024642
0.1175255924
0.1176499352
0.1177754998
0.1179022789
0.1180302575
0.1181594431
0.1182898283
0.1184214056
0.1185541824
0.1186881438
0.1188232824
0.1189596057
0.1190971136
0.1192357838
0.1193756238
0.1195166335
0.1196588054
0.1198021322
0.1199466139
0.1200922504
0.1202390268
0.1203869581
0.1205360219
0.1206862256
0.1208375618
0.1209900305
0.1211436242
0.1212983429
0.1214541867
0.1216111407
0.1217692122
0.1219284013
0.1220886931
0.1222500876
0.1224125922
0.1225761846
0.1227408871
0.12290667
0.1230735555
0.1232415214
0.1234105751
0.1235807091
0.1237519234
0.1239242107
0.1240975782
0.1242720187
0.1244475245
0.1246240959
0.1248017326
0.1249804348
0.1251602024
0.1253410131
0.1255228817
0.1257058084
0.1258897781
0.1260748059
0.1262608767
0.1264479905
0.1266361475
0.1268253326
0.1270155758
0.1272068471
0.1273991466
0.1275924891
0.127786845
0.1279822439
0.128178671
0.1283761263
0.1285745949
0.1287740916
0.1289746165
0.1291761547
0.1293787211
0.1295823008
0.1297868937
0.1299924999
0.1301991194
0.1304067522
0.1306153983
0.1308250576
0.1310357302
0.1312474161
0.1314601004
0.131673798
0.1318885088
0.132104218
0.1323209405
0.1325386614
0.1327573955
0.132977128
0.1331978738
0.133419618
0.1336423606
0.1338661313
0.1340908855
0.134316653
0.1345434338
0.1347712129
0.1350000054
0.1352297962
0.1354606003
0.1356924176
0.1359252334
0.1361590624
0.1363939196
0.1366297752
0.136866644
0.1371045262
0.1373434216
0.1375833452
0.1378242821
0.1380662471
0.1383092254
0.138553232
0.1387982666
0.1390443295
0.1392914206
0.1395395547
0.139788717
0.1400389224
0.1402901709
0.1405424476
0.1407957971
0.1410501748
0.1413056254
0.1415621191
0.1418196857
0.1420783103
0.1423380077
0.142598778
0.1428606212
0.1431235522
0.143387571
0.1436526775
0.1439188868
0.1441861987
0.1444545984
0.1447241306
0.1449947804
0.1452665478
0.1455394477
0.14581348
0.1460886747
0.1463650018
0.1466424912
0.1469211429
0.1472009867
0.1474819928
0.147764191
0.1480475962
0.1483321935
0.1486180127
0.1489050686
0.1491933465
0.1494828612
0.1497736424
0.1500656903
0.1503590047
0.1506536156
0.1509495229
0.1512467414
0.1515452862
0.151845172
0.152146399
0.1524489969
0.1527529657
0.1530583352
0.1533651054
0.1536732912
0.1539829224
0.154294014
0.1546065807
0.1549206376
0.1552361995
0.1555532813
0.1558719128
0.1561921239
0.1565139145
0.1568373144
0.1571623385
0.1574890316
0.1578173786
0.1581474543
0.1584792286
0.1588127762
0.159148097
0.1594852209
0.1598241776
0.1601650119
0.1605077237
0.1608523726
0.1611989737
0.1615475863
0.1618982106
0.1622508913
0.162605688
0.1629626155
0.1633217186
0.1636830419
0.1640466303
0.1644125283
0.1647807658
0.1651514173
0.1655245125
0.1659000963
0.1662782431
0.1666589975
0.1670424044
0.1674285233
0.1678174287
0.1682091802
0.1686038524
0.169001475
0.1694021672
0.1698059589
0.1702129543
0.1706232131
0.1710368246
0.1714538783
0.1718744636
0.1722986549
0.1727265716
0.173158288
0.1735939234
0.1740335673
0.1744773537
0.1749253869
0.1753777713
0.1758346707
0.1762961894
0.1767624617
0.1772336364
0.1777098626
0.1781913042
0.1786781102
0.1791704595
0.1796685159
0.1801724732
0.1806825101
0.1811988503
0.1817216873
0.1822512448
0.1827877611
0.1833314747
0.1838826239
0.184441492
0.185008347
0.1855834872
0.1861671954
0.1867598146
0.1873616576
0.187973097
0.1885944754
0.1892261952
0.1898686588
0.1905222833
0.191187501
0.1918648034
0.1925546676
0.1932576001
0.1939741224
0.1947048306
0.1954502761
0.1962110847
0.1969878972
0.1977813691
0.1985922158
0.1994211376
0.2002688944
0.2011362761
0.2020240724
0.2029331028
0.2038642466
0.2048183531
0.2057963312
0.206799075
0.2078275084
0.2088825405
0.2099651098
0.2110760957
0.212216422
0.213386938
0.2145884931
0.2158218622
0.2170877755
0.2183869183
0.2197198719
0.2210871726
0.2224891931
0.2239262909
0.2253986448
0.2269063592
0.2284493893
0.2300276011
0.2316407263
0.2332883775
0.2349700481
0.236685127
0.2384328842
0.2402125448
0.2420231849
0.2438638359
0.2457334399
0.2476309091
0.2495550811
0.2515047789
0.2534787059
0.2554756999
0.2574944496
0.2595336735
0.2615920901
0.2636684179
0.2657614052
0.2678698003
0.2699923217
0.2721277773
0.2742749453
0.2764326632
0.2785997987
0.2807751596
0.2829577327
0.2851464152
0.2873401344
0.2895379663
0.2917388976
0.2939419746
0.2961463034
0.2983509898
0.3005551994
0.3027581275
0.3049589992
0.3071570098
0.3093514442
0.3115416467
0.313726902
0.3159065843
0.3180800378
0.3202467561
0.3224060833
0.3245575428
0.326700598
0.3288347423
0.3309594989