2292
0
114.55
-1.442743182
-1.439331293
-1.435926557
-1.432528138
-1.429141641
-1.425762892
-1.42238903
-1.419027925
-1.415670991
-1.412321568
-1.408978939
-1.405643106
-1.402320862
-1.399000049
-1.395690918
-1.392386556
-1.3890903
-1.385801077
-1.382521749
-1.37924397
-1.375980973
-1.372716665
-1.369467497
-1.366220355
-1.362980366
-1.359744906
-1.356524944
-1.353302956
-1.350091338
-1.346883297
-1.343689442
-1.34049809
-1.337308168
-1.334131002
-1.330958128
-1.327794194
-1.324631453
-1.321480513
-1.318334937
-1.31519568
-1.312056899
-1.30892849
-1.305804968
-1.302688479
-1.29957962
-1.296471596
-1.293375134
-1.290275455
-1.287187338
-1.284102917
-1.281025648
-1.277956128
-1.27488637
-1.271825075
-1.268764377
-1.265712738
-1.262662649
-1.25961864
-1.256580234
-1.253543496
-1.250516295
-1.247490287
-1.244465232
-1.241444111
-1.238429666
-1.235421538
-1.232415915
-1.22940731
-1.226406217
-1.223409534
-1.22041595
-1.21742332
-1.214433789
-1.2114501
-1.208462119
-1.205480814
-1.202501655
-1.199519277
-1.196546674
-1.193572044
-1.190597296
-1.187625527
-1.184653282
-1.181684136
-1.178713202
-1.175745606
-1.172772646
-1.169807673
-1.166836381
-1.163870454
-1.160898328
-1.157926917
-1.154953241
-1.151984096
-1.149009705
-1.146037936
-1.143059134
-1.140082598
-1.137100816
-1.134118199
-1.131130695
-1.128143907
-1.125151277
-1.122158051
-1.119159818
-1.11615634
-1.113151312
-1.110141993
-1.107127428
-1.104108453
-1.101083279
-1.098057151
-1.095021963
-1.091983795
-1.088937163
-1.085888147
-1.082826853
-1.079763174
-1.076691151
-1.073615313
-1.070528269
-1.067434311
-1.06432879
-1.061221361
-1.058103323
-1.054976225
-1.051841259
-1.048694849
-1.045538664
-1.042374492
-1.039199352
-1.036016107
-1.032818556
-1.029612303
-1.026393771
-1.023164272
-1.019921899
-1.016665578
-1.013400197
-1.010120869
-1.00682807
-1.003522515
-1.000203729
-0.9968708158
-0.9935205579
-0.9901611805
-0.9867813587
-0.9833881855
-0.9799811244
-0.976557374
-0.9731143713
-0.9696604013
-0.9661865234
-0.9626945257
-0.9591829181
-0.9556586742
-0.9521121383
-0.9485484362
-0.9449655414
-0.9413625002
-0.9377423525
-0.9341000319
-0.9304416776
-0.9267578125
-0.9230534434
-0.9193276167
-0.9155833721
-0.9118130207
-0.9080207944
-0.9042093158
-0.9003704786
-0.8965065479
-0.8926234841
-0.8887143135
-0.8847799301
-0.8808175921
-0.8768348694
-0.8728224635
-0.8687843084
-0.8647215366
-0.860630393
-0.8565123081
-0.8523640037
-0.8481877446
-0.8439871669
-0.8397501707
-0.835488677
-0.8311949372
-0.8268728852
-0.8225195408
-0.8181320429
-0.8137167096
-0.8092688918
-0.8047872186
-0.8002720475
-0.7957223654
-0.7911414504
-0.7865245342
-0.7818746567
-0.7771894336
-0.7724665403
-0.7677110434
-0.7629164457
-0.7580814958
-0.7532142997
-0.7483080029
-0.7433611155
-0.7383793592
-0.7333546281
-0.7282927036
-0.7231884599
-0.7180418968
-0.7128572464
-0.7076297402
-0.7023629546
-0.6970492601
-0.6916939616
-0.6862930655
-0.6808482409
-0.6753621101
-0.6698260307
-0.6642478108
-0.6586247087
-0.6529483199
-0.6472293735
-0.6414622068
-0.6356469393
-0.6297831535
-0.6238676906
-0.617903471
-0.6118909121
-0.6058253646
-0.5997069478
-0.5935381055
-0.5873157978
-0.5810408592
-0.5747125745
-0.5683319569
-0.5618931055
-0.5554001927
-0.5488518476
-0.5422457457
-0.5355846286
-0.5288651586
-0.5220854878
-0.5152475834
-0.5083525777
-0.5013955235
-0.4943796098
-0.4873002768
-0.4801608026
-0.472959131
-0.4656962156
-0.4583661556
-0.4509733915
-0.4435179234
-0.4359951615
-0.4284069836
-0.4207549691
-0.4130321741
-0.405243665
-0.3973850608
-0.3894597292
-0.3814634085
-0.3733969927
-0.3652605116
-0.3570530415
-0.3487715423
-0.3404192626
-0.3319913149
-0.3234930336
-0.3149178028
-0.3062677383
-0.2975431681
-0.2887394428
-0.2798618078
-0.2709040642
-0.2618689537
-0.252753973
-0.2435601801
-0.2342845947
-0.2249290943
-0.2154918611
-0.2059727609
-0.1963685751
-0.1866832227
-0.1769101024
-0.1670554876
-0.1571121663
-0.1470855176
-0.1369708478
-0.1267662942
-0.1164753288
-0.1060941517
-0.09562452137
-0.08506385982
-0.07441178709
-0.06366956979
-0.05283193663
-0.04190328345
-0.0308791846
-0.01975998841
-0.008547124453
0.002761732321
0.01416644081
0.02567035705
0.03727182373
0.04897189885
0.06077374145
0.07267341763
0.08467461914
0.09677681327
0.1089818925
0.1212903559
0.1337028295
0.1462164223
0.1588407457
0.1715670079
0.1843996495
0.1973413974
0.2103908658
0.2235487998
0.2368163019
0.2501942515
0.2636815906
0.2772837877
0.2909947634
0.304821223
0.3187604845
0.332813859
0.3469832242
0.3612688482
0.375669241
0.3901889324
0.4048267007
0.4195811749
0.4344566166
0.4494519234
0.4645695686
0.479808718
0.4951687455
0.5106524825
0.5262615681
0.5419924259
0.5578504801
0.5738352537
0.5899438262
0.6061828136
0.6225498319
0.6390458345
0.6556693912
0.6724246144
0.6893106699
0.7063281536
0.7234784961
0.7407631278
0.758179307
0.7757315636
0.7934177518
0.8112432361
0.8292037845
0.8473021388
0.8655378222
0.8839113712
0.9024263024
0.9210819602
0.9398769736
0.9588138461
0.977893889
0.9971178174
1.016484022
1.035994411
1.055650592
1.075452209
1.095401764
1.115496516
1.135741711
1.156130552
1.176673651
1.197364092
1.218205929
1.239198923
1.260342717
1.281641483
1.303092122
1.324697018
1.34645474
1.368367791
1.390439749
1.412665963
1.435049772
1.457590342
1.480290532
1.503149271
1.526167274
1.54934752
1.572686553
1.596186996
1.619850874
1.64367485
1.667664886
1.691818953
1.716136336
1.740618825
1.765267849
1.790082097
1.815062404
1.840210795
1.865530252
1.891016722
1.916670561
1.942495108
1.968489647
1.994653821
2.020991802
2.047502041
2.074183941
2.101039171
2.128066778
2.155268431
2.182644367
2.210196018
2.237921953
2.265823841
2.293904543
2.322158813
2.350594997
2.379207373
2.407999992
2.436966419
2.466114521
2.49544239
2.524949551
2.554638386
2.584508657
2.614562035
2.644794226
2.675209045
2.70580864
2.736589432
2.767553091
2.79870224
2.830034494
2.861551762
2.893256426
2.925139427
2.957214355
2.98947382
3.021920204
3.054549694
3.087369442
3.120375872
3.153568983
3.186950445
3.220520258
3.254278421
3.28822422
3.322359085
3.356684923
3.391194344
3.425898314
3.460790157
3.495871067
3.531145096
3.566608906
3.602259159
3.638107777
3.674142599
3.710367918
3.74678278
3.783398628
3.820190191
3.857187033
3.894367695
3.931745529
3.969307661
4.007071018
4.04502058
4.083161354
4.121496201
4.160028458
4.198742867
4.23764801
4.276753426
4.316052914
4.355536461
4.395217419
4.435089111
4.475156307
4.515405178
4.555864334
4.596498013
4.637328148
4.678351402
4.719564438
4.760967255
4.80256319
4.84435463
4.886333942
4.928499699
4.970860004
5.013411999
5.056150436
5.09908247
5.142199993
5.18551302
5.229009151
5.272699833
5.31657505
5.36063385
5.404889584
5.449328899
5.493959904
5.53877306
5.583778381
5.62896347
5.674337864
5.719897747
5.765640259
5.81156826
5.857676983
5.903982162
5.950460911
5.997121334
6.043969631
6.091002464
6.138210297
6.185599804
6.233175755
6.280924797
6.328858852
6.376963139
6.425254345
6.473721981
6.522357941
6.57117939
6.62017107
6.669342518
6.718686104
6.768203735
6.817893028
6.86775589
6.917788506
6.967991829
7.018372536
7.06891346
7.119627476
7.170503139
7.221556187
7.27276516
7.324154854
7.375696182
7.427397728
7.479264736
7.531291962
7.583488464
7.635855675
7.688358307
7.74102354
7.793850899
7.846847534
7.89998436
7.953270912
8.006718636
8.060312271
8.114062309
8.167965889
8.22201252
8.276210785
8.330554008
8.385042191
8.439681053
8.49446106
8.549368858
8.604439735
8.659643173
8.714980125
8.77045536
 8.8260746
8.881824493
8.937696457
8.99372673
9.049880028
9.106143951
9.162550926
9.219085693
9.275753975
9.332539558
  9.389431
9.446465492
9.503621101
9.560896873
9.618283272
9.675776482
9.733406067
9.791127205
9.848982811
9.906942368
9.96500206
10.02317047
10.08144569
10.13982868
10.19831467
10.25690842
10.31559563
10.37437057
10.43326664
10.49222755
10.55130863
10.61046982
10.66971302
10.72904968
10.7884798
10.84800911
10.90759087
10.9672718
11.02701569
11.08685398
11.14676094
11.20674706
11.26681423
11.3269434
11.38713837
11.44740009
11.50773335
11.56812668
11.62859535
11.68910503
11.74967957
11.81030369
11.87098694
11.93173504
11.9925251
12.05336094
12.1142416
12.17517853
12.23614025
12.29716206
12.35821438
12.41929817
12.48042488
12.5415802
12.60277367
12.66398144
12.72522163
12.78648376
12.84777737
12.90908146
12.97040367
13.03175163
13.09312344
13.15449333
13.21586418
13.27725029
13.3386364
13.40004253
13.46143341
13.5228281
13.58423138
13.64562035
13.7069931
13.76836109
13.82972336
13.89108086
13.95240974
14.01370811
14.07500744
14.13626671
14.19750595
14.25871563
14.31989861
14.38107109
14.44218826
14.5032692
14.56428814
14.62527943
14.68625259
14.74716282
14.80801964
14.86883926
14.92961121
14.9903059
15.05095196
15.11152935
15.17206573
15.23249817
15.29290104
15.35321712
15.41346645
 15.473629
15.53371811
15.59374523
15.65368843
15.71355057
15.7733469
15.83299065
15.89258003
15.95206356
16.01148415
16.0707531
16.12993813
16.18905449
16.24802208
16.3069191
16.36566925
16.42434692
16.4828968
16.54133224
16.59960938
16.65781021
16.71587563
16.7737751
16.83157349
16.88924026
16.94676208
17.00414467
17.06140327
17.11849594
17.17546463
17.23228455
17.2889576
17.34544754
17.40182495
17.45804787
17.51410103
17.56996346
17.62565804
17.68121338
17.73660088
17.79179001
17.84682655
17.90166664
17.95636749
18.01083183
18.06518555
18.11930466
18.17322731
18.22699356
18.28053856
18.33389473
 18.387043
18.44000053
18.49274254
18.54528427
18.59765053
18.64974976
18.70167351
18.75336456
18.80485916
18.85611343
18.90713501
18.95794487
19.00852966
19.05891991
19.10905457
19.15894318
19.20859146
19.25802803
19.30719376
19.35613251
19.40479851
19.45324135
19.50142288
19.54935455
19.59701729
19.64445114
19.69162941
19.73852539
19.78517151
19.83155251
19.87764168
19.92346954
19.96901321
20.01434708
20.05931664
20.10403633
20.14850998
20.19264984
20.23652458
20.28010559
20.32339478
20.36642265
20.40911484
20.45153809
20.49365234
20.53547668
20.57699394
20.61821938
20.65911102
20.69972229
20.74001312
20.77999306
20.81962204
20.85895157
20.89796257
20.93667603
20.97504807
21.01310921
21.0508194
21.08824158
21.12528419
21.16200447
21.19841766
21.23449898
21.27022171
21.30563927
21.34068871
21.37538719
21.40973854
21.44376945
21.47742844
21.51073074
21.54370499
21.57629967
21.60855865
21.64044571
21.67196465
21.70315742
21.73398399
21.76441574
21.79452515
21.82423019
21.85360909
21.88258934
21.91119194
21.9394455
21.96731758
21.99480629
22.0219059
22.04866028
22.07502365
22.10097885
22.1265583
22.15180016
22.17660522
22.20102692
22.22506332
22.24872208
22.27201653
22.29488754
22.31732178
22.33941078
22.36113739
22.38239861
22.40329933
22.42381859
22.44391823
22.46362114
22.48289108
22.50178719
22.52025032
22.53832626
22.55600357
22.57324791
22.5900898
22.60653305
22.62257195
22.63817787
22.65340042
22.66815948
22.6825676
22.69648933
22.71006012
22.72319031
22.73592186
22.74821281
22.76010895
22.77155685
22.78258896
22.79318428
22.80336761
22.8131218
22.82247162
22.83138847
22.83987236
22.8479557
22.85560417
22.86279297
22.86958504
22.87594414
22.88184929
22.88738251
22.89245224
22.8971138
22.9013176
22.90509987
22.90845871
22.91137886
22.91390991
22.91596413
22.91756058
22.91879272
22.91954041
22.91987419
22.91978645
22.91924858
22.91827774
22.91687965
22.91505241
22.9127903
22.91007996
22.90695763
22.90338326
22.89941025
22.89496231
22.89010429
22.88482285
22.87908363
22.87291718
22.86632919
22.85928345
22.85185051
22.8439827
22.83563232
22.82689095
22.8176899
22.80807304
22.79805374
22.78754616
22.77662849
22.76529121
22.75352859
22.74130821
22.72867012
22.71560478
22.70212364
22.68820763
22.67385292
22.65909958
22.64390755
22.62829208
22.61221695
22.59574318
22.57888985
22.56154823
22.54379845
22.52564812
22.50706673
22.48806572
22.46864128
22.44879532
22.42853165
22.40784454
22.38674927
22.36523628
22.34329987
22.32095337
22.29820251
22.27500534
22.25143051
22.22746277
22.20304489
22.17822647
22.15300751
22.12739563
22.10135841
22.07491493
22.04808426
22.02081871
21.99319458
21.96514511
21.93670082
21.90785217
21.87861633
21.84899712
21.81894875
21.78853035
21.75770187
21.72650146
21.6948967
21.66289902
21.63054466
21.59775543
21.56461525
21.53107643
21.49716568
 21.462883
21.42819405
21.39314461
21.35773087
21.32192993
21.28573418
21.24918175
21.21225739
21.17498398
21.13731575
21.09932137
21.06092262
21.02216721
20.98309708
20.9435997
20.90377617
20.86359406
20.82308197
20.78218269
20.74093628
20.69935799
20.65738869
20.61510468
20.5724659
20.5294857
 20.486166
20.44250488
20.39850044
20.35413933
20.30949211
20.26447868
20.21917343
20.17349434
20.12750435
20.08117485
20.03455353
19.98757172
19.94032669
19.89272308
19.84478188
19.79657936
19.7480278
19.69919586
19.65003395
19.60058403
19.55083084
19.50072289
19.45038986
19.3997097
19.34875298
19.29747391
19.24593163
 19.194067
19.14191628
19.08952713
19.03681946
18.98383904
18.93055534
18.87700081
18.82317734
18.76909637
18.71472931
18.66012192
18.60518837
18.55002594
18.49459457
18.43890953
18.38294792
18.32674217
18.2702713
18.21356964
18.15659332
18.09939384
18.0419178
17.98422241
17.92628098
17.86809349
17.80968857
17.75101662
17.69215202
17.6330471
17.57370949
17.51412201
17.45433617
17.39428902
17.33407211
17.27363014
17.21296692
17.15206718
17.09096527
17.02967262
16.96818161
16.90646553
16.84453201
16.78243256
16.7201252
16.65764427
16.59495544
16.53208351
16.46902847
16.4057579
16.34233093
16.27871895
16.21490288
16.15094757
16.08679962
16.02251625
15.95801163
15.89337063
15.82854462
15.76359177
15.69845676
15.63317394
15.56773758
15.50214386
15.43639565
15.37051773
15.30447292
15.23832226
15.17198277
15.10552883
15.03890896
14.97217178
14.90531635
14.83833218
14.77120495
14.70397186
14.63658237
14.56910038
14.50151157
14.4337883
14.36596394
14.29801655
14.22996426
14.16180992
14.09354973
14.02518654
13.95671654
13.88816261
13.81950855
13.75076675
13.68192577
13.61300659
13.54399395
13.47491932
13.40575981
13.33651733
13.2671833
13.19778919
13.12830067
13.05875874
12.98915672
12.91947842
12.84973526
12.77992916
12.71007442
12.64017868
12.57019806
12.50018406
12.43010139
12.35998631
12.2898407
12.21962643
12.14939499
12.07911491
12.00878716
11.93844986
11.86807537
11.79766273
11.72722435
11.65674591
11.58626175
11.5157423
11.44520664
11.37465954
11.30409622
11.23353195
11.16294003
11.09233952
11.02174568
10.95114136
10.88053226
10.80992508
10.73931694
10.66872311
10.59811497
10.52753925
10.45695972
10.38640118
10.31585217
10.24532127
10.17480373
10.10430527
10.03383923
9.963385582
9.892950058
9.822554588
9.752188683
9.681852341
9.611556053
9.541293144
9.471064568
9.400882721
9.33073616
9.260620117
9.190569878
9.120559692
9.050601006
8.980693817
8.910843849
8.841028214
8.771287918
8.701595306
8.631978989
8.562416077
8.492918015
8.423467636
8.354103088
8.284800529
8.215576172
8.146414757
8.077336311
8.008328438
7.939392567
7.870542526
7.801773071
7.733080387
7.664488792
7.595968246
7.527528763
7.459205151
7.39095068
7.322789669
7.254741192
7.186773777
7.118909836
7.051132202
6.983472824
6.915908813
6.84844017
6.781080246
6.713833809
6.646689415
6.579656601
6.512738228
6.445935249
6.379241467
6.312661648
6.24619627
6.179859161
6.113628387
6.047532558
5.981554508
5.915697098
5.849975586
5.784360886
5.718900204
5.653556347
5.588348389
5.523267269
5.458313942
5.393503666
5.328834057
5.264303684
5.19989872
5.13563633
5.07152462
5.007551193
4.943721771
4.880036831
4.816497326
4.753108501
4.689869881
4.626784801
4.563838482
4.501046658
4.438412189
4.37594223
4.313607693
4.251437664
4.18943119
4.127580643
4.065884113
4.004364014
3.94298625
3.881780863
3.820747852
3.759870768
3.69916296
3.638622522
3.578247786
3.518039703
3.458003521
3.398147345
3.338452578
3.278930902
3.21959424
3.160426378
3.10143733
3.042613029
2.983982563
2.925517321
2.867245197
2.809130907
2.751217842
2.693474531
2.635920286
2.578540802
2.521359205
2.464347839
2.407527685
2.350903034
2.294463158
2.238212109
2.182137012
2.126266956
2.070570707
2.015077591
1.959757924
1.904655457
1.849736571
1.795008183
1.740475774
1.686130643
1.63198483
1.578042507
1.524291754
1.470735788
1.417383194
1.364228964
1.311262488
1.258493066
1.205942154
1.153585434
1.101419926
1.04947567
0.9977128506
0.946158886
0.8948205709
0.84366256
0.7927193642
0.7419852614
0.6914409399
0.6411201358
0.5909912586
0.5410753489
0.4913666248
0.4418652058
0.3925644457
0.3434703946
0.2946007252
0.2459143698
0.1974562556
0.1491880417
0.1011448801
0.05330975354
0.005677870009
-0.04173188657
-0.08894466609
-0.1359452605
-0.1827287376
-0.2293152362
-0.2756740153
-0.3218225837
-0.3677814901
-0.4135026634
-0.4590190351
-0.5043290257
-0.5494130254
-0.5942943692
-0.6389602423
-0.6834179163
-0.7276592255
-0.7716782093
-0.8154986501
-0.8590940237
-0.9024831057
-0.9456542134
-0.9886075258
-1.031359911
-1.073889136
-1.116202593
-1.158305168
-1.20018971
-1.241853714
-1.283325791
-1.324559331
-1.365594864
-1.406403542
-1.447006941
-1.487395406
-1.527573586
-1.567521811
-1.607266903
-1.646799326
-1.686114907
-1.725209236
-1.764096022
-1.802764893
-1.841217637
-1.87945354
-1.917491794
-1.95530653
-1.992907405
-2.030292749
-2.067469835
-2.104422092
-2.141176462
-2.177698612
-2.214009762
-2.250116825
-2.28601265
-2.321703434
-2.357167959
-2.392427921
-2.427470446
-2.462310076
-2.496928692
-2.531337738
-2.565528631
-2.59950757
-2.633292913
-2.666857004
-2.700209379
-2.733354807
-2.766281366
-2.79901886
-2.831523895
-2.863826513
-2.895918846
-2.927809715
-2.959487438
-2.990969181
-3.02221489
-3.053290367
-3.084133148
-3.114775181
-3.145204782
-3.175424576
-3.205440998
-3.235275269
-3.264880419
-3.29427743
-3.323486567
-3.352487326
-3.38127017
-3.409873009
-3.438251019
-3.466424227
-3.494411707
-3.52219677
-3.549774647
-3.577141285
-3.60433197
-3.631293535
-3.658071995
-3.684647322
-3.71101594
-3.737195253
-3.763182402
-3.788961172
-3.814536095
-3.839927673
-3.865112543
-3.890096188
-3.914896727
-3.939498663
-3.963909864
-3.988120556
-4.012127399
-4.035960674
-4.059591293
-4.083026886
-4.10627079
-4.129324436
-4.152188778
-4.174864769
-4.197338581
-4.21964407
-4.241737843
-4.263651848
-4.285394192
-4.306926727
-4.328290462
-4.34943819
-4.370419025
-4.391219616
-4.411824226
-4.432249546
-4.452488422
-4.472533703
-4.492409706
-4.512109756
-4.531616688
-4.550943375
-4.5700984
-4.589056492
-4.607850552
-4.626475811
-4.644901276
-4.663144112
-4.681223869
-4.699129581
-4.716852188
-4.734409332
-4.751767159
-4.768967628
-4.785989761
-4.80284071
-4.819526196
-4.836035728
-4.852360725
-4.868531227
-4.884518623
-4.900341034
-4.915985584
-4.931472778
-4.946803093
-4.961940289
-4.976928711
-4.991753101
-5.006398201
-5.02089262
-5.035222054
-5.049370289
-5.063380241
-5.077205181
-5.090871334
-5.104399681
-5.117741585
-5.130921841
-5.143966198
 -5.156847
-5.169544697
-5.182113647
-5.194515705
-5.206768036
-5.21884203
-5.230791569
-5.242558956
-5.254193306
-5.265655518
-5.276979923
-5.288148403
-5.299158573
-5.310045719
-5.320752144
-5.331321239
-5.341743946
-5.352018356
-5.362140656
-5.372114182
-5.381953716
-5.391647816
-5.401187897
-5.410579205
-5.419847488
-5.428947449
-5.437919617
-5.446751118
-5.455443859
-5.46398735
-5.472393513
-5.480678558
-5.488807678
-5.496808052
-5.504666805
-5.512385368
-5.519963741
-5.527422905
-5.534735203
-5.541918755
-5.548956871
-5.55587101
-5.562665462
-5.569326401
-5.57585001
-5.582243443
-5.588507652
-5.594648838
-5.600657463
-5.606535435
-5.612298489
-5.617935181
-5.623446465
-5.628826618
-5.634091377
-5.63921833
-5.644240856
-5.649119854
-5.653890133
-5.658558846
-5.663050652
-5.667477608
-5.671774387
-5.67593956
-5.679993629
-5.683931828
-5.687762737
-5.691461086
-5.695049286
-5.698525906
-5.701887131
-5.705139637
-5.708280563
-5.711314678
-5.714230061
-5.717039108
-5.719738483
-5.722323418
-5.724791527
-5.72717762
-5.729430676
-5.731596947
-5.733648777
-5.73559618
-5.737431526
-5.739171982
-5.740805626
-5.74234724
-5.743776321
-5.745107174
-5.746335983
-5.747450352
-5.748484135
-5.749407768
-5.75025034
-5.750983238
-5.751634121
-5.752155304
-5.752603054
-5.752953053
-5.753203869
-5.753353119
-5.753423214
-5.753394604
-5.753259182
-5.753044128
-5.752754688
-5.75235033
-5.751890182
-5.751310349
-5.75066185
-5.749896049
-5.749068737
-5.748132229
-5.747128963
-5.746026039
-5.744859219
-5.743588448
-5.742239475
-5.740803242
-5.739285469
-5.737684727
-5.736013889
-5.734264374
-5.732411861
-5.730496407
-5.72849226
-5.726417542
-5.7242589
-5.722023487
-5.719719887
-5.717319012
-5.714852333
-5.712325096
-5.709700108
-5.707019806
-5.704255581
-5.701426983
-5.698504448
-5.69551754
-5.692471504
-5.68935585
-5.686155796
-5.682909012
-5.679567814
-5.67616415
-5.672692776
-5.669155121
-5.665559292
-5.661881924
-5.658168316
-5.654345989
-5.650482655
-5.646550179
-5.642560005
-5.63850069
-5.634387493
-5.630198002
-5.625945568
-5.621631622
-5.61727953
-5.612839222
-5.608359814
-5.603824139
-5.599194527
-5.594542027
-5.58982563
-5.585039616
-5.58020401
-5.575307846
-5.570358753
-5.565356731
-5.560290337
-5.555185795
-5.55000639
-5.544779778
-5.53951025
-5.534171581
-5.528810501
-5.523361206
-5.517887592
-5.512351513
-5.506770611
-5.501137733
-5.495458126
-5.48973608
-5.483961582
-5.478132725
-5.472268105
-5.466340542
-5.460382938
-5.454369068
-5.448318481
-5.442203999
-5.436060905
-5.429874897
-5.42363739
-5.417374134
-5.411050797
-5.404687881
-5.398272991
-5.391839504
-5.385350227
-5.378820419
-5.37225008
-5.365643501
-5.359005451
-5.352314949
-5.345592499
-5.338834763
-5.332031727
-5.325181961
-5.318311691
-5.311401367
-5.304468632
-5.297482014
-5.290465832
-5.283414841
-5.276324272
-5.269195557
-5.262049675
-5.254854202
-5.247638226
-5.240381718
-5.233093262
-5.225774765
-5.218430042
-5.211049557
-5.203647137
-5.196213722
-5.188733578
-5.181242466
-5.173707485
-5.166137218
-5.158569813
-5.150949001
-5.143317699
-5.135646343
-5.127948761
-5.120243549
-5.112497807
-5.104720592
-5.09692812
-5.089101315
-5.081240654
-5.073370457
-5.065474033
-5.057547092
-5.049623489
-5.041653633
-5.033658028
-5.025653839
-5.017612457
-5.009551048
-5.001481533
-4.993381977
-4.985266685
-4.977131844
-4.968963146
-4.960796833
-4.952577591
-4.944364548
-4.936138153
-4.927891254
-4.919612408
-4.911327839
-4.903010368
-4.894693375
-4.886352539
-4.877985001
-4.869615555
-4.86122036
-4.852809429
-4.844384193
-4.835951805
-4.827498913
-4.819032669
-4.810535908
-4.802059174
-4.793539524
-4.785014629
-4.776482105
-4.767932415
-4.759388447
-4.750803471
-4.742217064
-4.733624458
-4.724999905
-4.71638298
-4.707757473
-4.699112415
-4.690464497
-4.681810856
-4.673125744
-4.664456844
-4.655748844
-4.647052288
-4.638341427
-4.629628181
-4.620895386
-4.61216116
-4.603417873
-4.594674587
-4.585914135
-4.577143669
-4.568374157
-4.559596539
-4.550821781
-4.542018414
-4.533224106
-4.524409771
-4.515609741
-4.506793976
-4.497969627
-4.489143848
-4.480326653
-4.471478939
-4.462648392
-4.453815937
-4.444964409
-4.436103344
-4.427257061
-4.418406963
-4.409549713
-4.400680542
-4.39181757
-4.382954121
-4.374082565
-4.365209579
-4.356337547
-4.347470284
-4.338595867
-4.329716206
-4.320847034
-4.311972618
-4.303085327
-4.294211388
-4.285332203
-4.276455402
-4.26758194
-4.258705616
-4.249829292
-4.240973949
-4.232087612
-4.223225594
-4.214347839
-4.205483437
-4.196617603
-4.18776083
-4.178893089
-4.170033455
-4.161186695
-4.15232563
-4.143476486
-4.134635448
-4.125784874
-4.116947651
-4.108112812
-4.099284172
-4.090453625
-4.081636429
-4.072808743
-4.063998699
-4.055183887
-4.046379089
-4.037585735
-4.028785706
-4.020000935
-4.011208534
-4.002440453
-3.993662596
-3.984897375
-3.976136923
-3.967390299
-3.958648682
-3.949908972
-3.941169739
-3.932455301
-3.92372632
-3.915017843
-3.906317234
-3.897620678
-3.888931751
-3.880250931
-3.871582031
-3.862918615
-3.854260445
-3.845612288
-3.836972475
-3.82834053
-3.81972456
-3.811114073
-3.802505255
-3.793910027
-3.785318613
-3.776745081
-3.768180132
-3.759616613
-3.75106144
-3.742530107
-3.733986855
-3.725478172
-3.716973782
-3.70846796
-3.69997716
-3.691502094
-3.683024883
-3.674564362
-3.666121721
-3.657676935
-3.649252653
-3.640830278
-3.632426023
-3.624027252
-3.615637541
-3.607254028
-3.598886013
-3.590533495
-3.582191467
-3.573851109
-3.565529585
-3.557207823
-3.548907042
-3.540604115
-3.532324791
-3.524052858
-3.515792847
-3.50753665
-3.499294519
-3.49105382
-3.482830286
-3.474621773
-3.466423035
-3.458230734
-3.450044155
-3.44187355
-3.433716297
-3.425560236
-3.417426109
-3.409295559
-3.401175499
-3.393061399
-3.384970903
-3.376878738
-3.368799686
-3.36073494
-3.352673769
-3.344613552
-3.336579323
-3.328544617
-3.320527554
-3.312515974
-3.304512501
-3.296524286
-3.288545609
-3.280582666
-3.272618294
-3.264667034
-3.256726742
-3.248792648
-3.240873814
-3.232961178
-3.22506237
-3.21717453
-3.209299564
-3.20142889
-3.193561316
-3.185710669
-3.177870512
-3.170047522
-3.162227392
-3.154407501
-3.146607399
-3.138823509
-3.131042242
-3.123276949
-3.11550951
-3.107768774
-3.100029945
-3.092294216
-3.08457303
-3.07687521
-3.069172144
-3.061491966
-3.05381608
-3.046150684
-3.038497925
-3.030858755
-3.02321744
-3.015600204
-3.00799489
-3.000397205
-2.992810965
-2.985227108
-2.977664232
-2.970109701
-2.96256566
-2.955042839
-2.947521687
-2.940018892
-2.932526588
-2.925041914
-2.917571068
-2.910116911
-2.902673006
-2.895235062
-2.887806416
-2.880408049
-2.873019695
-2.865632772
-2.8582623
-2.850909948
-2.843568802
-2.836241245
-2.828918934
-2.82162261
-2.814333677
-2.807056665
-2.79979825
-2.792555571
-2.785322189
-2.778101683
-2.770896435
-2.763711214
-2.756532669
-2.749372482
-2.742220402
-2.73508811
-2.727980614
-2.720881462
-2.713791609
-2.706722736
-2.699666023
-2.692629337
-2.685609818
-2.678591251
-2.671601295
-2.664626598
-2.657665014
-2.650724888
-2.643789768
-2.636878967
-2.629983664
-2.623103619
-2.616243362
-2.609395981
-2.602562189
-2.595752954
-2.588954926
-2.58217454
-2.575413704
-2.568668842
-2.561933279
-2.555225849
-2.548533201
-2.541859865
-2.53519702
-2.528561354
-2.521932125
-2.515328884
-2.508751154
-2.502172947
-2.495620966
-2.489089966
-2.482573986
-2.476073742
-2.469588995
-2.463128567
-2.456681967
-2.450259686
-2.443843603
-2.437459946
-2.431090832
-2.424734831
-2.418401241
-2.41208744
-2.405785322
-2.399506092
-2.39324522
-2.387002945
-2.380774736
-2.374569893
-2.368378401
-2.362213612
-2.356060028
-2.349927664
-2.343815088
-2.337718725
-2.331644773
-2.325582504
-2.319537163
-2.31351757
-2.30751586
-2.301532745
-2.295565128
-2.289615154
-2.28368783
-2.277781487
-2.271886587
-2.266010523
-2.260156393
-2.254315376
-2.24849081
-2.242694139
-2.236909628
-2.231147766
-2.225395203
-2.219669819
-2.213956356
-2.208263636
-2.202590704
-2.196931839
-2.191293716
-2.18567729
-2.18007493
-2.174488544
-2.168918371
-2.163371325
-2.15783596
-2.152325153
-2.146832228
-2.141354322
-2.135889053
-2.130444288
-2.125025272
-2.119613647
-2.114218712
-2.108846188
-2.1034863
-2.0981493
-2.092826366
-2.087518692
-2.082226276
-2.076960802
-2.071701765
-2.06646347
-2.06124115
-2.05603385
-2.050850391
-2.0456779
-2.040525675
-2.035381317
-2.030261993
-2.025154829
-2.020066261
-2.014992237
-2.009937048
-2.004895449
-1.999867916
-1.994859576
-1.989863038
-1.984887362
-1.979924202
-1.97498095
-1.970047355
-1.96513176
-1.960240245
-1.955352545
-1.950479269
-1.945628881
-1.9407897
-1.935970426
-1.931158066
-1.926364303
-1.921589732
-1.916821957
-1.912079334
-1.907340527
-1.902626038
-1.897922993
-1.89323318
-1.888555288
-1.883897901
-1.879254103
-1.874619961
-1.870000005
-1.865401387
-1.860808134
-1.856235504
-1.851673722
-1.847129464
-1.842597008
-1.838074088
-1.833570004
-1.829079628
-1.824602485
-1.820136547
-1.815689206
-1.811254144
-1.806832194
-1.80241847
-1.798023224
-1.793639421
-1.789267659
-1.784911394
-1.780565619
-1.776235819
-1.771918654
-1.76761663
-1.763328314
-1.759041667
-1.754772425
-1.750521898
-1.746279716
-1.742049932
-1.737836719
-1.733630776
-1.729442954
-1.725261211
-1.721095562
-1.716942191
-1.712806582
-1.708675146
-1.704559088
-1.700455904
-1.696362019
-1.692285776
-1.688214898
-1.684159517
-1.680113316
-1.676080346
-1.672061801
-1.668048978
-1.664052129
-1.660062551
-1.656087637
-1.652123332
-1.648169875
-1.644228816
-1.640296698
-1.6363765
-1.63246429
-1.628567338
-1.624678612
-1.620800614
-1.61693418
-1.613076687
-1.609231949
-1.605395436
-1.60157311
-1.597756028
-1.593954206
-1.590155959
-1.586372018
-1.582598567
-1.578836322
-1.575080037
-1.571336865
-1.567601323
-1.563877821
-1.56016624
-1.556457281
-1.552765727
-1.549078822
-1.545405626
-1.541733503
-1.538076401
-1.534429073
-1.530797243
-1.52716732
-1.523546457
-1.519935966
-1.516335607
-1.512742519
-1.509157062
-1.505587578
-1.502018929
-1.498464823
-1.494917989
-1.491378188
-1.487849593
-1.484328866
-1.480818629
-1.477313995
-1.473816037
-1.470330715
-1.466852427
-1.463384032
-1.459925175
-1.456469417
-1.453027725
-1.449591517
-1.446164846
-1.442743182
