2298
0
114.85
1.214247227
1.210980058
1.207718611
1.204470992
1.20122993
1.198000789
1.194781065
1.191569209
1.188368082
1.185179234
1.181996346
1.17882669
1.175666094
1.172513962
1.169371843
1.166240573
1.163118005
1.160005808
1.156905532
1.153816342
1.150735497
1.147664428
1.144604087
1.141555548
1.138513684
1.135485768
1.132465959
1.129457116
1.126457691
1.123470187
1.120495439
1.117530465
1.114571333
1.111626625
1.108691812
1.105769277
1.102856636
1.099951625
1.097061038
1.09418118
1.091312766
1.088455558
1.085607648
1.082771063
1.079947472
1.077132344
1.074328661
1.071538687
1.068760276
1.065992594
1.063237071
1.060492873
1.057758927
1.055040359
1.052330136
1.049634457
1.046948314
1.044276118
1.041617632
1.038969994
1.036336303
1.033714652
1.031106114
1.028508186
1.025926352
1.023355484
1.020799875
1.018256783
1.015727162
1.013212085
1.010708332
1.008219481
1.005744457
1.003282666
1.000838399
0.998405993
0.9959897399
0.9935871363
0.9912015796
0.9888276458
0.9864699841
0.9841290712
0.9818005562
0.9794890881
0.9771940708
0.9749173522
0.9726504087
0.9704041481
0.9681730866
0.9659569263
0.9637592435
0.9615744352
0.9594108462
0.9572619796
0.9551323056
0.9530168176
0.9509206414
0.9488418102
0.9467792511
0.944735527
0.942709744
0.9407038093
0.9387131333
0.9367395043
0.9347890615
0.9328531623
0.9309396744
0.9290440083
0.9271647334
0.9253066778
0.9234674573
0.9216479659
0.9198459983
0.9180663824
0.9163053632
0.914565146
0.9128440022
0.911144793
0.9094645381
0.9078031182
0.9061647654
0.9045482278
0.9029490948
0.9013738036
0.8998189569
0.898285985
0.8967735767
0.8952810168
0.893812418
0.8923640251
0.8909392953
0.8895350695
0.8881539702
0.8867944479
0.8854563236
0.8841422796
0.8828503489
0.8815808296
0.8803355694
0.8791124225
0.8779113293
0.8767332435
0.875579834
0.8744487762
0.8733429909
0.8722600341
0.8712011576
0.8701642752
0.8691518903
0.8681643009
0.8672010899
0.8662624359
0.8653476834
0.8644575477
0.8635922074
0.8627491593
0.8619347811
0.8611431718
0.8603771329
0.8596364856
0.858920157
0.8582298756
0.8575648069
0.8569255471
0.856311202
0.8557234406
0.8551605344
0.8546251059
0.854113698
0.8536298871
0.8531711698
0.852740407
0.8523338437
0.851955235
0.8516039252
0.8512781858
0.8509788513
0.8507064581
0.850461781
0.8502431512
0.8500516415
0.8498866558
0.8497520089
0.8496423364
0.8495603204
0.8495053053
0.8494787812
0.8494792581
0.8495080471
0.8495649695
0.8496491909
0.849761188
0.8499012589
0.8500703573
0.8502660394
0.8504914641
0.8507453799
0.8510258794
0.8513362408
0.8516748548
0.8520417213
0.8524391055
0.852863431
0.8533171415
0.8537987471
0.8543109894
0.8548513055
0.8554206491
0.8560199738
0.8566464782
0.8573037386
0.8579898477
0.8587043285
0.8594503999
0.8602260351
0.8610298634
0.8618630767
0.8627265096
0.8636189699
0.8645413518
0.8654940724
0.8664772511
0.8674894571
0.8685307503
0.8696041107
0.8707063198
0.8718374372
0.8729993701
0.8741931915
0.8754159212
0.8766697049
0.8779528737
0.8792652488
0.8806091547
0.8819836378
0.8833888769
0.884824574
0.8862894773
0.88778615
0.8893128633
0.8908699751
0.8924580812
0.8940778375
0.8957261443
0.8974086642
0.8991187215
0.9008603096
0.9026321769
0.9044343233
0.9062687755
0.9081335664
0.9100309014
0.911957562
0.9139146209
0.9159039855
0.91792202
0.9199749827
0.9220557213
0.9241682887
0.9263125658
0.9284873009
0.93069309
0.9329304099
0.9351992607
0.9374987483
0.9398295283
0.9421907067
0.9445847273
0.9470067024
0.9494616389
0.9519497752
0.9544664025
0.9570149779
0.9595959783
0.9622062445
0.9648482203
0.9675226808
0.9702270627
0.9729625583
0.9757306576
0.9785271883
0.9813581109
0.9842190146
0.987111032
0.9900354743
0.9929894805
0.9959742427
0.9989917874
1.002039313
1.005119681
1.008229494
1.011371732
1.014544725
1.017748237
1.020982862
1.024250507
1.027548552
1.030874729
1.034234881
1.037626863
1.041047335
1.04450047
1.047985077
1.051501274
1.05504632
1.058623433
1.062231183
1.065870047
1.069538951
1.073240995
1.076972008
1.080734849
1.084528804
1.088352084
1.092208266
1.096093774
1.100010633
1.10395658
1.107935071
1.111944914
1.115983605
1.120055199
1.124155521
1.128285527
1.132447124
1.13664031
1.14086318
1.145115972
1.149400234
1.153714657
1.158059359
1.16243434
1.166839361
1.171273947
1.175739169
1.180236816
1.184761882
1.189316869
1.193904161
1.198519468
1.203166485
1.207840681
1.212548137
1.217284679
1.222049117
1.226844907
1.231670022
1.236526728
1.241410255
1.246324778
1.251268983
1.256241441
1.261245251
1.266278148
1.271337986
1.276430607
1.281549096
1.286700249
1.291878581
1.297088146
1.302325487
1.307591796
1.312884927
1.318209887
1.323562622
1.328944564
1.334354043
1.339795232
1.345261693
1.350758076
1.356284618
1.361838937
1.367420673
1.373032689
1.378669858
1.38433969
1.390033841
1.395758271
1.401509643
1.407290936
1.413098097
1.418933153
1.424797893
1.430689931
1.436610699
1.442555189
1.448530793
1.454532027
1.460562944
1.466619968
1.472704887
1.478814721
1.484955192
1.491122603
1.497317672
1.503536463
1.509783149
1.516058683
1.522361398
1.528687954
1.535042763
1.541425824
1.547831535
1.554268241
1.560727358
1.567217231
1.573729992
1.580269098
1.586835265
 1.5934273
1.600045085
1.60668993
1.613358736
1.620055079
1.626776099
1.633522987
1.640297413
1.647094965
1.653918147
1.66076529
1.667640805
1.67454052
1.681464314
1.688414335
1.69538784
1.702387094
1.709410906
1.716459155
1.723531485
1.730629921
1.737751961
1.744899511
1.752070546
1.75926578
1.766484141
1.773728609
1.780994296
1.78828764
1.795599461
1.802939653
1.810302496
1.817687273
1.825097561
1.832530141
1.839987159
1.847465873
1.854967117
1.86249125
1.870042562
1.877614141
1.885209322
1.892822862
1.900465012
1.908123851
1.915808201
1.923516631
1.931244612
1.938995004
1.946770072
1.95456481
1.962381482
1.970219135
1.978078723
1.985962629
1.993865013
2.001791716
2.009738684
2.01770401
2.025690317
2.033700943
2.041733503
2.049785614
2.057856321
2.065950871
2.074063778
2.082197189
2.090352774
2.098527193
2.106721878
2.11493969
2.123175144
2.131426573
2.139704227
2.147999048
2.15631175
2.164646626
2.173000336
2.181374788
2.189763308
2.198178768
2.206603527
2.215052843
2.223522425
2.232008696
2.240513086
2.249037981
2.257578611
2.266141415
2.274719715
2.283316135
2.291932583
2.300565004
2.309215546
2.317883968
2.326571226
2.335273743
2.343997955
2.352736712
2.361488104
2.370264769
 2.3790555
2.387860537
2.396684408
2.405522346
2.414380789
2.423254013
2.432144642
2.441050529
2.449973583
2.458911896
2.467870235
2.476839304
2.48582387
2.494826317
2.503842831
2.512876749
2.521925688
2.530993223
2.540067196
2.549163342
2.558270454
2.567396641
2.576532841
2.585685492
2.594856262
2.604038239
2.613230705
2.622443676
2.63166976
2.640908241
2.650159597
2.659425735
2.668706894
2.67799902
2.687307358
2.696626186
2.705960035
2.71530652
2.724667788
2.734040022
2.743424654
2.752823353
2.762233973
2.771657228
2.781093359
2.790541887
2.799999475
2.809474707
2.818956137
2.828449726
2.837960482
2.847481489
2.857009411
2.866550922
2.876104832
2.885670185
2.895245075
2.904830694
2.914424896
2.924035072
2.933656216
2.943282127
2.952921629
2.962573528
2.972231388
2.981902122
2.991579771
3.001270533
3.010970592
3.020680666
3.030401468
3.040127993
3.049864531
3.059612274
3.069364309
3.079130411
3.088901758
3.098685265
3.108474493
3.11827445
3.128085136
3.137901068
3.147722244
3.157556295
3.167390585
3.177242756
3.187094927
3.196959496
3.20683217
3.216710091
3.226594687
3.236486673
3.246387243
3.256294727
3.26620698
3.276126385
3.286053181
3.295987606
3.305925131
3.315871477
3.325827122
3.335782766
3.345744133
3.355714083
3.365691185
3.375670433
3.38565731
3.395651579
3.405645609
3.415650845
3.425657272
3.435666084
3.445683479
3.455704927
3.465732813
3.475763321
3.485798597
3.495840311
3.505880833
3.515928745
3.525979042
3.536035538
3.546093464
3.556158304
3.566221714
3.576293945
3.586368084
3.596440792
3.606518745
3.616602421
3.626688004
3.636774778
3.646861315
3.656955957
3.66704917
3.677146673
3.687247992
3.697350502
3.707452059
3.717557907
3.727667093
3.737767935
3.747875929
3.757991791
 3.7681005
3.778218746
3.788334131
3.798446417
3.808563948
3.818678856
3.82880187
3.838913441
3.84903264
3.859155655
3.86927104
3.879389048
3.889505148
3.899627447
3.909745216
3.919869184
3.929979801
3.940097332
3.95021224
3.960333109
3.970439196
3.980555773
3.99066782
4.000772476
4.010890484
4.020999432
4.031099796
4.04120779
4.051312447
4.061413765
4.071510315
4.081611156
4.091703415
4.10179472
4.111884594
4.121968269
4.132056713
4.142134666
4.152215958
4.162287235
4.172364712
4.182435513
4.192502022
4.202562332
4.212622166
4.222678661
4.232730865
4.242786407
4.252822399
4.262870312
4.272907734
4.28293848
4.292961121
4.302986145
4.313007832
4.323019028
4.333028316
4.343036175
4.353033066
4.363028049
4.373013496
4.382998943
4.392975807
4.402948856
4.412914753
4.422876835
4.432836533
4.442783356
4.452728271
4.462663174
4.472600937
4.482522964
4.492436886
4.502351284
4.512254715
4.52215147
4.532047749
4.541929245
4.551810741
4.561683178
4.571546078
4.581405163
4.591255665
4.60108757
4.610922337
4.620753288
4.630571365
4.640378952
4.650177956
4.659980297
4.669764996
4.679533005
4.689311504
4.699069977
4.708818913
4.71856451
4.728302956
4.738026619
4.747739792
4.757450581
4.767143726
4.776834488
4.786515236
4.796186447
4.805844784
4.815497875
4.825138569
4.834764004
4.844387054
4.853999138
4.863596916
4.873196125
4.882768631
4.892343044
4.901900768
4.91145134
4.920989513
4.930517673
4.940031528
4.949537277
4.959029675
4.968512058
4.977987289
4.98744154
4.996887684
5.006330013
5.015758038
5.025176048
5.034572601
5.043965816
5.053338528
5.062709332
5.072057247
5.081397533
5.09072876
5.100043774
5.109350204
5.118638992
5.127920151
5.137187004
5.146438599
5.155677319
5.164906502
5.174121857
5.183317661
5.192504406
5.201678276
5.21084404
5.219985008
5.229117393
5.238236427
5.247345924
5.25643158
5.26551199
5.274572372
5.283619881
5.292658806
5.301675797
5.310683727
5.319676876
5.328655243
5.337615967
5.346560955
5.355491161
5.364409924
5.373307705
5.382199287
5.391073227
5.399929047
5.408769131
5.417600632
5.426408768
5.435204029
5.443978786
5.452736855
5.461489201
5.470221043
5.478937149
5.487634659
5.49631834
5.504987717
5.513636112
5.522268295
5.530888557
5.539485455
  5.548069
5.556637287
5.565189362
5.573728085
5.582243919
5.590738773
5.599225044
5.60769558
5.616138458
5.624570847
5.632985592
5.641384125
5.649763584
5.658125877
5.666472912
5.67479372
5.683104038
5.691395283
5.699666977
5.707915783
5.716155052
5.724374294
5.73257637
5.74075985
5.748922825
5.757065296
5.765189648
5.773302078
5.78138876
5.789458275
5.797505856
5.805541515
5.813551903
5.821554184
5.829525471
5.837480545
5.845420837
5.853337765
5.861235619
5.869114876
5.876970768
5.884813309
5.892632008
5.900434017
5.908219814
5.915976524
5.923717022
5.931433201
5.939138889
5.946825027
5.954482079
5.962126732
5.969741344
5.977343559
5.984925747
5.992479801
6.000024796
6.007536888
6.015038967
6.022512436
6.029967308
6.037406921
6.044826031
6.052214622
6.059585094
6.066940308
6.074271679
6.081578255
6.088879108
6.096138477
6.103375912
6.110602379
6.117808819
6.124994278
6.132156849
6.139296532
6.146407604
6.153506756
6.16057682
6.16762352
6.174660206
6.181663036
6.18864727
6.195607185
6.20255661
6.209475517
6.216368198
6.22324419
6.230099678
6.236933708
6.243732929
6.250526905
6.257286072
6.264027119
6.270748138
6.277440071
6.284107685
6.290759563
 6.2973876
6.303996086
6.310566902
6.317134857
6.323666573
6.330176353
6.336664677
6.343128681
6.349575996
6.355998993
6.362390518
6.368766785
6.375117302
6.381442547
6.387748241
6.394023418
6.400278568
6.406509876
6.41272068
6.418905258
6.425068855
6.431208134
6.437319279
6.443406582
6.449473381
6.455513477
6.461527824
6.467526436
6.47349453
6.47943449
6.48536396
6.491262436
6.497134686
6.50298214
6.508806705
6.514612198
6.520381451
6.526134968
6.53186512
6.53756094
6.543243885
6.548900604
6.554525852
6.560137272
6.565720558
6.571267605
6.576805592
6.582311153
6.587786198
6.593241215
6.59868145
6.604077816
6.609462261
6.614822388
6.620152473
6.625463486
6.630747795
6.636000633
6.64124012
6.646436214
6.651614666
6.656774044
6.661908627
6.667012215
6.672090054
6.677143097
6.682177067
6.687182903
6.692155838
6.697115898
6.702039719
6.706947803
6.711824417
6.716679096
6.72149992
6.726305008
6.731083393
6.735832691
6.740551472
6.745241165
6.749917984
6.754567146
6.759188175
6.763783455
6.768352985
6.772897243
6.777416706
6.781903744
6.786374569
6.790812969
6.795230865
6.799605846
6.803967953
6.808306694
6.812620163
6.816902637
6.821165562
6.825396538
6.829594135
6.833781719
6.837936401
6.842061043
6.846160412
6.850241661
6.854290009
6.858313084
6.862305641
6.866272926
6.870222092
6.874136925
6.87803793
6.881896496
6.885730743
6.889548779
6.893334389
6.897091866
6.900824547
6.904540539
6.908218861
6.911864758
6.915493965
6.919098377
6.92267704
6.926218033
6.929749966
6.933244705
6.936702251
6.940150261
6.943567276
6.946949005
6.950318813
6.953656673
6.956961155
6.960246563
6.963505745
6.966729641
6.969939232
6.973116398
6.976271629
6.979398251
6.982491016
6.985563278
6.988600254
6.991622448
6.994611263
6.997573376
7.000509739
7.003423691
7.006300449
7.00916481
7.011996746
7.014796734
7.017578125
7.020326614
7.023051739
7.025752068
7.028419971
7.031067371
7.033679008
7.036274433
7.038834095
7.041378021
7.043886185
7.046366215
7.048831463
7.051255703
7.053666115
7.056042194
7.058382034
7.060713291
7.063010693
7.065283298
7.067523956
7.069746017
7.071934223
7.074100494
7.076234818
7.078342915
7.080423832
7.082485199
7.08452177
7.086521626
7.088504791
7.090447426
7.092376232
7.094270706
7.096138954
7.097989082
7.099812508
7.101599216
7.103362083
7.105102539
7.106811523
7.108500957
7.110157967
7.111788273
7.113390446
7.114976883
7.116528034
7.118051052
7.119558334
7.12101984
7.122467518
7.123884678
7.125278473
7.126647472
7.127991199
7.129310131
7.130588055
7.131856441
7.133088112
7.134299755
7.13548708
7.136636257
 7.1377635
7.138872623
7.13995266
7.140996456
7.14202404
7.143018246
7.143989086
7.144939899
7.145855427
7.146748543
7.147607327
7.148454666
7.149275303
7.150059223
7.150825977
7.151562691
7.152274132
7.152966022
7.153621197
7.154262066
7.154858589
7.155430794
7.15598917
7.156521797
7.15702343
7.157504559
7.157954216
7.15837574
7.158764839
7.159148216
7.159490585
7.159810543
7.160105228
7.160373688
7.160621166
7.160834312
7.161036968
7.161212921
7.16135025
7.161454201
7.161550999
7.161617279
7.161654472
7.161665916
7.161646843
7.161623955
7.161557674
7.16146183
7.161346912
7.161205292
7.161039352
7.160853386
7.160637379
7.160396099
7.160138607
7.159845829
7.159529209
7.159204483
7.158824444
7.158432484
7.158025265
7.157578468
7.157111168
7.15662384
7.156100273
7.155564308
7.154988766
7.154401302
7.153785229
7.153138638
7.152470589
7.151774406
7.151058674
7.15032959
7.149554253
7.148765564
7.147954941
7.147116661
7.146250725
7.145373344
7.144466877
7.143518925
7.142558575
7.141580105
7.140565395
7.139535427
7.138467789
7.137392044
7.136271477
7.135145664
7.133985519
7.132802486
7.131608963
7.130373955
7.129121304
7.127847195
7.126552105
7.125229359
7.12388134
7.122508049
7.121108055
7.119687557
7.118240356
7.116777897
7.115287304
7.113763809
7.11222744
7.110671997
7.109081268
7.107476711
7.105844021
7.104181767
7.102505207
7.100806713
7.09908247
7.097326756
7.095554829
7.093757153
7.091936588
7.090100288
7.088228703
7.086344242
7.084427834
7.082503319
7.080536366
 7.0785532
 7.0765481
7.074523926
7.072471142
7.070406437
7.068309307
7.066195965
7.064059734
7.061892509
7.059703827
7.057492733
7.055271626
7.053017616
7.050733089
7.048438072
7.04611969
7.043777466
7.041410446
7.039034843
7.036619663
7.034188271
7.031735897
7.029263973
7.026763916
7.024245262
7.021705151
7.019146442
7.016551018
7.013951302
7.011323452
7.008672714
7.006000519
7.003301144
7.000594616
6.997850895
6.995098114
6.992324352
6.98952198
6.986700535
6.983856678
6.980998039
6.978097916
6.975190639
6.972266197
6.969322205
6.966351509
6.963357449
6.960345745
6.957311153
6.954251289
6.951178551
6.948086739
6.944974422
6.94183588
6.938678265
6.935506821
6.932300091
6.929085732
6.925842762
6.922584057
6.919295788
6.915998459
6.912679672
6.909341335
6.90598011
6.902596951
6.89919138
6.895777702
6.892335892
6.888873577
6.885393143
6.881892681
6.878376961
6.874833584
6.871265888
6.867682934
6.864079475
6.860466957
6.856831551
6.853168964
6.849491596
6.845795155
6.842083454
6.838342667
6.83459568
6.830818176
6.827020168
6.823214054
6.819378376
6.815532684
6.811655998
6.807785034
6.803868294
6.799941063
6.795996666
6.792036533
6.788050175
6.784060478
6.780041218
6.776004314
6.771951199
6.767876148
6.763780594
6.759673595
6.755541325
6.751394749
6.747232914
6.743045807
6.738845825
6.734632492
6.730388641
6.726135731
6.721868038
6.717576027
6.713267803
6.708943844
6.704595566
6.700244904
6.695857048
6.691461086
6.687052727
6.682621002
6.678181648
6.673711777
6.669220448
6.664726734
6.660212517
6.655677319
6.651127338
6.646564484
6.641974449
6.637374401
6.632761478
6.628125668
6.623474598
6.618810654
6.614121437
6.609415531
6.604704857
6.599967957
6.595211029
6.590450764
6.585669041
6.580865383
6.576051712
6.571222305
6.566361904
6.561509609
6.556632996
6.551735401
6.546820164
6.54189682
6.536958218
6.531999588
6.527027607
6.522033691
6.517031193
6.512011051
6.50697279
6.501917362
6.496856213
6.49176836
6.486674786
6.481554031
6.476424694
6.471289635
6.466136932
6.460956573
6.455769062
6.450575829
6.445349693
6.440124989
6.434884071
6.429619312
6.424341679
6.419046879
6.413746834
6.408419609
6.403085709
6.397739887
 6.3923769
6.387007713
6.381611347
6.376204967
6.370785236
6.365357399
6.359906673
6.354441643
6.348974705
6.343482018
6.337977409
6.332462788
6.326936245
6.321396351
6.315834045
6.310265064
6.304679871
6.29908371
6.293465137
6.287849426
6.282211781
6.276557922
6.270896435
6.265216827
6.259525299
6.253822803
6.248108387
6.242383003
6.236635685
6.230882168
6.225118637
6.219346046
6.213551998
6.207748413
6.201925278
6.196097851
6.190263271
6.184401035
6.178539276
6.17264986
6.166761875
6.160868645
6.154943466
6.149013519
6.143080235
6.137124062
6.131164551
6.125190258
6.119198322
6.113202095
6.107185364
6.101174831
6.095134735
6.089097023
6.083041191
6.076978683
6.070896626
6.064796925
6.058694839
6.05257988
6.04646492
6.040321827
6.034171104
 6.0280056
6.021839142
6.015660286
6.009480476
6.003277302
5.99706316
5.990833282
5.98460722
5.978351593
5.972105503
5.965842247
5.959564686
5.953281403
   5.94698
5.940677643
5.934356689
5.928026676
5.921691895
5.915346622
5.908984184
5.902617455
5.896238804
5.88985157
5.883449078
5.877037525
5.870623112
5.864192009
5.857760906
5.851311684
5.844859123
5.838392735
5.831920147
5.825421333
5.818934441
5.812428951
5.805921078
5.799396515
5.792864323
5.786328316
5.779778481
5.773216724
5.76664257
5.760070324
5.753481865
5.746887684
5.740279198
5.733670235
5.727046013
5.720421791
5.713776588
5.707128525
5.700474262
5.693804264
5.68713665
5.680448532
5.673763752
5.667058468
5.660367489
5.653646469
5.646919727
5.640192509
5.633440018
5.626701832
5.619952202
5.613185406
5.606413364
5.599638462
5.592853069
5.586052895
5.579244137
5.572435856
5.565619946
5.558794975
5.551959038
5.545117378
5.538269997
5.531413078
5.524547577
5.517669678
5.510802746
5.503909588
5.497021198
5.490115643
5.483204842
5.47629261
5.469377995
5.46243906
5.455509663
5.44857502
5.441619396
5.434670448
5.427700996
5.420732021
5.413765907
5.406774998
5.399790764
5.392783642
5.385788441
5.378775597
5.371750832
5.36473608
5.357702732
5.350666046
5.343632221
5.336588383
5.329527855
5.322465897
5.315390587
5.308320999
5.301239014
5.294155598
5.287068367
5.279966354
5.272865295
5.265757084
5.258643627
5.251521111
5.244387627
5.237264156
5.230118752
5.222977161
5.215826035
5.208682537
5.201519489
5.194351673
5.187182903
5.180001736
5.172821522
5.165634155
5.158444881
5.151242256
5.144030571
5.13683176
5.129614353
5.122390747
5.115167141
5.10793972
5.100705624
5.093462467
5.086221218
5.078970909
 5.0717206
5.064455509
5.057188988
5.049918652
5.042642117
5.035369396
5.028075695
5.020789146
5.013504028
5.006199837
4.99890995
4.991601467
4.984287739
4.976965427
4.969650269
4.962319374
4.954995632
4.947659969
4.94032526
 4.9329772
4.925640583
 4.9182868
4.910934925
4.903576374
4.896214962
4.88884306
4.88147974
4.874095917
4.866718769
4.859327316
4.851943016
4.844554424
4.837158203
4.829763889
4.822359562
4.814952374
4.807544708
4.800132275
4.792710781
4.785293102
4.777866364
4.770433426
4.763002396
4.755574703
4.748130798
4.740694046
4.733250141
4.725792885
4.718338966
4.71089077
4.703424931
4.695961952
4.688498974
4.681033134
4.673559666
4.666079521
4.658611298
4.651124954
4.643634796
4.636147499
4.628663063
4.62116003
4.613666058
4.606164932
4.598660469
4.59115696
4.583642483
4.576135159
4.568618298
4.561109066
4.553581238
4.546061516
4.538533211
4.531001091
4.52346468
4.515944004
4.508403301
4.500866413
4.493329525
4.48577404
4.478235722
4.47068119
4.46312952
4.455584049
4.448023319
4.440462589
4.432904243
4.425340652
4.417775631
4.410205841
4.402636051
4.395069599
4.387495518
4.379910946
4.372335434
4.364759445
4.35717392
4.349587917
4.341995716
4.334418774
4.326823235
4.319225311
4.311627865
4.30403614
4.296438694
4.28883791
4.281234264
4.273632526
4.266022682
4.258412838
4.250802517
4.24319458
4.235586166
 4.2279706
4.220353603
4.212740421
4.205117702
4.197499275
4.189877033
4.182250023
4.174625874
4.16700983
4.15937376
4.15174675
4.14412117
4.13649416
4.128856659
4.121217728
4.113586903
4.105949402
4.098313332
4.090673923
 4.0830369
4.075401783
4.067759991
4.060117245
4.052474499
4.044829369
4.037190437
4.029545307
4.021891117
4.014249802
4.006607056
3.998946428
3.991309643
3.983660221
3.976006746
3.968342781
3.960703373
3.953049898
3.945394039
3.937745094
3.930088758
3.922439337
3.914782763
3.907132149
3.899475574
3.891822577
3.884162188
3.876519203
3.868863106
3.861202002
3.853548288
3.845892191
3.838234901
3.830583096
3.822932482
 3.8152771
3.807621956
3.799967527
3.792318583
3.784660339
3.77701664
3.769359589
3.761710644
3.754055023
3.746403456
3.738759756
3.731109619
3.72346282
3.715819359
3.708167553
3.700525045
3.692879915
3.685235739
3.677589893
3.669964314
3.662320137
3.654678822
3.64704442
3.639405012
3.631772995
3.624139786
3.616504669
3.608878613
3.601241589
 3.5936234
3.585991383
3.578373671
3.570749283
3.563128233
3.555510521
3.547897577
3.540281057
3.532667637
3.525059462
3.517455816
3.509850502
3.502247572
3.494647503
3.487049341
3.479454041
3.471863508
3.464276791
3.456684589
3.44910574
3.44152379
3.433945894
3.426375628
3.418803215
3.411237478
3.403672457
3.396112919
3.388552189
3.381002665
3.373452902
3.36591053
3.358363867
3.350827217
3.343295813
3.335762501
3.328237534
3.320716619
3.313197136
3.305682898
3.298180342
3.290677309
3.283177137
3.275682688
3.268194914
3.260710955
3.253232718
3.245753527
3.238287687
3.230820179
3.223367214
3.215911627
3.208467484
3.201022863
3.193588972
3.186160564
3.178736925
3.171323061
3.16390729
3.156503916
3.14910841
3.141714573
3.134331942
3.126955271
3.119585037
3.112223625
3.104866266
3.097515106
3.090171337
3.082834244
3.075508356
3.068186998
3.060872555
3.053571939
3.046272516
3.038983822
3.031705856
3.02443099
3.017165899
3.009907961
3.002665758
2.995426655
2.988197803
2.980974913
2.97376132
2.966560841
2.959364176
2.952181339
2.945009947
2.937844992
2.930686474
 2.9235425
2.91640377
2.909279823
2.902165651
2.89505887
2.887960434
2.880879402
2.873800755
2.866743088
2.859687567
2.852645636
2.845614672
2.838597059
2.831581593
2.824584723
2.817595243
2.810625315
2.803659201
2.79670167
2.78976512
2.782833815
2.775916815
2.769011974
2.762121916
2.755237103
2.74836874
2.741512537
2.734668255
2.727839231
2.721016407
2.714212418
2.707416058
2.700639486
2.693869352
  2.687114
2.680371523
2.673640013
2.666929722
2.660227776
2.653537035
2.646862507
2.640202284
2.633551121
 2.6269238
2.620299101
2.613690853
2.607097387
2.600517988
2.593953371
2.587402105
2.580861807
2.574337006
2.567826748
2.561334372
2.554852009
2.548382521
2.541927814
2.535493135
2.529065132
2.522656918
2.516262054
2.509877205
2.503506899
2.497162819
2.49082303
2.48450017
2.478190422
2.47189784
2.465619087
2.459355593
2.45310688
2.446873426
2.440650463
2.434448957
2.428261757
2.422083139
2.415926933
2.409781694
2.403655529
2.397540569
2.39144063
2.385356188
2.379290342
2.373236418
2.367200851
2.361180544
2.355175018
2.349182606
2.343206644
2.337247133
2.331302404
2.325375795
2.319464684
2.313567877
2.307687998
2.301823378
2.295974731
2.290142775
2.284324646
2.278530598
2.272744179
2.266979694
2.261228323
2.255494833
2.24977684
2.244077206
2.238396168
2.232729435
2.227077961
2.221446753
2.215831041
2.210232735
2.204653263
2.199089289
2.193540812
2.188013554
2.182502747
2.177011967
2.171536207
2.166079044
2.160637379
2.155211926
2.149810076
 2.1444242
2.139058113
2.133707285
2.128376961
2.123063803
2.11776638
2.112491131
2.107233047
2.101989508
2.096767664
2.091568947
2.086381912
2.081215858
2.076063871
2.070935249
2.065824032
2.060731649
2.055659056
2.050599575
2.045563459
2.040546179
2.035547495
2.030566454
2.025599718
2.020652056
2.015728474
2.010821104
2.005929232
2.00105238
1.996202588
1.991360903
1.986544609
1.981742382
1.976958394
1.972193003
1.967443228
1.962710619
1.957997561
1.953301549
1.948617816
1.943956494
1.939311147
1.934678674
1.93006587
1.925466299
1.920884609
1.916321397
1.911768317
1.907233834
1.902710319
1.898209333
1.893717647
1.889245629
1.884787083
1.880338192
1.875910521
1.871490717
1.867084861
1.862693548
1.858311534
1.853953123
1.849601269
1.845263481
1.840937018
1.836620212
1.832317472
1.828028917
1.823751688
1.81948638
1.815228224
1.810983062
1.806747675
1.802521706
1.798308849
1.794106007
1.789913535
1.785727024
1.781553388
1.777389646
1.773232579
1.769083619
1.764945745
1.760813475
1.756693363
1.752578974
1.748473048
1.74437654
1.740283728
1.736199141
1.732123017
1.728051662
1.723992348
1.719935775
1.715886831
1.711846948
1.707808256
1.70377779
1.699753404
1.695733905
1.691722631
1.687713385
1.683712125
1.679715872
1.675723314
1.671736002
1.66775465
1.663779616
1.659807682
1.655840516
1.651877522
1.647917867
1.643967271
1.640014887
1.636073947
1.632130384
1.628197193
1.624265313
1.620337605
1.616412997
1.612494946
1.60858047
1.604667544
1.600758195
1.596856713
1.592956901
1.589059114
1.585167646
1.581277013
1.577394009
1.573513985
1.569635868
1.565763474
1.561894774
1.558030725
1.554165721
1.550308585
1.546454549
1.542602062
1.538758278
1.534913421
1.531076312
1.527239203
1.523407936
1.51958251
1.515757799
1.511937618
1.508124352
1.504313469
1.500505805
1.496703506
1.492905617
1.489109159
1.485319018
1.481534719
1.477751732
1.47397542
1.470204592
1.466436982
1.462672353
1.458914638
1.45515883
1.451408029
1.447663069
1.443924308
1.440186381
1.436457515
1.432730317
1.429011345
1.425293446
1.421580911
1.417873144
1.414173841
1.410474658
1.406784654
1.403097034
1.399414659
1.395739913
1.392065883
1.388400793
1.38474226
1.381084323
1.377436876
1.373792648
1.370154381
1.366524816
1.362899899
1.359284639
1.355673671
1.352069259
1.348472357
1.344882846
1.341299653
1.337721467
1.334153175
1.330589652
1.327034831
1.323486924
1.319948673
1.316414356
1.312890768
1.309373856
1.305861354
1.302360415
1.298866987
1.295381069
1.291903019
1.288431406
1.284969807
1.281514287
 1.2780689
1.274631381
1.271202922
1.267781019
1.264370203
1.260966659
1.25756979
1.254183292
1.250808001
1.247436404
1.24407959
1.240728498
1.237384796
1.234052181
 1.2307266
1.227415204
1.224107862
1.220811009
1.217523813
1.214247227
