0 0.25 
0.01 0.251722 
0.02 0.253486 
0.03 0.255293 
0.04 0.257145 
0.05 0.259042 
0.06 0.260987 
0.07 0.26298 
0.08 0.265024 
0.09 0.267118 
0.1 0.269266 
0.11 0.271467 
0.12 0.273724 
0.13 0.276039 
0.14 0.278411 
0.15 0.280843 
0.16 0.283337 
0.17 0.285892 
0.18 0.288512 
0.19 0.291195 
0.2 0.293945 
0.21 0.296761 
0.22 0.299644 
0.23 0.302595 
0.24 0.305615 
0.25 0.308703 
0.26 0.311861 
0.27 0.315087 
0.28 0.318381 
0.29 0.321743 
0.3 0.325171 
0.31 0.328665 
0.32 0.332223 
0.33 0.335842 
0.34 0.339522 
0.35 0.343259 
0.36 0.34705 
0.37 0.350893 
0.38 0.354784 
0.39 0.358719 
0.4 0.362695 
0.41 0.366707 
0.42 0.37075 
0.43 0.374821 
0.44 0.378916 
0.45 0.383028 
0.46 0.387155 
0.47 0.391291 
0.48 0.395431 
0.49 0.399573 
0.5 0.40371 
0.51 0.407841 
0.52 0.41196 
0.53 0.416065 
0.54 0.420152 
0.55 0.424218 
0.56 0.428261 
0.57 0.432278 
0.58 0.436268 
0.59 0.440228 
0.6 0.444158 
0.61 0.448056 
0.62 0.45192 
0.63 0.455751 
0.64 0.459548 
0.65 0.463311 
0.66 0.467039 
0.67 0.470732 
0.68 0.474391 
0.69 0.478016 
0.7 0.481607 
0.71 0.485164 
0.72 0.48869 
0.73 0.492183 
0.74 0.495644 
0.75 0.499075 
0.76 0.502476 
0.77 0.505848 
0.78 0.509192 
0.79 0.512507 
0.8 0.515795 
0.81 0.519057 
0.82 0.522294 
0.83 0.525505 
0.84 0.528692 
0.85 0.531854 
0.86 0.534994 
0.87 0.53811 
0.88 0.541204 
0.89 0.544276 
0.9 0.547327 
0.91 0.550355 
0.92 0.553363 
0.93 0.55635 
0.94 0.559316 
0.95 0.562261 
0.96 0.565185 
0.97 0.568089 
0.98 0.570973 
0.99 0.573836 
1 0.576678 
1.01 0.579499 
1.02 0.582299 
1.03 0.585078 
1.04 0.587836 
1.05 0.590572 
1.06 0.593287 
1.07 0.595979 
1.08 0.598649 
1.09 0.601297 
1.1 0.603921 
1.11 0.606523 
1.12 0.609101 
1.13 0.611656 
1.14 0.614186 
1.15 0.616692 
1.16 0.619174 
1.17 0.621631 
1.18 0.624063 
1.19 0.62647 
1.2 0.628851 
1.21 0.631207 
1.22 0.633537 
1.23 0.63584 
1.24 0.638118 
1.25 0.64037 
1.26 0.642595 
1.27 0.644794 
1.28 0.646967 
1.29 0.649113 
1.3 0.651233 
1.31 0.653326 
1.32 0.655393 
1.33 0.657433 
1.34 0.659448 
1.35 0.661436 
1.36 0.663398 
1.37 0.665334 
1.38 0.667244 
1.39 0.669129 
1.4 0.670988 
1.41 0.672822 
1.42 0.674631 
1.43 0.676415 
1.44 0.678175 
1.45 0.67991 
1.46 0.681621 
1.47 0.683308 
1.48 0.684972 
1.49 0.686612 
1.5 0.688229 
1.51 0.689824 
1.52 0.691395 
1.53 0.692945 
1.54 0.694473 
1.55 0.69598 
1.56 0.697465 
1.57 0.698929 
1.58 0.700372 
1.59 0.701795 
1.6 0.703198 
1.61 0.704582 
1.62 0.705945 
1.63 0.70729 
1.64 0.708616 
1.65 0.709924 
1.66 0.711213 
1.67 0.712484 
1.68 0.713738 
1.69 0.714974 
1.7 0.716193 
1.71 0.717396 
1.72 0.718581 
1.73 0.719751 
1.74 0.720905 
1.75 0.722044 
1.76 0.723166 
1.77 0.724274 
1.78 0.725367 
1.79 0.726445 
1.8 0.727509 
1.81 0.728559 
1.82 0.729595 
1.83 0.730618 
1.84 0.731627 
1.85 0.732623 
1.86 0.733606 
1.87 0.734577 
1.88 0.735535 
1.89 0.736481 
1.9 0.737415 
1.91 0.738337 
1.92 0.739247 
1.93 0.740146 
1.94 0.741034 
1.95 0.741911 
1.96 0.742777 
1.97 0.743632 
1.98 0.744477 
1.99 0.745312 
2 0.746137 
2.01 0.746952 
2.02 0.747757 
2.03 0.748552 
2.04 0.749338 
2.05 0.750115 
2.06 0.750883 
2.07 0.751642 
2.08 0.752392 
2.09 0.753133 
2.1 0.753866 
2.11 0.754591 
2.12 0.755307 
2.13 0.756016 
2.14 0.756716 
2.15 0.757409 
2.16 0.758094 
2.17 0.758771 
2.18 0.759441 
2.19 0.760104 
2.2 0.760759 
2.21 0.761407 
2.22 0.762049 
2.23 0.762684 
2.24 0.763311 
2.25 0.763933 
2.26 0.764547 
2.27 0.765155 
2.28 0.765757 
2.29 0.766353 
2.3 0.766943 
2.31 0.767526 
2.32 0.768104 
2.33 0.768676 
2.34 0.769242 
2.35 0.769802 
2.36 0.770357 
2.37 0.770906 
2.38 0.77145 
2.39 0.771988 
2.4 0.772521 
2.41 0.773049 
2.42 0.773572 
2.43 0.77409 
2.44 0.774603 
2.45 0.775111 
2.46 0.775614 
2.47 0.776113 
2.48 0.776607 
2.49 0.777096 
2.5 0.77758 
2.51 0.778061 
2.52 0.778536 
2.53 0.779008 
2.54 0.779475 
2.55 0.779938 
2.56 0.780396 
2.57 0.780851 
2.58 0.781301 
2.59 0.781748 
2.6 0.782191 
2.61 0.782629 
2.62 0.783064 
2.63 0.783495 
2.64 0.783922 
2.65 0.784346 
2.66 0.784766 
2.67 0.785182 
2.68 0.785595 
2.69 0.786004 
2.7 0.78641 
2.71 0.786812 
2.72 0.787211 
2.73 0.787607 
2.74 0.787999 
2.75 0.788389 
2.76 0.788775 
2.77 0.789157 
2.78 0.789537 
2.79 0.789914 
2.8 0.790287 
2.81 0.790658 
2.82 0.791025 
2.83 0.79139 
2.84 0.791752 
2.85 0.792111 
2.86 0.792467 
2.87 0.79282 
2.88 0.793171 
2.89 0.793518 
2.9 0.793864 
2.91 0.794206 
2.92 0.794546 
2.93 0.794883 
2.94 0.795218 
2.95 0.79555 
2.96 0.795879 
2.97 0.796206 
2.98 0.796531 
2.99 0.796853 
3 0.797173 
3.01 0.797491 
3.02 0.797806 
3.03 0.798119 
3.04 0.798429 
3.05 0.798737 
3.06 0.799044 
3.07 0.799347 
3.08 0.799649 
3.09 0.799948 
3.1 0.800246 
3.11 0.800541 
3.12 0.800834 
3.13 0.801125 
3.14 0.801414 
3.15 0.801701 
3.16 0.801986 
3.17 0.802269 
3.18 0.80255 
3.19 0.802829 
3.2 0.803106 
3.21 0.803381 
3.22 0.803655 
3.23 0.803926 
3.24 0.804196 
3.25 0.804464 
3.26 0.80473 
3.27 0.804994 
3.28 0.805256 
3.29 0.805517 
3.3 0.805776 
3.31 0.806033 
3.32 0.806289 
3.33 0.806543 
3.34 0.806795 
3.35 0.807045 
3.36 0.807294 
3.37 0.807542 
3.38 0.807787 
3.39 0.808031 
3.4 0.808274 
3.41 0.808515 
3.42 0.808755 
3.43 0.808992 
3.44 0.809229 
3.45 0.809464 
3.46 0.809697 
3.47 0.809929 
3.48 0.81016 
3.49 0.810389 
3.5 0.810617 
3.51 0.810843 
3.52 0.811068 
3.53 0.811291 
3.54 0.811513 
3.55 0.811734 
3.56 0.811953 
3.57 0.812171 
3.58 0.812388 
3.59 0.812603 
3.6 0.812818 
3.61 0.81303 
3.62 0.813242 
3.63 0.813452 
3.64 0.813661 
3.65 0.813869 
3.66 0.814076 
3.67 0.814281 
3.68 0.814485 
3.69 0.814688 
3.7 0.81489 
3.71 0.81509 
3.72 0.81529 
3.73 0.815488 
3.74 0.815685 
3.75 0.815881 
3.76 0.816076 
3.77 0.816269 
3.78 0.816462 
3.79 0.816653 
3.8 0.816844 
3.81 0.817033 
3.82 0.817221 
3.83 0.817408 
3.84 0.817595 
3.85 0.81778 
3.86 0.817964 
3.87 0.818147 
3.88 0.818329 
3.89 0.81851 
3.9 0.81869 
3.91 0.818868 
3.92 0.819046 
3.93 0.819223 
3.94 0.819399 
3.95 0.819575 
3.96 0.819749 
3.97 0.819922 
3.98 0.820094 
3.99 0.820265 
4 0.820436 
4.01 0.820605 
4.02 0.820774 
4.03 0.820941 
4.04 0.821108 
4.05 0.821274 
4.06 0.821439 
4.07 0.821603 
4.08 0.821766 
4.09 0.821928 
4.1 0.82209 
4.11 0.82225 
4.12 0.82241 
4.13 0.822569 
4.14 0.822727 
4.15 0.822884 
4.16 0.823041 
4.17 0.823197 
4.18 0.823351 
4.19 0.823505 
4.2 0.823659 
4.21 0.823811 
4.22 0.823963 
4.23 0.824114 
4.24 0.824264 
4.25 0.824413 
4.26 0.824562 
4.27 0.82471 
4.28 0.824857 
4.29 0.825003 
4.3 0.825149 
4.31 0.825294 
4.32 0.825438 
4.33 0.825581 
4.34 0.825724 
4.35 0.825866 
4.36 0.826007 
4.37 0.826148 
4.38 0.826288 
4.39 0.826427 
4.4 0.826565 
4.41 0.826703 
4.42 0.82684 
4.43 0.826977 
4.44 0.827113 
4.45 0.827248 
4.46 0.827382 
4.47 0.827516 
4.48 0.827649 
4.49 0.827782 
4.5 0.827914 
4.51 0.828045 
4.52 0.828176 
4.53 0.828306 
4.54 0.828435 
4.55 0.828564 
4.56 0.828692 
4.57 0.828819 
4.58 0.828946 
4.59 0.829073 
4.6 0.829198 
4.61 0.829323 
4.62 0.829448 
4.63 0.829572 
4.64 0.829695 
4.65 0.829818 
4.66 0.82994 
4.67 0.830062 
4.68 0.830183 
4.69 0.830303 
4.7 0.830423 
4.71 0.830543 
4.72 0.830661 
4.73 0.83078 
4.74 0.830897 
4.75 0.831014 
4.76 0.831131 
4.77 0.831247 
4.78 0.831363 
4.79 0.831478 
4.8 0.831592 
4.81 0.831706 
4.82 0.831819 
4.83 0.831932 
4.84 0.832045 
4.85 0.832157 
4.86 0.832268 
4.87 0.832379 
4.88 0.832489 
4.89 0.832599 
4.9 0.832709 
4.91 0.832817 
4.92 0.832926 
4.93 0.833034 
4.94 0.833141 
4.95 0.833248 
4.96 0.833355 
4.97 0.833461 
4.98 0.833566 
4.99 0.833671 
5 0.833776 
5.01 0.83388 
5.02 0.833984 
5.03 0.834087 
5.04 0.834189 
5.05 0.834292 
5.06 0.834394 
5.07 0.834495 
5.08 0.834596 
5.09 0.834696 
5.1 0.834797 
5.11 0.834896 
5.12 0.834995 
5.13 0.835094 
5.14 0.835192 
5.15 0.83529 
5.16 0.835388 
5.17 0.835485 
5.18 0.835582 
5.19 0.835678 
5.2 0.835774 
5.21 0.835869 
5.22 0.835964 
5.23 0.836058 
5.24 0.836153 
5.25 0.836246 
5.26 0.83634 
5.27 0.836433 
5.28 0.836525 
5.29 0.836617 
5.3 0.836709 
5.31 0.836801 
5.32 0.836892 
5.33 0.836982 
5.34 0.837072 
5.35 0.837162 
5.36 0.837252 
5.37 0.837341 
5.38 0.83743 
5.39 0.837518 
5.4 0.837606 
5.41 0.837694 
5.42 0.837781 
5.43 0.837868 
5.44 0.837954 
5.45 0.83804 
5.46 0.838126 
5.47 0.838211 
5.48 0.838297 
5.49 0.838381 
5.5 0.838466 
5.51 0.83855 
5.52 0.838633 
5.53 0.838717 
5.54 0.8388 
5.55 0.838882 
5.56 0.838965 
5.57 0.839046 
5.58 0.839128 
5.59 0.839209 
5.6 0.83929 
5.61 0.839371 
5.62 0.839451 
5.63 0.839531 
5.64 0.839611 
5.65 0.83969 
5.66 0.839769 
5.67 0.839848 
5.68 0.839926 
5.69 0.840004 
5.7 0.840082 
5.71 0.840159 
5.72 0.840236 
5.73 0.840313 
5.74 0.84039 
5.75 0.840466 
5.76 0.840542 
5.77 0.840617 
5.78 0.840692 
5.79 0.840767 
5.8 0.840842 
5.81 0.840916 
5.82 0.84099 
5.83 0.841064 
5.84 0.841137 
5.85 0.841211 
5.86 0.841283 
5.87 0.841356 
5.88 0.841428 
5.89 0.8415 
5.9 0.841572 
5.91 0.841643 
5.92 0.841715 
5.93 0.841785 
5.94 0.841856 
5.95 0.841926 
5.96 0.841996 
5.97 0.842066 
5.98 0.842135 
5.99 0.842205 
6 0.842274 
6.01 0.842342 
6.02 0.842411 
6.03 0.842479 
6.04 0.842547 
6.05 0.842614 
6.06 0.842681 
6.07 0.842748 
6.08 0.842815 
6.09 0.842882 
6.1 0.842948 
6.11 0.843014 
6.12 0.84308 
6.13 0.843145 
6.14 0.843211 
6.15 0.843275 
6.16 0.84334 
6.17 0.843405 
6.18 0.843469 
6.19 0.843533 
6.2 0.843597 
6.21 0.84366 
6.22 0.843723 
6.23 0.843786 
6.24 0.843849 
6.25 0.843912 
6.26 0.843974 
6.27 0.844036 
6.28 0.844098 
6.29 0.844159 
6.3 0.844221 
6.31 0.844282 
6.32 0.844343 
6.33 0.844403 
6.34 0.844464 
6.35 0.844524 
6.36 0.844584 
6.37 0.844644 
6.38 0.844703 
6.39 0.844762 
6.4 0.844821 
6.41 0.84488 
6.42 0.844939 
6.43 0.844997 
6.44 0.845055 
6.45 0.845113 
6.46 0.845171 
6.47 0.845228 
6.48 0.845286 
6.49 0.845343 
6.5 0.8454 
6.51 0.845456 
6.52 0.845513 
6.53 0.845569 
6.54 0.845625 
6.55 0.845681 
6.56 0.845736 
6.57 0.845791 
6.58 0.845847 
6.59 0.845902 
6.6 0.845956 
6.61 0.846011 
6.62 0.846065 
6.63 0.846119 
6.64 0.846173 
6.65 0.846227 
6.66 0.84628 
6.67 0.846334 
6.68 0.846387 
6.69 0.84644 
6.7 0.846493 
6.71 0.846545 
6.72 0.846597 
6.73 0.84665 
6.74 0.846702 
6.75 0.846753 
6.76 0.846805 
6.77 0.846856 
6.78 0.846907 
6.79 0.846959 
6.8 0.847009 
6.81 0.84706 
6.82 0.84711 
6.83 0.847161 
6.84 0.847211 
6.85 0.847261 
6.86 0.84731 
6.87 0.84736 
6.88 0.847409 
6.89 0.847458 
6.9 0.847507 
6.91 0.847556 
6.92 0.847605 
6.93 0.847653 
6.94 0.847701 
6.95 0.84775 
6.96 0.847797 
6.97 0.847845 
6.98 0.847893 
6.99 0.84794 
7 0.847987 
7.01 0.848034 
7.02 0.848081 
7.03 0.848128 
7.04 0.848175 
7.05 0.848221 
7.06 0.848267 
7.07 0.848313 
7.08 0.848359 
7.09 0.848405 
7.1 0.84845 
7.11 0.848496 
7.12 0.848541 
7.13 0.848586 
7.14 0.848631 
7.15 0.848675 
7.16 0.84872 
7.17 0.848764 
7.18 0.848809 
7.19 0.848853 
7.2 0.848897 
7.21 0.84894 
7.22 0.848984 
7.23 0.849027 
7.24 0.849071 
7.25 0.849114 
7.26 0.849157 
7.27 0.8492 
7.28 0.849242 
7.29 0.849285 
7.3 0.849327 
7.31 0.849369 
7.32 0.849412 
7.33 0.849453 
7.34 0.849495 
7.35 0.849537 
7.36 0.849578 
7.37 0.84962 
7.38 0.849661 
7.39 0.849702 
7.4 0.849743 
7.41 0.849783 
7.42 0.849824 
7.43 0.849865 
7.44 0.849905 
7.45 0.849945 
7.46 0.849985 
7.47 0.850025 
7.48 0.850065 
7.49 0.850104 
7.5 0.850144 
7.51 0.850183 
7.52 0.850222 
7.53 0.850261 
7.54 0.8503 
7.55 0.850339 
7.56 0.850378 
7.57 0.850416 
7.58 0.850454 
7.59 0.850493 
7.6 0.850531 
7.61 0.850569 
7.62 0.850606 
7.63 0.850644 
7.64 0.850682 
7.65 0.850719 
7.66 0.850756 
7.67 0.850794 
7.68 0.850831 
7.69 0.850868 
7.7 0.850904 
7.71 0.850941 
7.72 0.850977 
7.73 0.851014 
7.74 0.85105 
7.75 0.851086 
7.76 0.851122 
7.77 0.851158 
7.78 0.851194 
7.79 0.851229 
7.8 0.851265 
7.81 0.8513 
7.82 0.851336 
7.83 0.851371 
7.84 0.851406 
7.85 0.851441 
7.86 0.851475 
7.87 0.85151 
7.88 0.851545 
7.89 0.851579 
7.9 0.851613 
7.91 0.851647 
7.92 0.851682 
7.93 0.851716 
7.94 0.851749 
7.95 0.851783 
7.96 0.851817 
7.97 0.85185 
7.98 0.851883 
7.99 0.851917 
8 0.85195 
8.01 0.851983 
8.02 0.852016 
8.03 0.852049 
8.04 0.852081 
8.05 0.852114 
8.06 0.852146 
8.07 0.852179 
8.08 0.852211 
8.09 0.852243 
8.1 0.852275 
8.11 0.852307 
8.12 0.852338 
8.13 0.85237 
8.14 0.852402 
8.15 0.852433 
8.16 0.852465 
8.17 0.852496 
8.18 0.852527 
8.19 0.852558 
8.2 0.852589 
8.21 0.85262 
8.22 0.85265 
8.23 0.852681 
8.24 0.852711 
8.25 0.852742 
8.26 0.852772 
8.27 0.852802 
8.28 0.852832 
8.29 0.852862 
8.3 0.852892 
8.31 0.852922 
8.32 0.852952 
8.33 0.852981 
8.34 0.853011 
8.35 0.85304 
8.36 0.853069 
8.37 0.853099 
8.38 0.853128 
8.39 0.853157 
8.4 0.853186 
8.41 0.853214 
8.42 0.853243 
8.43 0.853272 
8.44 0.8533 
8.45 0.853328 
8.46 0.853357 
8.47 0.853385 
8.48 0.853413 
8.49 0.853441 
8.5 0.853469 
8.51 0.853497 
8.52 0.853525 
8.53 0.853552 
8.54 0.85358 
8.55 0.853607 
8.56 0.853634 
8.57 0.853662 
8.58 0.853689 
8.59 0.853716 
8.6 0.853743 
8.61 0.85377 
8.62 0.853797 
8.63 0.853823 
8.64 0.85385 
8.65 0.853876 
8.66 0.853903 
8.67 0.853929 
8.68 0.853956 
8.69 0.853982 
8.7 0.854008 
8.71 0.854034 
8.72 0.85406 
8.73 0.854086 
8.74 0.854111 
8.75 0.854137 
8.76 0.854163 
8.77 0.854188 
8.78 0.854213 
8.79 0.854239 
8.8 0.854264 
8.81 0.854289 
8.82 0.854314 
8.83 0.854339 
8.84 0.854364 
8.85 0.854389 
8.86 0.854414 
8.87 0.854438 
8.88 0.854463 
8.89 0.854487 
8.9 0.854512 
8.91 0.854536 
8.92 0.85456 
8.93 0.854584 
8.94 0.854608 
8.95 0.854632 
8.96 0.854656 
8.97 0.85468 
8.98 0.854704 
8.99 0.854728 
9 0.854751 
9.01 0.854775 
9.02 0.854798 
9.03 0.854821 
9.04 0.854845 
9.05 0.854868 
9.06 0.854891 
9.07 0.854914 
9.08 0.854937 
9.09 0.85496 
9.1 0.854983 
9.11 0.855006 
9.12 0.855028 
9.13 0.855051 
9.14 0.855073 
9.15 0.855096 
9.16 0.855118 
9.17 0.85514 
9.18 0.855163 
9.19 0.855185 
9.2 0.855207 
9.21 0.855229 
9.22 0.855251 
9.23 0.855273 
9.24 0.855294 
9.25 0.855316 
9.26 0.855338 
9.27 0.855359 
9.28 0.855381 
9.29 0.855402 
9.3 0.855424 
9.31 0.855445 
9.32 0.855466 
9.33 0.855487 
9.34 0.855508 
9.35 0.855529 
9.36 0.85555 
9.37 0.855571 
9.38 0.855592 
9.39 0.855613 
9.4 0.855633 
9.41 0.855654 
9.42 0.855674 
9.43 0.855695 
9.44 0.855715 
9.45 0.855736 
9.46 0.855756 
9.47 0.855776 
9.48 0.855796 
9.49 0.855816 
9.5 0.855836 
9.51 0.855856 
9.52 0.855876 
9.53 0.855896 
9.54 0.855916 
9.55 0.855935 
9.56 0.855955 
9.57 0.855974 
9.58 0.855994 
9.59 0.856013 
9.6 0.856033 
9.61 0.856052 
9.62 0.856071 
9.63 0.85609 
9.64 0.856109 
9.65 0.856128 
9.66 0.856147 
9.67 0.856166 
9.68 0.856185 
9.69 0.856204 
9.7 0.856223 
9.71 0.856241 
9.72 0.85626 
9.73 0.856278 
9.74 0.856297 
9.75 0.856315 
9.76 0.856334 
9.77 0.856352 
9.78 0.85637 
9.79 0.856388 
9.8 0.856407 
9.81 0.856425 
9.82 0.856443 
9.83 0.856461 
9.84 0.856478 
9.85 0.856496 
9.86 0.856514 
9.87 0.856532 
9.88 0.856549 
9.89 0.856567 
9.9 0.856585 
9.91 0.856602 
9.92 0.856619 
9.93 0.856637 
9.94 0.856654 
9.95 0.856671 
9.96 0.856689 
9.97 0.856706 
9.98 0.856723 
9.99 0.85674 
10 0.856757 
10.01 0.856774 
10.02 0.856791 
10.03 0.856807 
10.04 0.856824 
10.05 0.856841 
10.06 0.856858 
10.07 0.856874 
10.08 0.856891 
10.09 0.856907 
10.1 0.856924 
10.11 0.85694 
10.12 0.856956 
10.13 0.856973 
10.14 0.856989 
10.15 0.857005 
10.16 0.857021 
10.17 0.857037 
10.18 0.857053 
10.19 0.857069 
10.2 0.857085 
10.21 0.857101 
10.22 0.857117 
10.23 0.857133 
10.24 0.857148 
10.25 0.857164 
10.26 0.85718 
10.27 0.857195 
10.28 0.857211 
10.29 0.857226 
10.3 0.857241 
10.31 0.857257 
10.32 0.857272 
10.33 0.857287 
10.34 0.857303 
10.35 0.857318 
10.36 0.857333 
10.37 0.857348 
10.38 0.857363 
10.39 0.857378 
10.4 0.857393 
10.41 0.857408 
10.42 0.857423 
10.43 0.857437 
10.44 0.857452 
10.45 0.857467 
10.46 0.857481 
10.47 0.857496 
10.48 0.85751 
10.49 0.857525 
10.5 0.857539 
10.51 0.857554 
10.52 0.857568 
10.53 0.857582 
10.54 0.857597 
10.55 0.857611 
10.56 0.857625 
10.57 0.857639 
10.58 0.857653 
10.59 0.857667 
10.6 0.857681 
10.61 0.857695 
10.62 0.857709 
10.63 0.857723 
10.64 0.857737 
10.65 0.857751 
10.66 0.857764 
10.67 0.857778 
10.68 0.857792 
10.69 0.857805 
10.7 0.857819 
10.71 0.857832 
10.72 0.857846 
10.73 0.857859 
10.74 0.857873 
10.75 0.857886 
10.76 0.857899 
10.77 0.857912 
10.78 0.857926 
10.79 0.857939 
10.8 0.857952 
10.81 0.857965 
10.82 0.857978 
10.83 0.857991 
10.84 0.858004 
10.85 0.858017 
10.86 0.85803 
10.87 0.858043 
10.88 0.858055 
10.89 0.858068 
10.9 0.858081 
10.91 0.858094 
10.92 0.858106 
10.93 0.858119 
10.94 0.858131 
10.95 0.858144 
10.96 0.858156 
10.97 0.858169 
10.98 0.858181 
10.99 0.858193 
11 0.858206 
11.01 0.858218 
11.02 0.85823 
11.03 0.858242 
11.04 0.858254 
11.05 0.858267 
11.06 0.858279 
11.07 0.858291 
11.08 0.858303 
11.09 0.858315 
11.1 0.858327 
11.11 0.858339 
11.12 0.85835 
11.13 0.858362 
11.14 0.858374 
11.15 0.858386 
11.16 0.858397 
11.17 0.858409 
11.18 0.858421 
11.19 0.858432 
11.2 0.858444 
11.21 0.858455 
11.22 0.858467 
11.23 0.858478 
11.24 0.85849 
11.25 0.858501 
11.26 0.858512 
11.27 0.858524 
11.28 0.858535 
11.29 0.858546 
11.3 0.858557 
11.31 0.858568 
11.32 0.85858 
11.33 0.858591 
11.34 0.858602 
11.35 0.858613 
11.36 0.858624 
11.37 0.858635 
11.38 0.858645 
11.39 0.858656 
11.4 0.858667 
11.41 0.858678 
11.42 0.858689 
11.43 0.8587 
11.44 0.85871 
11.45 0.858721 
11.46 0.858732 
11.47 0.858742 
11.48 0.858753 
11.49 0.858763 
11.5 0.858774 
11.51 0.858784 
11.52 0.858795 
11.53 0.858805 
11.54 0.858815 
11.55 0.858826 
11.56 0.858836 
11.57 0.858846 
11.58 0.858857 
11.59 0.858867 
11.6 0.858877 
11.61 0.858887 
11.62 0.858897 
11.63 0.858907 
11.64 0.858917 
11.65 0.858927 
11.66 0.858937 
11.67 0.858947 
11.68 0.858957 
11.69 0.858967 
11.7 0.858977 
11.71 0.858987 
11.72 0.858997 
11.73 0.859006 
11.74 0.859016 
11.75 0.859026 
11.76 0.859035 
11.77 0.859045 
11.78 0.859055 
11.79 0.859064 
11.8 0.859074 
11.81 0.859083 
11.82 0.859093 
11.83 0.859102 
11.84 0.859112 
11.85 0.859121 
11.86 0.859131 
11.87 0.85914 
11.88 0.859149 
11.89 0.859158 
11.9 0.859168 
11.91 0.859177 
11.92 0.859186 
11.93 0.859195 
11.94 0.859204 
11.95 0.859214 
11.96 0.859223 
11.97 0.859232 
11.98 0.859241 
11.99 0.85925 
12 0.859259 
12.01 0.859268 
12.02 0.859277 
12.03 0.859285 
12.04 0.859294 
12.05 0.859303 
12.06 0.859312 
12.07 0.859321 
12.08 0.859329 
12.09 0.859338 
12.1 0.859347 
12.11 0.859355 
12.12 0.859364 
12.13 0.859373 
12.14 0.859381 
12.15 0.85939 
12.16 0.859398 
12.17 0.859407 
12.18 0.859415 
12.19 0.859424 
12.2 0.859432 
12.21 0.859441 
12.22 0.859449 
12.23 0.859457 
12.24 0.859466 
12.25 0.859474 
12.26 0.859482 
12.27 0.85949 
12.28 0.859499 
12.29 0.859507 
12.3 0.859515 
12.31 0.859523 
12.32 0.859531 
12.33 0.859539 
12.34 0.859547 
12.35 0.859555 
12.36 0.859563 
12.37 0.859571 
12.38 0.859579 
12.39 0.859587 
12.4 0.859595 
12.41 0.859603 
12.42 0.859611 
12.43 0.859619 
12.44 0.859627 
12.45 0.859634 
12.46 0.859642 
12.47 0.85965 
12.48 0.859658 
12.49 0.859665 
12.5 0.859673 
12.51 0.859681 
12.52 0.859688 
12.53 0.859696 
12.54 0.859703 
12.55 0.859711 
12.56 0.859719 
12.57 0.859726 
12.58 0.859733 
12.59 0.859741 
12.6 0.859748 
12.61 0.859756 
12.62 0.859763 
12.63 0.859771 
12.64 0.859778 
12.65 0.859785 
12.66 0.859792 
12.67 0.8598 
12.68 0.859807 
12.69 0.859814 
12.7 0.859821 
12.71 0.859829 
12.72 0.859836 
12.73 0.859843 
12.74 0.85985 
12.75 0.859857 
12.76 0.859864 
12.77 0.859871 
12.78 0.859878 
12.79 0.859885 
12.8 0.859892 
12.81 0.859899 
12.82 0.859906 
12.83 0.859913 
12.84 0.85992 
12.85 0.859927 
12.86 0.859934 
12.87 0.85994 
12.88 0.859947 
12.89 0.859954 
12.9 0.859961 
12.91 0.859968 
12.92 0.859974 
12.93 0.859981 
12.94 0.859988 
12.95 0.859994 
12.96 0.860001 
12.97 0.860008 
12.98 0.860014 
12.99 0.860021 
13 0.860027 
13.01 0.860034 
13.02 0.86004 
13.03 0.860047 
13.04 0.860053 
13.05 0.86006 
13.06 0.860066 
13.07 0.860073 
13.08 0.860079 
13.09 0.860085 
13.1 0.860092 
13.11 0.860098 
13.12 0.860105 
13.13 0.860111 
13.14 0.860117 
13.15 0.860123 
13.16 0.86013 
13.17 0.860136 
13.18 0.860142 
13.19 0.860148 
13.2 0.860154 
13.21 0.86016 
13.22 0.860167 
13.23 0.860173 
13.24 0.860179 
13.25 0.860185 
13.26 0.860191 
13.27 0.860197 
13.28 0.860203 
13.29 0.860209 
13.3 0.860215 
13.31 0.860221 
13.32 0.860227 
13.33 0.860233 
13.34 0.860239 
13.35 0.860245 
13.36 0.86025 
13.37 0.860256 
13.38 0.860262 
13.39 0.860268 
13.4 0.860274 
13.41 0.860279 
13.42 0.860285 
13.43 0.860291 
13.44 0.860297 
13.45 0.860302 
13.46 0.860308 
13.47 0.860314 
13.48 0.860319 
13.49 0.860325 
13.5 0.860331 
13.51 0.860336 
13.52 0.860342 
13.53 0.860347 
13.54 0.860353 
13.55 0.860358 
13.56 0.860364 
13.57 0.860369 
13.58 0.860375 
13.59 0.86038 
13.6 0.860386 
13.61 0.860391 
13.62 0.860397 
13.63 0.860402 
13.64 0.860407 
13.65 0.860413 
13.66 0.860418 
13.67 0.860423 
13.68 0.860429 
13.69 0.860434 
13.7 0.860439 
13.71 0.860445 
13.72 0.86045 
13.73 0.860455 
13.74 0.86046 
13.75 0.860465 
13.76 0.860471 
13.77 0.860476 
13.78 0.860481 
13.79 0.860486 
13.8 0.860491 
13.81 0.860496 
13.82 0.860501 
13.83 0.860506 
13.84 0.860512 
13.85 0.860517 
13.86 0.860522 
13.87 0.860527 
13.88 0.860532 
13.89 0.860537 
13.9 0.860542 
13.91 0.860546 
13.92 0.860551 
13.93 0.860556 
13.94 0.860561 
13.95 0.860566 
13.96 0.860571 
13.97 0.860576 
13.98 0.860581 
13.99 0.860586 
14 0.86059 
14.01 0.860595 
14.02 0.8606 
14.03 0.860605 
14.04 0.860609 
14.05 0.860614 
14.06 0.860619 
14.07 0.860624 
14.08 0.860628 
14.09 0.860633 
14.1 0.860638 
14.11 0.860642 
14.12 0.860647 
14.13 0.860651 
14.14 0.860656 
14.15 0.860661 
14.16 0.860665 
14.17 0.86067 
14.18 0.860674 
14.19 0.860679 
14.2 0.860683 
14.21 0.860688 
14.22 0.860692 
14.23 0.860697 
14.24 0.860701 
14.25 0.860706 
14.26 0.86071 
14.27 0.860715 
14.28 0.860719 
14.29 0.860724 
14.3 0.860728 
14.31 0.860732 
14.32 0.860737 
14.33 0.860741 
14.34 0.860745 
14.35 0.86075 
14.36 0.860754 
14.37 0.860758 
14.38 0.860762 
14.39 0.860767 
14.4 0.860771 
14.41 0.860775 
14.42 0.860779 
14.43 0.860784 
14.44 0.860788 
14.45 0.860792 
14.46 0.860796 
14.47 0.8608 
14.48 0.860805 
14.49 0.860809 
14.5 0.860813 
14.51 0.860817 
14.52 0.860821 
14.53 0.860825 
14.54 0.860829 
14.55 0.860833 
14.56 0.860837 
14.57 0.860841 
14.58 0.860845 
14.59 0.860849 
14.6 0.860853 
14.61 0.860857 
14.62 0.860861 
14.63 0.860865 
14.64 0.860869 
14.65 0.860873 
14.66 0.860877 
14.67 0.860881 
14.68 0.860885 
14.69 0.860889 
14.7 0.860893 
14.71 0.860897 
14.72 0.8609 
14.73 0.860904 
14.74 0.860908 
14.75 0.860912 
14.76 0.860916 
14.77 0.860919 
14.78 0.860923 
14.79 0.860927 
14.8 0.860931 
14.81 0.860934 
14.82 0.860938 
14.83 0.860942 
14.84 0.860946 
14.85 0.860949 
14.86 0.860953 
14.87 0.860957 
14.88 0.86096 
14.89 0.860964 
14.9 0.860968 
14.91 0.860971 
14.92 0.860975 
14.93 0.860979 
14.94 0.860982 
14.95 0.860986 
14.96 0.860989 
14.97 0.860993 
14.98 0.860996 
14.99 0.861 
15 0.861004 
15.01 0.861007 
15.02 0.861011 
15.03 0.861014 
15.04 0.861018 
15.05 0.861021 
15.06 0.861024 
15.07 0.861028 
15.08 0.861031 
15.09 0.861035 
15.1 0.861038 
15.11 0.861042 
15.12 0.861045 
15.13 0.861049 
15.14 0.861052 
15.15 0.861055 
15.16 0.861059 
15.17 0.861062 
15.18 0.861065 
15.19 0.861069 
15.2 0.861072 
15.21 0.861075 
15.22 0.861079 
15.23 0.861082 
15.24 0.861085 
15.25 0.861088 
15.26 0.861092 
15.27 0.861095 
15.28 0.861098 
15.29 0.861101 
15.3 0.861105 
15.31 0.861108 
15.32 0.861111 
15.33 0.861114 
15.34 0.861117 
15.35 0.861121 
15.36 0.861124 
15.37 0.861127 
15.38 0.86113 
15.39 0.861133 
15.4 0.861136 
15.41 0.861139 
15.42 0.861143 
15.43 0.861146 
15.44 0.861149 
15.45 0.861152 
15.46 0.861155 
15.47 0.861158 
15.48 0.861161 
15.49 0.861164 
15.5 0.861167 
15.51 0.86117 
15.52 0.861173 
15.53 0.861176 
15.54 0.861179 
15.55 0.861182 
15.56 0.861185 
15.57 0.861188 
15.58 0.861191 
15.59 0.861194 
15.6 0.861197 
15.61 0.8612 
15.62 0.861203 
15.63 0.861206 
15.64 0.861209 
15.65 0.861211 
15.66 0.861214 
15.67 0.861217 
15.68 0.86122 
15.69 0.861223 
15.7 0.861226 
15.71 0.861229 
15.72 0.861231 
15.73 0.861234 
15.74 0.861237 
15.75 0.86124 
15.76 0.861243 
15.77 0.861246 
15.78 0.861248 
15.79 0.861251 
15.8 0.861254 
15.81 0.861257 
15.82 0.861259 
15.83 0.861262 
15.84 0.861265 
15.85 0.861268 
15.86 0.86127 
15.87 0.861273 
15.88 0.861276 
15.89 0.861278 
15.9 0.861281 
15.91 0.861284 
15.92 0.861286 
15.93 0.861289 
15.94 0.861292 
15.95 0.861294 
15.96 0.861297 
15.97 0.8613 
15.98 0.861302 
15.99 0.861305 
16 0.861307 
16.01 0.86131 
16.02 0.861313 
16.03 0.861315 
16.04 0.861318 
16.05 0.86132 
16.06 0.861323 
16.07 0.861325 
16.08 0.861328 
16.09 0.86133 
16.1 0.861333 
16.11 0.861335 
16.12 0.861338 
16.13 0.86134 
16.14 0.861343 
16.15 0.861345 
16.16 0.861348 
16.17 0.86135 
16.18 0.861353 
16.19 0.861355 
16.2 0.861358 
16.21 0.86136 
16.22 0.861363 
16.23 0.861365 
16.24 0.861367 
16.25 0.86137 
16.26 0.861372 
16.27 0.861375 
16.28 0.861377 
16.29 0.861379 
16.3 0.861382 
16.31 0.861384 
16.32 0.861386 
16.33 0.861389 
16.34 0.861391 
16.35 0.861394 
16.36 0.861396 
16.37 0.861398 
16.38 0.8614 
16.39 0.861403 
16.4 0.861405 
16.41 0.861407 
16.42 0.86141 
16.43 0.861412 
16.44 0.861414 
16.45 0.861417 
16.46 0.861419 
16.47 0.861421 
16.48 0.861423 
16.49 0.861426 
16.5 0.861428 
16.51 0.86143 
16.52 0.861432 
16.53 0.861434 
16.54 0.861437 
16.55 0.861439 
16.56 0.861441 
16.57 0.861443 
16.58 0.861445 
16.59 0.861448 
16.6 0.86145 
16.61 0.861452 
16.62 0.861454 
16.63 0.861456 
16.64 0.861458 
16.65 0.86146 
16.66 0.861463 
16.67 0.861465 
16.68 0.861467 
16.69 0.861469 
16.7 0.861471 
16.71 0.861473 
16.72 0.861475 
16.73 0.861477 
16.74 0.861479 
16.75 0.861481 
16.76 0.861483 
16.77 0.861485 
16.78 0.861488 
16.79 0.86149 
16.8 0.861492 
16.81 0.861494 
16.82 0.861496 
16.83 0.861498 
16.84 0.8615 
16.85 0.861502 
16.86 0.861504 
16.87 0.861506 
16.88 0.861508 
16.89 0.86151 
16.9 0.861512 
16.91 0.861514 
16.92 0.861516 
16.93 0.861518 
16.94 0.861519 
16.95 0.861521 
16.96 0.861523 
16.97 0.861525 
16.98 0.861527 
16.99 0.861529 
17 0.861531 
17.01 0.861533 
17.02 0.861535 
17.03 0.861537 
17.04 0.861539 
17.05 0.861541 
17.06 0.861542 
17.07 0.861544 
17.08 0.861546 
17.09 0.861548 
17.1 0.86155 
17.11 0.861552 
17.12 0.861554 
17.13 0.861555 
17.14 0.861557 
17.15 0.861559 
17.16 0.861561 
17.17 0.861563 
17.18 0.861565 
17.19 0.861566 
17.2 0.861568 
17.21 0.86157 
17.22 0.861572 
17.23 0.861574 
17.24 0.861575 
17.25 0.861577 
17.26 0.861579 
17.27 0.861581 
17.28 0.861582 
17.29 0.861584 
17.3 0.861586 
17.31 0.861588 
17.32 0.861589 
17.33 0.861591 
17.34 0.861593 
17.35 0.861595 
17.36 0.861596 
17.37 0.861598 
17.38 0.8616 
17.39 0.861601 
17.4 0.861603 
17.41 0.861605 
17.42 0.861606 
17.43 0.861608 
17.44 0.86161 
17.45 0.861611 
17.46 0.861613 
17.47 0.861615 
17.48 0.861616 
17.49 0.861618 
17.5 0.86162 
17.51 0.861621 
17.52 0.861623 
17.53 0.861625 
17.54 0.861626 
17.55 0.861628 
17.56 0.861629 
17.57 0.861631 
17.58 0.861633 
17.59 0.861634 
17.6 0.861636 
17.61 0.861637 
17.62 0.861639 
17.63 0.861641 
17.64 0.861642 
17.65 0.861644 
17.66 0.861645 
17.67 0.861647 
17.68 0.861648 
17.69 0.86165 
17.7 0.861652 
17.71 0.861653 
17.72 0.861655 
17.73 0.861656 
17.74 0.861658 
17.75 0.861659 
17.76 0.861661 
17.77 0.861662 
17.78 0.861664 
17.79 0.861665 
17.8 0.861667 
17.81 0.861668 
17.82 0.86167 
17.83 0.861671 
17.84 0.861673 
17.85 0.861674 
17.86 0.861676 
17.87 0.861677 
17.88 0.861679 
17.89 0.86168 
17.9 0.861682 
17.91 0.861683 
17.92 0.861684 
17.93 0.861686 
17.94 0.861687 
17.95 0.861689 
17.96 0.86169 
17.97 0.861692 
17.98 0.861693 
17.99 0.861694 
18 0.861696 
18.01 0.861697 
18.02 0.861699 
18.03 0.8617 
18.04 0.861701 
18.05 0.861703 
18.06 0.861704 
18.07 0.861706 
18.08 0.861707 
18.09 0.861708 
18.1 0.86171 
18.11 0.861711 
18.12 0.861712 
18.13 0.861714 
18.14 0.861715 
18.15 0.861717 
18.16 0.861718 
18.17 0.861719 
18.18 0.861721 
18.19 0.861722 
18.2 0.861723 
18.21 0.861724 
18.22 0.861726 
18.23 0.861727 
18.24 0.861728 
18.25 0.86173 
18.26 0.861731 
18.27 0.861732 
18.28 0.861734 
18.29 0.861735 
18.3 0.861736 
18.31 0.861738 
18.32 0.861739 
18.33 0.86174 
18.34 0.861741 
18.35 0.861743 
18.36 0.861744 
18.37 0.861745 
18.38 0.861746 
18.39 0.861748 
18.4 0.861749 
18.41 0.86175 
18.42 0.861751 
18.43 0.861753 
18.44 0.861754 
18.45 0.861755 
18.46 0.861756 
18.47 0.861758 
18.48 0.861759 
18.49 0.86176 
18.5 0.861761 
18.51 0.861762 
18.52 0.861764 
18.53 0.861765 
18.54 0.861766 
18.55 0.861767 
18.56 0.861768 
18.57 0.86177 
18.58 0.861771 
18.59 0.861772 
18.6 0.861773 
18.61 0.861774 
18.62 0.861776 
18.63 0.861777 
18.64 0.861778 
18.65 0.861779 
18.66 0.86178 
18.67 0.861781 
18.68 0.861782 
18.69 0.861784 
18.7 0.861785 
18.71 0.861786 
18.72 0.861787 
18.73 0.861788 
18.74 0.861789 
18.75 0.86179 
18.76 0.861791 
18.77 0.861793 
18.78 0.861794 
18.79 0.861795 
18.8 0.861796 
18.81 0.861797 
18.82 0.861798 
18.83 0.861799 
18.84 0.8618 
18.85 0.861801 
18.86 0.861803 
18.87 0.861804 
18.88 0.861805 
18.89 0.861806 
18.9 0.861807 
18.91 0.861808 
18.92 0.861809 
18.93 0.86181 
18.94 0.861811 
18.95 0.861812 
18.96 0.861813 
18.97 0.861814 
18.98 0.861815 
18.99 0.861816 
19 0.861817 
19.01 0.861818 
19.02 0.86182 
19.03 0.861821 
19.04 0.861822 
19.05 0.861823 
19.06 0.861824 
19.07 0.861825 
19.08 0.861826 
19.09 0.861827 
19.1 0.861828 
19.11 0.861829 
19.12 0.86183 
19.13 0.861831 
19.14 0.861832 
19.15 0.861833 
19.16 0.861834 
19.17 0.861835 
19.18 0.861836 
19.19 0.861837 
19.2 0.861838 
19.21 0.861839 
19.22 0.86184 
19.23 0.86184 
19.24 0.861841 
19.25 0.861842 
19.26 0.861843 
19.27 0.861844 
19.28 0.861845 
19.29 0.861846 
19.3 0.861847 
19.31 0.861848 
19.32 0.861849 
19.33 0.86185 
19.34 0.861851 
19.35 0.861852 
19.36 0.861853 
19.37 0.861854 
19.38 0.861855 
19.39 0.861856 
19.4 0.861857 
19.41 0.861858 
19.42 0.861858 
19.43 0.861859 
19.44 0.86186 
19.45 0.861861 
19.46 0.861862 
19.47 0.861863 
19.48 0.861864 
19.49 0.861865 
19.5 0.861866 
19.51 0.861867 
19.52 0.861867 
19.53 0.861868 
19.54 0.861869 
19.55 0.86187 
19.56 0.861871 
19.57 0.861872 
19.58 0.861873 
19.59 0.861874 
19.6 0.861874 
19.61 0.861875 
19.62 0.861876 
19.63 0.861877 
19.64 0.861878 
19.65 0.861879 
19.66 0.86188 
19.67 0.86188 
19.68 0.861881 
19.69 0.861882 
19.7 0.861883 
19.71 0.861884 
19.72 0.861885 
19.73 0.861885 
19.74 0.861886 
19.75 0.861887 
19.76 0.861888 
19.77 0.861889 
19.78 0.86189 
19.79 0.86189 
19.8 0.861891 
19.81 0.861892 
19.82 0.861893 
19.83 0.861894 
19.84 0.861895 
19.85 0.861895 
19.86 0.861896 
19.87 0.861897 
19.88 0.861898 
19.89 0.861899 
19.9 0.861899 
19.91 0.8619 
19.92 0.861901 
19.93 0.861902 
19.94 0.861902 
19.95 0.861903 
19.96 0.861904 
19.97 0.861905 
19.98 0.861906 
19.99 0.861906 
20 0.861907 
20.01 0.861908 
20.02 0.861909 
20.03 0.861909 
20.04 0.86191 
20.05 0.861911 
20.06 0.861912 
20.07 0.861912 
20.08 0.861913 
20.09 0.861914 
20.1 0.861915 
20.11 0.861915 
20.12 0.861916 
20.13 0.861917 
20.14 0.861918 
20.15 0.861918 
20.16 0.861919 
20.17 0.86192 
20.18 0.861921 
20.19 0.861921 
20.2 0.861922 
20.21 0.861923 
20.22 0.861923 
20.23 0.861924 
20.24 0.861925 
20.25 0.861926 
20.26 0.861926 
20.27 0.861927 
20.28 0.861928 
20.29 0.861928 
20.3 0.861929 
20.31 0.86193 
20.32 0.86193 
20.33 0.861931 
20.34 0.861932 
20.35 0.861933 
20.36 0.861933 
20.37 0.861934 
20.38 0.861935 
20.39 0.861935 
20.4 0.861936 
20.41 0.861937 
20.42 0.861937 
20.43 0.861938 
20.44 0.861939 
20.45 0.861939 
20.46 0.86194 
20.47 0.861941 
20.48 0.861941 
20.49 0.861942 
20.5 0.861943 
20.51 0.861943 
20.52 0.861944 
20.53 0.861945 
20.54 0.861945 
20.55 0.861946 
20.56 0.861947 
20.57 0.861947 
20.58 0.861948 
20.59 0.861949 
20.6 0.861949 
20.61 0.86195 
20.62 0.861951 
20.63 0.861951 
20.64 0.861952 
20.65 0.861952 
20.66 0.861953 
20.67 0.861954 
20.68 0.861954 
20.69 0.861955 
20.7 0.861956 
20.71 0.861956 
20.72 0.861957 
20.73 0.861957 
20.74 0.861958 
20.75 0.861959 
20.76 0.861959 
20.77 0.86196 
20.78 0.86196 
20.79 0.861961 
20.8 0.861962 
20.81 0.861962 
20.82 0.861963 
20.83 0.861963 
20.84 0.861964 
20.85 0.861965 
20.86 0.861965 
20.87 0.861966 
20.88 0.861966 
20.89 0.861967 
20.9 0.861968 
20.91 0.861968 
20.92 0.861969 
20.93 0.861969 
20.94 0.86197 
20.95 0.86197 
20.96 0.861971 
20.97 0.861972 
20.98 0.861972 
20.99 0.861973 
21 0.861973 
21.01 0.861974 
21.02 0.861974 
21.03 0.861975 
21.04 0.861976 
21.05 0.861976 
21.06 0.861977 
21.07 0.861977 
21.08 0.861978 
21.09 0.861978 
21.1 0.861979 
21.11 0.861979 
21.12 0.86198 
21.13 0.86198 
21.14 0.861981 
21.15 0.861982 
21.16 0.861982 
21.17 0.861983 
21.18 0.861983 
21.19 0.861984 
21.2 0.861984 
21.21 0.861985 
21.22 0.861985 
21.23 0.861986 
21.24 0.861986 
21.25 0.861987 
21.26 0.861987 
21.27 0.861988 
21.28 0.861988 
21.29 0.861989 
21.3 0.86199 
21.31 0.86199 
21.32 0.861991 
21.33 0.861991 
21.34 0.861992 
21.35 0.861992 
21.36 0.861993 
21.37 0.861993 
21.38 0.861994 
21.39 0.861994 
21.4 0.861995 
21.41 0.861995 
21.42 0.861996 
21.43 0.861996 
21.44 0.861997 
21.45 0.861997 
21.46 0.861998 
21.47 0.861998 
21.48 0.861999 
21.49 0.861999 
21.5 0.862 
21.51 0.862 
21.52 0.862001 
21.53 0.862001 
21.54 0.862002 
21.55 0.862002 
21.56 0.862002 
21.57 0.862003 
21.58 0.862003 
21.59 0.862004 
21.6 0.862004 
21.61 0.862005 
21.62 0.862005 
21.63 0.862006 
21.64 0.862006 
21.65 0.862007 
21.66 0.862007 
21.67 0.862008 
21.68 0.862008 
21.69 0.862009 
21.7 0.862009 
21.71 0.862009 
21.72 0.86201 
21.73 0.86201 
21.74 0.862011 
21.75 0.862011 
21.76 0.862012 
21.77 0.862012 
21.78 0.862013 
21.79 0.862013 
21.8 0.862014 
21.81 0.862014 
21.82 0.862014 
21.83 0.862015 
21.84 0.862015 
21.85 0.862016 
21.86 0.862016 
21.87 0.862017 
21.88 0.862017 
21.89 0.862017 
21.9 0.862018 
21.91 0.862018 
21.92 0.862019 
21.93 0.862019 
21.94 0.86202 
21.95 0.86202 
21.96 0.86202 
21.97 0.862021 
21.98 0.862021 
21.99 0.862022 
22 0.862022 
22.01 0.862023 
22.02 0.862023 
22.03 0.862023 
22.04 0.862024 
22.05 0.862024 
22.06 0.862025 
22.07 0.862025 
22.08 0.862025 
22.09 0.862026 
22.1 0.862026 
22.11 0.862027 
22.12 0.862027 
22.13 0.862027 
22.14 0.862028 
22.15 0.862028 
22.16 0.862029 
22.17 0.862029 
22.18 0.862029 
22.19 0.86203 
22.2 0.86203 
22.21 0.862031 
22.22 0.862031 
22.23 0.862031 
22.24 0.862032 
22.25 0.862032 
22.26 0.862033 
22.27 0.862033 
22.28 0.862033 
22.29 0.862034 
22.3 0.862034 
22.31 0.862034 
22.32 0.862035 
22.33 0.862035 
22.34 0.862036 
22.35 0.862036 
22.36 0.862036 
22.37 0.862037 
22.38 0.862037 
22.39 0.862038 
22.4 0.862038 
22.41 0.862038 
22.42 0.862039 
22.43 0.862039 
22.44 0.862039 
22.45 0.86204 
22.46 0.86204 
22.47 0.86204 
22.48 0.862041 
22.49 0.862041 
22.5 0.862042 
22.51 0.862042 
22.52 0.862042 
22.53 0.862043 
22.54 0.862043 
22.55 0.862043 
22.56 0.862044 
22.57 0.862044 
22.58 0.862044 
22.59 0.862045 
22.6 0.862045 
22.61 0.862045 
22.62 0.862046 
22.63 0.862046 
22.64 0.862046 
22.65 0.862047 
22.66 0.862047 
22.67 0.862047 
22.68 0.862048 
22.69 0.862048 
22.7 0.862049 
22.71 0.862049 
22.72 0.862049 
22.73 0.86205 
22.74 0.86205 
22.75 0.86205 
22.76 0.862051 
22.77 0.862051 
22.78 0.862051 
22.79 0.862051 
22.8 0.862052 
22.81 0.862052 
22.82 0.862053 
22.83 0.862053 
22.84 0.862053 
22.85 0.862053 
22.86 0.862054 
22.87 0.862054 
22.88 0.862054 
22.89 0.862055 
22.9 0.862055 
22.91 0.862055 
22.92 0.862056 
22.93 0.862056 
22.94 0.862056 
22.95 0.862057 
22.96 0.862057 
22.97 0.862057 
22.98 0.862058 
22.99 0.862058 
23 0.862058 
23.01 0.862059 
23.02 0.862059 
23.03 0.862059 
23.04 0.862059 
23.05 0.86206 
23.06 0.86206 
23.07 0.86206 
23.08 0.862061 
23.09 0.862061 
23.1 0.862061 
23.11 0.862062 
23.12 0.862062 
23.13 0.862062 
23.14 0.862062 
23.15 0.862063 
23.16 0.862063 
23.17 0.862063 
23.18 0.862064 
23.19 0.862064 
23.2 0.862064 
23.21 0.862064 
23.22 0.862065 
23.23 0.862065 
23.24 0.862065 
23.25 0.862066 
23.26 0.862066 
23.27 0.862066 
23.28 0.862066 
23.29 0.862067 
23.3 0.862067 
23.31 0.862067 
23.32 0.862068 
23.33 0.862068 
23.34 0.862068 
23.35 0.862068 
23.36 0.862069 
23.37 0.862069 
23.38 0.862069 
23.39 0.86207 
23.4 0.86207 
23.41 0.86207 
23.42 0.86207 
23.43 0.862071 
23.44 0.862071 
23.45 0.862071 
23.46 0.862071 
23.47 0.862072 
23.48 0.862072 
23.49 0.862072 
23.5 0.862073 
23.51 0.862073 
23.52 0.862073 
23.53 0.862073 
23.54 0.862074 
23.55 0.862074 
23.56 0.862074 
23.57 0.862074 
23.58 0.862075 
23.59 0.862075 
23.6 0.862075 
23.61 0.862075 
23.62 0.862076 
23.63 0.862076 
23.64 0.862076 
23.65 0.862076 
23.66 0.862077 
23.67 0.862077 
23.68 0.862077 
23.69 0.862077 
23.7 0.862078 
23.71 0.862078 
23.72 0.862078 
23.73 0.862078 
23.74 0.862079 
23.75 0.862079 
23.76 0.862079 
23.77 0.862079 
23.78 0.86208 
23.79 0.86208 
23.8 0.86208 
23.81 0.86208 
23.82 0.862081 
23.83 0.862081 
23.84 0.862081 
23.85 0.862081 
23.86 0.862082 
23.87 0.862082 
23.88 0.862082 
23.89 0.862082 
23.9 0.862082 
23.91 0.862083 
23.92 0.862083 
23.93 0.862083 
23.94 0.862083 
23.95 0.862084 
23.96 0.862084 
23.97 0.862084 
23.98 0.862084 
23.99 0.862085 
24 0.862085 
24.01 0.862085 
24.02 0.862085 
24.03 0.862085 
24.04 0.862086 
24.05 0.862086 
24.06 0.862086 
24.07 0.862086 
24.08 0.862087 
24.09 0.862087 
24.1 0.862087 
24.11 0.862087 
24.12 0.862087 
24.13 0.862088 
24.14 0.862088 
24.15 0.862088 
24.16 0.862088 
24.17 0.862089 
24.18 0.862089 
24.19 0.862089 
24.2 0.862089 
24.21 0.862089 
24.22 0.86209 
24.23 0.86209 
24.24 0.86209 
24.25 0.86209 
24.26 0.862091 
24.27 0.862091 
24.28 0.862091 
24.29 0.862091 
24.3 0.862091 
24.31 0.862092 
24.32 0.862092 
24.33 0.862092 
24.34 0.862092 
24.35 0.862092 
24.36 0.862093 
24.37 0.862093 
24.38 0.862093 
24.39 0.862093 
24.4 0.862093 
24.41 0.862094 
24.42 0.862094 
24.43 0.862094 
24.44 0.862094 
24.45 0.862094 
24.46 0.862095 
24.47 0.862095 
24.48 0.862095 
24.49 0.862095 
24.5 0.862095 
24.51 0.862096 
24.52 0.862096 
24.53 0.862096 
24.54 0.862096 
24.55 0.862096 
24.56 0.862097 
24.57 0.862097 
24.58 0.862097 
24.59 0.862097 
24.6 0.862097 
24.61 0.862098 
24.62 0.862098 
24.63 0.862098 
24.64 0.862098 
24.65 0.862098 
24.66 0.862098 
24.67 0.862099 
24.68 0.862099 
24.69 0.862099 
24.7 0.862099 
24.71 0.862099 
24.72 0.8621 
24.73 0.8621 
24.74 0.8621 
24.75 0.8621 
24.76 0.8621 
24.77 0.8621 
24.78 0.862101 
24.79 0.862101 
24.8 0.862101 
24.81 0.862101 
24.82 0.862101 
24.83 0.862102 
24.84 0.862102 
24.85 0.862102 
24.86 0.862102 
24.87 0.862102 
24.88 0.862102 
24.89 0.862103 
24.9 0.862103 
24.91 0.862103 
24.92 0.862103 
24.93 0.862103 
24.94 0.862103 
24.95 0.862104 
24.96 0.862104 
24.97 0.862104 
24.98 0.862104 
24.99 0.862104 
25 0.862104 
25.01 0.862105 
25.02 0.862105 
25.03 0.862105 
25.04 0.862105 
25.05 0.862105 
25.06 0.862105 
25.07 0.862106 
25.08 0.862106 
25.09 0.862106 
25.1 0.862106 
25.11 0.862106 
25.12 0.862106 
25.13 0.862107 
25.14 0.862107 
25.15 0.862107 
25.16 0.862107 
25.17 0.862107 
25.18 0.862107 
25.19 0.862108 
25.2 0.862108 
25.21 0.862108 
25.22 0.862108 
25.23 0.862108 
25.24 0.862108 
25.25 0.862109 
25.26 0.862109 
25.27 0.862109 
25.28 0.862109 
25.29 0.862109 
25.3 0.862109 
25.31 0.862109 
25.32 0.86211 
25.33 0.86211 
25.34 0.86211 
25.35 0.86211 
25.36 0.86211 
25.37 0.86211 
25.38 0.86211 
25.39 0.862111 
25.4 0.862111 
25.41 0.862111 
25.42 0.862111 
25.43 0.862111 
25.44 0.862111 
25.45 0.862112 
25.46 0.862112 
25.47 0.862112 
25.48 0.862112 
25.49 0.862112 
25.5 0.862112 
25.51 0.862112 
25.52 0.862113 
25.53 0.862113 
25.54 0.862113 
25.55 0.862113 
25.56 0.862113 
25.57 0.862113 
25.58 0.862113 
25.59 0.862114 
25.6 0.862114 
25.61 0.862114 
25.62 0.862114 
25.63 0.862114 
25.64 0.862114 
25.65 0.862114 
25.66 0.862115 
25.67 0.862115 
25.68 0.862115 
25.69 0.862115 
25.7 0.862115 
25.71 0.862115 
25.72 0.862115 
25.73 0.862116 
25.74 0.862116 
25.75 0.862116 
25.76 0.862116 
25.77 0.862116 
25.78 0.862116 
25.79 0.862116 
25.8 0.862116 
25.81 0.862117 
25.82 0.862117 
25.83 0.862117 
25.84 0.862117 
25.85 0.862117 
25.86 0.862117 
25.87 0.862117 
25.88 0.862117 
25.89 0.862118 
25.9 0.862118 
25.91 0.862118 
25.92 0.862118 
25.93 0.862118 
25.94 0.862118 
25.95 0.862118 
25.96 0.862118 
25.97 0.862119 
25.98 0.862119 
25.99 0.862119 
26 0.862119 
26.01 0.862119 
26.02 0.862119 
26.03 0.862119 
26.04 0.862119 
26.05 0.86212 
26.06 0.86212 
26.07 0.86212 
26.08 0.86212 
26.09 0.86212 
26.1 0.86212 
26.11 0.86212 
26.12 0.86212 
26.13 0.862121 
26.14 0.862121 
26.15 0.862121 
26.16 0.862121 
26.17 0.862121 
26.18 0.862121 
26.19 0.862121 
26.2 0.862121 
26.21 0.862122 
26.22 0.862122 
26.23 0.862122 
26.24 0.862122 
26.25 0.862122 
26.26 0.862122 
26.27 0.862122 
26.28 0.862122 
26.29 0.862122 
26.3 0.862123 
26.31 0.862123 
26.32 0.862123 
26.33 0.862123 
26.34 0.862123 
26.35 0.862123 
26.36 0.862123 
26.37 0.862123 
26.38 0.862123 
26.39 0.862124 
26.4 0.862124 
26.41 0.862124 
26.42 0.862124 
26.43 0.862124 
26.44 0.862124 
26.45 0.862124 
26.46 0.862124 
26.47 0.862124 
26.48 0.862125 
26.49 0.862125 
26.5 0.862125 
26.51 0.862125 
26.52 0.862125 
26.53 0.862125 
26.54 0.862125 
26.55 0.862125 
26.56 0.862125 
26.57 0.862126 
26.58 0.862126 
26.59 0.862126 
26.6 0.862126 
26.61 0.862126 
26.62 0.862126 
26.63 0.862126 
26.64 0.862126 
26.65 0.862126 
26.66 0.862126 
26.67 0.862127 
26.68 0.862127 
26.69 0.862127 
26.7 0.862127 
26.71 0.862127 
26.72 0.862127 
26.73 0.862127 
26.74 0.862127 
26.75 0.862127 
26.76 0.862127 
26.77 0.862128 
26.78 0.862128 
26.79 0.862128 
26.8 0.862128 
26.81 0.862128 
26.82 0.862128 
26.83 0.862128 
26.84 0.862128 
26.85 0.862128 
26.86 0.862128 
26.87 0.862128 
26.88 0.862129 
26.89 0.862129 
26.9 0.862129 
26.91 0.862129 
26.92 0.862129 
26.93 0.862129 
26.94 0.862129 
26.95 0.862129 
26.96 0.862129 
26.97 0.862129 
26.98 0.86213 
26.99 0.86213 
27 0.86213 
27.01 0.86213 
27.02 0.86213 
27.03 0.86213 
27.04 0.86213 
27.05 0.86213 
27.06 0.86213 
27.07 0.86213 
27.08 0.86213 
27.09 0.862131 
27.1 0.862131 
27.11 0.862131 
27.12 0.862131 
27.13 0.862131 
27.14 0.862131 
27.15 0.862131 
27.16 0.862131 
27.17 0.862131 
27.18 0.862131 
27.19 0.862131 
27.2 0.862132 
27.21 0.862132 
27.22 0.862132 
27.23 0.862132 
27.24 0.862132 
27.25 0.862132 
27.26 0.862132 
27.27 0.862132 
27.28 0.862132 
27.29 0.862132 
27.3 0.862132 
27.31 0.862132 
27.32 0.862133 
27.33 0.862133 
27.34 0.862133 
27.35 0.862133 
27.36 0.862133 
27.37 0.862133 
27.38 0.862133 
27.39 0.862133 
27.4 0.862133 
27.41 0.862133 
27.42 0.862133 
27.43 0.862133 
27.44 0.862134 
27.45 0.862134 
27.46 0.862134 
27.47 0.862134 
27.48 0.862134 
27.49 0.862134 
27.5 0.862134 
27.51 0.862134 
27.52 0.862134 
27.53 0.862134 
27.54 0.862134 
27.55 0.862134 
27.56 0.862134 
27.57 0.862135 
27.58 0.862135 
27.59 0.862135 
27.6 0.862135 
27.61 0.862135 
27.62 0.862135 
27.63 0.862135 
27.64 0.862135 
27.65 0.862135 
27.66 0.862135 
27.67 0.862135 
27.68 0.862135 
27.69 0.862135 
27.7 0.862136 
27.71 0.862136 
27.72 0.862136 
27.73 0.862136 
27.74 0.862136 
27.75 0.862136 
27.76 0.862136 
27.77 0.862136 
27.78 0.862136 
27.79 0.862136 
27.8 0.862136 
27.81 0.862136 
27.82 0.862136 
27.83 0.862136 
27.84 0.862137 
27.85 0.862137 
27.86 0.862137 
27.87 0.862137 
27.88 0.862137 
27.89 0.862137 
27.9 0.862137 
27.91 0.862137 
27.92 0.862137 
27.93 0.862137 
27.94 0.862137 
27.95 0.862137 
27.96 0.862137 
27.97 0.862137 
27.98 0.862138 
27.99 0.862138 
28 0.862138 
28.01 0.862138 
28.02 0.862138 
28.03 0.862138 
28.04 0.862138 
28.05 0.862138 
28.06 0.862138 
28.07 0.862138 
28.08 0.862138 
28.09 0.862138 
28.1 0.862138 
28.11 0.862138 
28.12 0.862138 
28.13 0.862139 
28.14 0.862139 
28.15 0.862139 
28.16 0.862139 
28.17 0.862139 
28.18 0.862139 
28.19 0.862139 
28.2 0.862139 
28.21 0.862139 
28.22 0.862139 
28.23 0.862139 
28.24 0.862139 
28.25 0.862139 
28.26 0.862139 
28.27 0.862139 
28.28 0.86214 
28.29 0.86214 
28.3 0.86214 
28.31 0.86214 
28.32 0.86214 
28.33 0.86214 
28.34 0.86214 
28.35 0.86214 
28.36 0.86214 
28.37 0.86214 
28.38 0.86214 
28.39 0.86214 
28.4 0.86214 
28.41 0.86214 
28.42 0.86214 
28.43 0.86214 
28.44 0.86214 
28.45 0.862141 
28.46 0.862141 
28.47 0.862141 
28.48 0.862141 
28.49 0.862141 
28.5 0.862141 
28.51 0.862141 
28.52 0.862141 
28.53 0.862141 
28.54 0.862141 
28.55 0.862141 
28.56 0.862141 
28.57 0.862141 
28.58 0.862141 
28.59 0.862141 
28.6 0.862141 
28.61 0.862141 
28.62 0.862141 
28.63 0.862142 
28.64 0.862142 
28.65 0.862142 
28.66 0.862142 
28.67 0.862142 
28.68 0.862142 
28.69 0.862142 
28.7 0.862142 
28.71 0.862142 
28.72 0.862142 
28.73 0.862142 
28.74 0.862142 
28.75 0.862142 
28.76 0.862142 
28.77 0.862142 
28.78 0.862142 
28.79 0.862142 
28.8 0.862143 
28.81 0.862143 
28.82 0.862143 
28.83 0.862143 
28.84 0.862143 
28.85 0.862143 
28.86 0.862143 
28.87 0.862143 
28.88 0.862143 
28.89 0.862143 
28.9 0.862143 
28.91 0.862143 
28.92 0.862143 
28.93 0.862143 
28.94 0.862143 
28.95 0.862143 
28.96 0.862143 
28.97 0.862143 
28.98 0.862143 
28.99 0.862143 
29 0.862144 
29.01 0.862144 
29.02 0.862144 
29.03 0.862144 
29.04 0.862144 
29.05 0.862144 
29.06 0.862144 
29.07 0.862144 
29.08 0.862144 
29.09 0.862144 
29.1 0.862144 
29.11 0.862144 
29.12 0.862144 
29.13 0.862144 
29.14 0.862144 
29.15 0.862144 
29.16 0.862144 
29.17 0.862144 
29.18 0.862144 
29.19 0.862144 
29.2 0.862145 
29.21 0.862145 
29.22 0.862145 
29.23 0.862145 
29.24 0.862145 
29.25 0.862145 
29.26 0.862145 
29.27 0.862145 
29.28 0.862145 
29.29 0.862145 
29.3 0.862145 
29.31 0.862145 
29.32 0.862145 
29.33 0.862145 
29.34 0.862145 
29.35 0.862145 
29.36 0.862145 
29.37 0.862145 
29.38 0.862145 
29.39 0.862145 
29.4 0.862145 
29.41 0.862145 
29.42 0.862146 
29.43 0.862146 
29.44 0.862146 
29.45 0.862146 
29.46 0.862146 
29.47 0.862146 
29.48 0.862146 
29.49 0.862146 
29.5 0.862146 
29.51 0.862146 
29.52 0.862146 
29.53 0.862146 
29.54 0.862146 
29.55 0.862146 
29.56 0.862146 
29.57 0.862146 
29.58 0.862146 
29.59 0.862146 
29.6 0.862146 
29.61 0.862146 
29.62 0.862146 
29.63 0.862146 
29.64 0.862146 
29.65 0.862146 
29.66 0.862147 
29.67 0.862147 
29.68 0.862147 
29.69 0.862147 
29.7 0.862147 
29.71 0.862147 
29.72 0.862147 
29.73 0.862147 
29.74 0.862147 
29.75 0.862147 
29.76 0.862147 
29.77 0.862147 
29.78 0.862147 
29.79 0.862147 
29.8 0.862147 
29.81 0.862147 
29.82 0.862147 
29.83 0.862147 
29.84 0.862147 
29.85 0.862147 
29.86 0.862147 
29.87 0.862147 
29.88 0.862147 
29.89 0.862147 
29.9 0.862148 
29.91 0.862148 
29.92 0.862148 
29.93 0.862148 
29.94 0.862148 
29.95 0.862148 
29.96 0.862148 
29.97 0.862148 
29.98 0.862148 
29.99 0.862148 
30 0.862148 
30.01 0.862148 
30.02 0.862148 
30.03 0.862148 
30.04 0.862148 
30.05 0.862148 
30.06 0.862148 
30.07 0.862148 
30.08 0.862148 
30.09 0.862148 
30.1 0.862148 
30.11 0.862148 
30.12 0.862148 
30.13 0.862148 
30.14 0.862148 
30.15 0.862148 
30.16 0.862148 
30.17 0.862148 
30.18 0.862149 
30.19 0.862149 
30.2 0.862149 
30.21 0.862149 
30.22 0.862149 
30.23 0.862149 
30.24 0.862149 
30.25 0.862149 
30.26 0.862149 
30.27 0.862149 
30.28 0.862149 
30.29 0.862149 
30.3 0.862149 
30.31 0.862149 
30.32 0.862149 
30.33 0.862149 
30.34 0.862149 
30.35 0.862149 
30.36 0.862149 
30.37 0.862149 
30.38 0.862149 
30.39 0.862149 
30.4 0.862149 
30.41 0.862149 
30.42 0.862149 
30.43 0.862149 
30.44 0.862149 
30.45 0.862149 
30.46 0.862149 
30.47 0.862149 
30.48 0.86215 
30.49 0.86215 
30.5 0.86215 
30.51 0.86215 
30.52 0.86215 
30.53 0.86215 
30.54 0.86215 
30.55 0.86215 
30.56 0.86215 
30.57 0.86215 
30.58 0.86215 
30.59 0.86215 
30.6 0.86215 
30.61 0.86215 
30.62 0.86215 
30.63 0.86215 
30.64 0.86215 
30.65 0.86215 
30.66 0.86215 
30.67 0.86215 
30.68 0.86215 
30.69 0.86215 
30.7 0.86215 
30.71 0.86215 
30.72 0.86215 
30.73 0.86215 
30.74 0.86215 
30.75 0.86215 
30.76 0.86215 
30.77 0.86215 
30.78 0.86215 
30.79 0.86215 
30.8 0.86215 
30.81 0.862151 
30.82 0.862151 
30.83 0.862151 
30.84 0.862151 
30.85 0.862151 
30.86 0.862151 
30.87 0.862151 
30.88 0.862151 
30.89 0.862151 
30.9 0.862151 
30.91 0.862151 
30.92 0.862151 
30.93 0.862151 
30.94 0.862151 
30.95 0.862151 
30.96 0.862151 
30.97 0.862151 
30.98 0.862151 
30.99 0.862151 
31 0.862151 
31.01 0.862151 
31.02 0.862151 
31.03 0.862151 
31.04 0.862151 
31.05 0.862151 
31.06 0.862151 
31.07 0.862151 
31.08 0.862151 
31.09 0.862151 
31.1 0.862151 
31.11 0.862151 
31.12 0.862151 
31.13 0.862151 
31.14 0.862151 
31.15 0.862152 
31.16 0.862152 
31.17 0.862152 
31.18 0.862152 
31.19 0.862152 
31.2 0.862152 
31.21 0.862152 
31.22 0.862152 
31.23 0.862152 
31.24 0.862152 
31.25 0.862152 
31.26 0.862152 
31.27 0.862152 
31.28 0.862152 
31.29 0.862152 
31.3 0.862152 
31.31 0.862152 
31.32 0.862152 
31.33 0.862152 
31.34 0.862152 
31.35 0.862152 
31.36 0.862152 
31.37 0.862152 
31.38 0.862152 
31.39 0.862152 
31.4 0.862152 
31.41 0.862152 
31.42 0.862152 
31.43 0.862152 
31.44 0.862152 
31.45 0.862152 
31.46 0.862152 
31.47 0.862152 
31.48 0.862152 
31.49 0.862152 
31.5 0.862152 
31.51 0.862152 
31.52 0.862152 
31.53 0.862152 
31.54 0.862152 
31.55 0.862152 
31.56 0.862153 
31.57 0.862153 
31.58 0.862153 
31.59 0.862153 
31.6 0.862153 
31.61 0.862153 
31.62 0.862153 
31.63 0.862153 
31.64 0.862153 
31.65 0.862153 
31.66 0.862153 
31.67 0.862153 
31.68 0.862153 
31.69 0.862153 
31.7 0.862153 
31.71 0.862153 
31.72 0.862153 
31.73 0.862153 
31.74 0.862153 
31.75 0.862153 
31.76 0.862153 
31.77 0.862153 
31.78 0.862153 
31.79 0.862153 
31.8 0.862153 
31.81 0.862153 
31.82 0.862153 
31.83 0.862153 
31.84 0.862153 
31.85 0.862153 
31.86 0.862153 
31.87 0.862153 
31.88 0.862153 
31.89 0.862153 
31.9 0.862153 
31.91 0.862153 
31.92 0.862153 
31.93 0.862153 
31.94 0.862153 
31.95 0.862153 
31.96 0.862153 
31.97 0.862153 
31.98 0.862153 
31.99 0.862153 
32 0.862153 
32.01 0.862153 
32.02 0.862153 
32.03 0.862154 
32.04 0.862154 
32.05 0.862154 
32.06 0.862154 
32.07 0.862154 
32.08 0.862154 
32.09 0.862154 
32.1 0.862154 
32.11 0.862154 
32.12 0.862154 
32.13 0.862154 
32.14 0.862154 
32.15 0.862154 
32.16 0.862154 
32.17 0.862154 
32.18 0.862154 
32.19 0.862154 
32.2 0.862154 
32.21 0.862154 
32.22 0.862154 
32.23 0.862154 
32.24 0.862154 
32.25 0.862154 
32.26 0.862154 
32.27 0.862154 
32.28 0.862154 
32.29 0.862154 
32.3 0.862154 
32.31 0.862154 
32.32 0.862154 
32.33 0.862154 
32.34 0.862154 
32.35 0.862154 
32.36 0.862154 
32.37 0.862154 
32.38 0.862154 
32.39 0.862154 
32.4 0.862154 
32.41 0.862154 
32.42 0.862154 
32.43 0.862154 
32.44 0.862154 
32.45 0.862154 
32.46 0.862154 
32.47 0.862154 
32.48 0.862154 
32.49 0.862154 
32.5 0.862154 
32.51 0.862154 
32.52 0.862154 
32.53 0.862154 
32.54 0.862154 
32.55 0.862154 
32.56 0.862154 
32.57 0.862154 
32.58 0.862155 
32.59 0.862155 
32.6 0.862155 
32.61 0.862155 
32.62 0.862155 
32.63 0.862155 
32.64 0.862155 
32.65 0.862155 
32.66 0.862155 
32.67 0.862155 
32.68 0.862155 
32.69 0.862155 
32.7 0.862155 
32.71 0.862155 
32.72 0.862155 
32.73 0.862155 
32.74 0.862155 
32.75 0.862155 
32.76 0.862155 
32.77 0.862155 
32.78 0.862155 
32.79 0.862155 
32.8 0.862155 
32.81 0.862155 
32.82 0.862155 
32.83 0.862155 
32.84 0.862155 
32.85 0.862155 
32.86 0.862155 
32.87 0.862155 
32.88 0.862155 
32.89 0.862155 
32.9 0.862155 
32.91 0.862155 
32.92 0.862155 
32.93 0.862155 
32.94 0.862155 
32.95 0.862155 
32.96 0.862155 
32.97 0.862155 
32.98 0.862155 
32.99 0.862155 
33 0.862155 
33.01 0.862155 
33.02 0.862155 
33.03 0.862155 
33.04 0.862155 
33.05 0.862155 
33.06 0.862155 
33.07 0.862155 
33.08 0.862155 
33.09 0.862155 
33.1 0.862155 
33.11 0.862155 
33.12 0.862155 
33.13 0.862155 
33.14 0.862155 
33.15 0.862155 
33.16 0.862155 
33.17 0.862155 
33.18 0.862155 
33.19 0.862155 
33.2 0.862155 
33.21 0.862155 
33.22 0.862155 
33.23 0.862156 
33.24 0.862156 
33.25 0.862156 
33.26 0.862156 
33.27 0.862156 
33.28 0.862156 
33.29 0.862156 
33.3 0.862156 
33.31 0.862156 
33.32 0.862156 
33.33 0.862156 
33.34 0.862156 
33.35 0.862156 
33.36 0.862156 
33.37 0.862156 
33.38 0.862156 
33.39 0.862156 
33.4 0.862156 
33.41 0.862156 
33.42 0.862156 
33.43 0.862156 
33.44 0.862156 
33.45 0.862156 
33.46 0.862156 
33.47 0.862156 
33.48 0.862156 
33.49 0.862156 
33.5 0.862156 
33.51 0.862156 
33.52 0.862156 
33.53 0.862156 
33.54 0.862156 
33.55 0.862156 
33.56 0.862156 
33.57 0.862156 
33.58 0.862156 
33.59 0.862156 
33.6 0.862156 
33.61 0.862156 
33.62 0.862156 
33.63 0.862156 
33.64 0.862156 
33.65 0.862156 
33.66 0.862156 
33.67 0.862156 
33.68 0.862156 
33.69 0.862156 
33.7 0.862156 
33.71 0.862156 
33.72 0.862156 
33.73 0.862156 
33.74 0.862156 
33.75 0.862156 
33.76 0.862156 
33.77 0.862156 
33.78 0.862156 
33.79 0.862156 
33.8 0.862156 
33.81 0.862156 
33.82 0.862156 
33.83 0.862156 
33.84 0.862156 
33.85 0.862156 
33.86 0.862156 
33.87 0.862156 
33.88 0.862156 
33.89 0.862156 
33.9 0.862156 
33.91 0.862156 
33.92 0.862156 
33.93 0.862156 
33.94 0.862156 
33.95 0.862156 
33.96 0.862156 
33.97 0.862156 
33.98 0.862156 
33.99 0.862156 
34 0.862157 
34.01 0.862157 
34.02 0.862157 
34.03 0.862157 
34.04 0.862157 
34.05 0.862157 
34.06 0.862157 
34.07 0.862157 
34.08 0.862157 
34.09 0.862157 
34.1 0.862157 
34.11 0.862157 
34.12 0.862157 
34.13 0.862157 
34.14 0.862157 
34.15 0.862157 
34.16 0.862157 
34.17 0.862157 
34.18 0.862157 
34.19 0.862157 
34.2 0.862157 
34.21 0.862157 
34.22 0.862157 
34.23 0.862157 
34.24 0.862157 
34.25 0.862157 
34.26 0.862157 
34.27 0.862157 
34.28 0.862157 
34.29 0.862157 
34.3 0.862157 
34.31 0.862157 
34.32 0.862157 
34.33 0.862157 
34.34 0.862157 
34.35 0.862157 
34.36 0.862157 
34.37 0.862157 
34.38 0.862157 
34.39 0.862157 
34.4 0.862157 
34.41 0.862157 
34.42 0.862157 
34.43 0.862157 
34.44 0.862157 
34.45 0.862157 
34.46 0.862157 
34.47 0.862157 
34.48 0.862157 
34.49 0.862157 
34.5 0.862157 
34.51 0.862157 
34.52 0.862157 
34.53 0.862157 
34.54 0.862157 
34.55 0.862157 
34.56 0.862157 
34.57 0.862157 
34.58 0.862157 
34.59 0.862157 
34.6 0.862157 
34.61 0.862157 
34.62 0.862157 
34.63 0.862157 
34.64 0.862157 
34.65 0.862157 
34.66 0.862157 
34.67 0.862157 
34.68 0.862157 
34.69 0.862157 
34.7 0.862157 
34.71 0.862157 
34.72 0.862157 
34.73 0.862157 
34.74 0.862157 
34.75 0.862157 
34.76 0.862157 
34.77 0.862157 
34.78 0.862157 
34.79 0.862157 
34.8 0.862157 
34.81 0.862157 
34.82 0.862157 
34.83 0.862157 
34.84 0.862157 
34.85 0.862157 
34.86 0.862157 
34.87 0.862157 
34.88 0.862157 
34.89 0.862157 
34.9 0.862157 
34.91 0.862157 
34.92 0.862157 
34.93 0.862157 
34.94 0.862157 
34.95 0.862157 
34.96 0.862157 
34.97 0.862157 
34.98 0.862157 
34.99 0.862157 
35 0.862157 
35.01 0.862157 
35.02 0.862157 
35.03 0.862157 
35.04 0.862157 
35.05 0.862157 
35.06 0.862157 
35.07 0.862158 
35.08 0.862158 
35.09 0.862158 
35.1 0.862158 
35.11 0.862158 
35.12 0.862158 
35.13 0.862158 
35.14 0.862158 
35.15 0.862158 
35.16 0.862158 
35.17 0.862158 
35.18 0.862158 
35.19 0.862158 
35.2 0.862158 
35.21 0.862158 
35.22 0.862158 
35.23 0.862158 
35.24 0.862158 
35.25 0.862158 
35.26 0.862158 
35.27 0.862158 
35.28 0.862158 
35.29 0.862158 
35.3 0.862158 
35.31 0.862158 
35.32 0.862158 
35.33 0.862158 
35.34 0.862158 
35.35 0.862158 
35.36 0.862158 
35.37 0.862158 
35.38 0.862158 
35.39 0.862158 
35.4 0.862158 
35.41 0.862158 
35.42 0.862158 
35.43 0.862158 
35.44 0.862158 
35.45 0.862158 
35.46 0.862158 
35.47 0.862158 
35.48 0.862158 
35.49 0.862158 
35.5 0.862158 
35.51 0.862158 
35.52 0.862158 
35.53 0.862158 
35.54 0.862158 
35.55 0.862158 
35.56 0.862158 
35.57 0.862158 
35.58 0.862158 
35.59 0.862158 
35.6 0.862158 
35.61 0.862158 
35.62 0.862158 
35.63 0.862158 
35.64 0.862158 
35.65 0.862158 
35.66 0.862158 
35.67 0.862158 
35.68 0.862158 
35.69 0.862158 
35.7 0.862158 
35.71 0.862158 
35.72 0.862158 
35.73 0.862158 
35.74 0.862158 
35.75 0.862158 
35.76 0.862158 
35.77 0.862158 
35.78 0.862158 
35.79 0.862158 
35.8 0.862158 
35.81 0.862158 
35.82 0.862158 
35.83 0.862158 
35.84 0.862158 
35.85 0.862158 
35.86 0.862158 
35.87 0.862158 
35.88 0.862158 
35.89 0.862158 
35.9 0.862158 
35.91 0.862158 
35.92 0.862158 
35.93 0.862158 
35.94 0.862158 
35.95 0.862158 
35.96 0.862158 
35.97 0.862158 
35.98 0.862158 
35.99 0.862158 
36 0.862158 
36.01 0.862158 
36.02 0.862158 
36.03 0.862158 
36.04 0.862158 
36.05 0.862158 
36.06 0.862158 
36.07 0.862158 
36.08 0.862158 
36.09 0.862158 
36.1 0.862158 
36.11 0.862158 
36.12 0.862158 
36.13 0.862158 
36.14 0.862158 
36.15 0.862158 
36.16 0.862158 
36.17 0.862158 
36.18 0.862158 
36.19 0.862158 
36.2 0.862158 
36.21 0.862158 
36.22 0.862158 
36.23 0.862158 
36.24 0.862158 
36.25 0.862158 
36.26 0.862158 
36.27 0.862158 
36.28 0.862158 
36.29 0.862158 
36.3 0.862158 
36.31 0.862158 
36.32 0.862158 
36.33 0.862158 
36.34 0.862158 
36.35 0.862158 
36.36 0.862158 
36.37 0.862158 
36.38 0.862158 
36.39 0.862158 
36.4 0.862158 
36.41 0.862158 
36.42 0.862158 
36.43 0.862158 
36.44 0.862158 
36.45 0.862158 
36.46 0.862158 
36.47 0.862158 
36.48 0.862158 
36.49 0.862158 
36.5 0.862158 
36.51 0.862158 
36.52 0.862158 
36.53 0.862158 
36.54 0.862158 
36.55 0.862158 
36.56 0.862158 
36.57 0.862158 
36.58 0.862158 
36.59 0.862158 
36.6 0.862158 
36.61 0.862158 
36.62 0.862158 
36.63 0.862158 
36.64 0.862158 
36.65 0.862159 
36.66 0.862159 
36.67 0.862159 
36.68 0.862159 
36.69 0.862159 
36.7 0.862159 
36.71 0.862159 
36.72 0.862159 
36.73 0.862159 
36.74 0.862159 
36.75 0.862159 
36.76 0.862159 
36.77 0.862159 
36.78 0.862159 
36.79 0.862159 
36.8 0.862159 
36.81 0.862159 
36.82 0.862159 
36.83 0.862159 
36.84 0.862159 
36.85 0.862159 
36.86 0.862159 
36.87 0.862159 
36.88 0.862159 
36.89 0.862159 
36.9 0.862159 
36.91 0.862159 
36.92 0.862159 
36.93 0.862159 
36.94 0.862159 
36.95 0.862159 
36.96 0.862159 
36.97 0.862159 
36.98 0.862159 
36.99 0.862159 
37 0.862159 
37.01 0.862159 
37.02 0.862159 
37.03 0.862159 
37.04 0.862159 
37.05 0.862159 
37.06 0.862159 
37.07 0.862159 
37.08 0.862159 
37.09 0.862159 
37.1 0.862159 
37.11 0.862159 
37.12 0.862159 
37.13 0.862159 
37.14 0.862159 
37.15 0.862159 
37.16 0.862159 
37.17 0.862159 
37.18 0.862159 
37.19 0.862159 
37.2 0.862159 
37.21 0.862159 
37.22 0.862159 
37.23 0.862159 
37.24 0.862159 
37.25 0.862159 
37.26 0.862159 
37.27 0.862159 
37.28 0.862159 
37.29 0.862159 
37.3 0.862159 
37.31 0.862159 
37.32 0.862159 
37.33 0.862159 
37.34 0.862159 
37.35 0.862159 
37.36 0.862159 
37.37 0.862159 
37.38 0.862159 
37.39 0.862159 
37.4 0.862159 
37.41 0.862159 
37.42 0.862159 
37.43 0.862159 
37.44 0.862159 
37.45 0.862159 
37.46 0.862159 
37.47 0.862159 
37.48 0.862159 
37.49 0.862159 
37.5 0.862159 
37.51 0.862159 
37.52 0.862159 
37.53 0.862159 
37.54 0.862159 
37.55 0.862159 
37.56 0.862159 
37.57 0.862159 
37.58 0.862159 
37.59 0.862159 
37.6 0.862159 
37.61 0.862159 
37.62 0.862159 
37.63 0.862159 
37.64 0.862159 
37.65 0.862159 
37.66 0.862159 
37.67 0.862159 
37.68 0.862159 
37.69 0.862159 
37.7 0.862159 
37.71 0.862159 
37.72 0.862159 
37.73 0.862159 
37.74 0.862159 
37.75 0.862159 
37.76 0.862159 
37.77 0.862159 
37.78 0.862159 
37.79 0.862159 
37.8 0.862159 
37.81 0.862159 
37.82 0.862159 
37.83 0.862159 
37.84 0.862159 
37.85 0.862159 
37.86 0.862159 
37.87 0.862159 
37.88 0.862159 
37.89 0.862159 
37.9 0.862159 
37.91 0.862159 
37.92 0.862159 
37.93 0.862159 
37.94 0.862159 
37.95 0.862159 
37.96 0.862159 
37.97 0.862159 
37.98 0.862159 
37.99 0.862159 
38 0.862159 
38.01 0.862159 
38.02 0.862159 
38.03 0.862159 
38.04 0.862159 
38.05 0.862159 
38.06 0.862159 
38.07 0.862159 
38.08 0.862159 
38.09 0.862159 
38.1 0.862159 
38.11 0.862159 
38.12 0.862159 
38.13 0.862159 
38.14 0.862159 
38.15 0.862159 
38.16 0.862159 
38.17 0.862159 
38.18 0.862159 
38.19 0.862159 
38.2 0.862159 
38.21 0.862159 
38.22 0.862159 
38.23 0.862159 
38.24 0.862159 
38.25 0.862159 
38.26 0.862159 
38.27 0.862159 
38.28 0.862159 
38.29 0.862159 
38.3 0.862159 
38.31 0.862159 
38.32 0.862159 
38.33 0.862159 
38.34 0.862159 
38.35 0.862159 
38.36 0.862159 
38.37 0.862159 
38.38 0.862159 
38.39 0.862159 
38.4 0.862159 
38.41 0.862159 
38.42 0.862159 
38.43 0.862159 
38.44 0.862159 
38.45 0.862159 
38.46 0.862159 
38.47 0.862159 
38.48 0.862159 
38.49 0.862159 
38.5 0.862159 
38.51 0.862159 
38.52 0.862159 
38.53 0.862159 
38.54 0.862159 
38.55 0.862159 
38.56 0.862159 
38.57 0.862159 
38.58 0.862159 
38.59 0.862159 
38.6 0.862159 
38.61 0.862159 
38.62 0.862159 
38.63 0.862159 
38.64 0.862159 
38.65 0.862159 
38.66 0.862159 
38.67 0.862159 
38.68 0.862159 
38.69 0.862159 
38.7 0.862159 
38.71 0.862159 
38.72 0.862159 
38.73 0.862159 
38.74 0.862159 
38.75 0.862159 
38.76 0.862159 
38.77 0.862159 
38.78 0.862159 
38.79 0.862159 
38.8 0.862159 
38.81 0.862159 
38.82 0.862159 
38.83 0.862159 
38.84 0.862159 
38.85 0.862159 
38.86 0.862159 
38.87 0.862159 
38.88 0.862159 
38.89 0.862159 
38.9 0.862159 
38.91 0.862159 
38.92 0.862159 
38.93 0.862159 
38.94 0.862159 
38.95 0.862159 
38.96 0.862159 
38.97 0.862159 
38.98 0.862159 
38.99 0.862159 
39 0.862159 
39.01 0.862159 
39.02 0.862159 
39.03 0.862159 
39.04 0.862159 
39.05 0.862159 
39.06 0.862159 
39.07 0.862159 
39.08 0.862159 
39.09 0.862159 
39.1 0.862159 
39.11 0.862159 
39.12 0.862159 
39.13 0.862159 
39.14 0.862159 
39.15 0.862159 
39.16 0.862159 
39.17 0.862159 
39.18 0.862159 
39.19 0.862159 
39.2 0.862159 
39.21 0.862159 
39.22 0.862159 
39.23 0.862159 
39.24 0.862159 
39.25 0.862159 
39.26 0.862159 
39.27 0.862159 
39.28 0.862159 
39.29 0.862159 
39.3 0.862159 
39.31 0.862159 
39.32 0.862159 
39.33 0.862159 
39.34 0.862159 
39.35 0.862159 
39.36 0.862159 
39.37 0.862159 
39.38 0.862159 
39.39 0.862159 
39.4 0.862159 
39.41 0.862159 
39.42 0.862159 
39.43 0.862159 
39.44 0.862159 
39.45 0.862159 
39.46 0.862159 
39.47 0.862159 
39.48 0.862159 
39.49 0.862159 
39.5 0.862159 
39.51 0.862159 
39.52 0.862159 
39.53 0.862159 
39.54 0.862159 
39.55 0.862159 
39.56 0.862159 
39.57 0.862159 
39.58 0.862159 
39.59 0.862159 
39.6 0.862159 
39.61 0.862159 
39.62 0.862159 
39.63 0.862159 
39.64 0.862159 
39.65 0.862159 
39.66 0.862159 
39.67 0.862159 
39.68 0.862159 
39.69 0.862159 
39.7 0.862159 
39.71 0.862159 
39.72 0.862159 
39.73 0.862159 
39.74 0.862159 
39.75 0.862159 
39.76 0.862159 
39.77 0.862159 
39.78 0.862159 
39.79 0.862159 
39.8 0.862159 
39.81 0.862159 
39.82 0.86216 
39.83 0.86216 
39.84 0.86216 
39.85 0.86216 
39.86 0.86216 
39.87 0.86216 
39.88 0.86216 
39.89 0.86216 
39.9 0.86216 
39.91 0.86216 
39.92 0.86216 
39.93 0.86216 
39.94 0.86216 
39.95 0.86216 
39.96 0.86216 
39.97 0.86216 
39.98 0.86216 
39.99 0.86216 
40 0.86216 
40.01 0.86216 
40.02 0.86216 
40.03 0.86216 
40.04 0.86216 
40.05 0.86216 
40.06 0.86216 
40.07 0.86216 
40.08 0.86216 
40.09 0.86216 
40.1 0.86216 
40.11 0.86216 
40.12 0.86216 
40.13 0.86216 
40.14 0.86216 
40.15 0.86216 
40.16 0.86216 
40.17 0.86216 
40.18 0.86216 
40.19 0.86216 
40.2 0.86216 
40.21 0.86216 
40.22 0.86216 
40.23 0.86216 
40.24 0.86216 
40.25 0.86216 
40.26 0.86216 
40.27 0.86216 
40.28 0.86216 
40.29 0.86216 
40.3 0.86216 
40.31 0.86216 
40.32 0.86216 
40.33 0.86216 
40.34 0.86216 
40.35 0.86216 
40.36 0.86216 
40.37 0.86216 
40.38 0.86216 
40.39 0.86216 
40.4 0.86216 
40.41 0.86216 
40.42 0.86216 
40.43 0.86216 
40.44 0.86216 
40.45 0.86216 
40.46 0.86216 
40.47 0.86216 
40.48 0.86216 
40.49 0.86216 
40.5 0.86216 
40.51 0.86216 
40.52 0.86216 
40.53 0.86216 
40.54 0.86216 
40.55 0.86216 
40.56 0.86216 
40.57 0.86216 
40.58 0.86216 
40.59 0.86216 
40.6 0.86216 
40.61 0.86216 
40.62 0.86216 
40.63 0.86216 
40.64 0.86216 
40.65 0.86216 
40.66 0.86216 
40.67 0.86216 
40.68 0.86216 
40.69 0.86216 
40.7 0.86216 
40.71 0.86216 
40.72 0.86216 
40.73 0.86216 
40.74 0.86216 
40.75 0.86216 
40.76 0.86216 
40.77 0.86216 
40.78 0.86216 
40.79 0.86216 
40.8 0.86216 
40.81 0.86216 
40.82 0.86216 
40.83 0.86216 
40.84 0.86216 
40.85 0.86216 
40.86 0.86216 
40.87 0.86216 
40.88 0.86216 
40.89 0.86216 
40.9 0.86216 
40.91 0.86216 
40.92 0.86216 
40.93 0.86216 
40.94 0.86216 
40.95 0.86216 
40.96 0.86216 
40.97 0.86216 
40.98 0.86216 
40.99 0.86216 
41 0.86216 
41.01 0.86216 
41.02 0.86216 
41.03 0.86216 
41.04 0.86216 
41.05 0.86216 
41.06 0.86216 
41.07 0.86216 
41.08 0.86216 
41.09 0.86216 
41.1 0.86216 
41.11 0.86216 
41.12 0.86216 
41.13 0.86216 
41.14 0.86216 
41.15 0.86216 
41.16 0.86216 
41.17 0.86216 
41.18 0.86216 
41.19 0.86216 
41.2 0.86216 
41.21 0.86216 
41.22 0.86216 
41.23 0.86216 
41.24 0.86216 
41.25 0.86216 
41.26 0.86216 
41.27 0.86216 
41.28 0.86216 
41.29 0.86216 
41.3 0.86216 
41.31 0.86216 
41.32 0.86216 
41.33 0.86216 
41.34 0.86216 
41.35 0.86216 
41.36 0.86216 
41.37 0.86216 
41.38 0.86216 
41.39 0.86216 
41.4 0.86216 
41.41 0.86216 
41.42 0.86216 
41.43 0.86216 
41.44 0.86216 
41.45 0.86216 
41.46 0.86216 
41.47 0.86216 
41.48 0.86216 
41.49 0.86216 
41.5 0.86216 
41.51 0.86216 
41.52 0.86216 
41.53 0.86216 
41.54 0.86216 
41.55 0.86216 
41.56 0.86216 
41.57 0.86216 
41.58 0.86216 
41.59 0.86216 
41.6 0.86216 
41.61 0.86216 
41.62 0.86216 
41.63 0.86216 
41.64 0.86216 
41.65 0.86216 
41.66 0.86216 
41.67 0.86216 
41.68 0.86216 
41.69 0.86216 
41.7 0.86216 
41.71 0.86216 
41.72 0.86216 
41.73 0.86216 
41.74 0.86216 
41.75 0.86216 
41.76 0.86216 
41.77 0.86216 
41.78 0.86216 
41.79 0.86216 
41.8 0.86216 
41.81 0.86216 
41.82 0.86216 
41.83 0.86216 
41.84 0.86216 
41.85 0.86216 
41.86 0.86216 
41.87 0.86216 
41.88 0.86216 
41.89 0.86216 
41.9 0.86216 
41.91 0.86216 
41.92 0.86216 
41.93 0.86216 
41.94 0.86216 
41.95 0.86216 
41.96 0.86216 
41.97 0.86216 
41.98 0.86216 
41.99 0.86216 
42 0.86216 
42.01 0.86216 
42.02 0.86216 
42.03 0.86216 
42.04 0.86216 
42.05 0.86216 
42.06 0.86216 
42.07 0.86216 
42.08 0.86216 
42.09 0.86216 
42.1 0.86216 
42.11 0.86216 
42.12 0.86216 
42.13 0.86216 
42.14 0.86216 
42.15 0.86216 
42.16 0.86216 
42.17 0.86216 
42.18 0.86216 
42.19 0.86216 
42.2 0.86216 
42.21 0.86216 
42.22 0.86216 
42.23 0.86216 
42.24 0.86216 
42.25 0.86216 
42.26 0.86216 
42.27 0.86216 
42.28 0.86216 
42.29 0.86216 
42.3 0.86216 
42.31 0.86216 
42.32 0.86216 
42.33 0.86216 
42.34 0.86216 
42.35 0.86216 
42.36 0.86216 
42.37 0.86216 
42.38 0.86216 
42.39 0.86216 
42.4 0.86216 
42.41 0.86216 
42.42 0.86216 
42.43 0.86216 
42.44 0.86216 
42.45 0.86216 
42.46 0.86216 
42.47 0.86216 
42.48 0.86216 
42.49 0.86216 
42.5 0.86216 
42.51 0.86216 
42.52 0.86216 
42.53 0.86216 
42.54 0.86216 
42.55 0.86216 
42.56 0.86216 
42.57 0.86216 
42.58 0.86216 
42.59 0.86216 
42.6 0.86216 
42.61 0.86216 
42.62 0.86216 
42.63 0.86216 
42.64 0.86216 
42.65 0.86216 
42.66 0.86216 
42.67 0.86216 
42.68 0.86216 
42.69 0.86216 
42.7 0.86216 
42.71 0.86216 
42.72 0.86216 
42.73 0.86216 
42.74 0.86216 
42.75 0.86216 
42.76 0.86216 
42.77 0.86216 
42.78 0.86216 
42.79 0.86216 
42.8 0.86216 
42.81 0.86216 
42.82 0.86216 
42.83 0.86216 
42.84 0.86216 
42.85 0.86216 
42.86 0.86216 
42.87 0.86216 
42.88 0.86216 
42.89 0.86216 
42.9 0.86216 
42.91 0.86216 
42.92 0.86216 
42.93 0.86216 
42.94 0.86216 
42.95 0.86216 
42.96 0.86216 
42.97 0.86216 
42.98 0.86216 
42.99 0.86216 
43 0.86216 
43.01 0.86216 
43.02 0.86216 
43.03 0.86216 
43.04 0.86216 
43.05 0.86216 
43.06 0.86216 
43.07 0.86216 
43.08 0.86216 
43.09 0.86216 
43.1 0.86216 
43.11 0.86216 
43.12 0.86216 
43.13 0.86216 
43.14 0.86216 
43.15 0.86216 
43.16 0.86216 
43.17 0.86216 
43.18 0.86216 
43.19 0.86216 
43.2 0.86216 
43.21 0.86216 
43.22 0.86216 
43.23 0.86216 
43.24 0.86216 
43.25 0.86216 
43.26 0.86216 
43.27 0.86216 
43.28 0.86216 
43.29 0.86216 
43.3 0.86216 
43.31 0.86216 
43.32 0.86216 
43.33 0.86216 
43.34 0.86216 
43.35 0.86216 
43.36 0.86216 
43.37 0.86216 
43.38 0.86216 
43.39 0.86216 
43.4 0.86216 
43.41 0.86216 
43.42 0.86216 
43.43 0.86216 
43.44 0.86216 
43.45 0.86216 
43.46 0.86216 
43.47 0.86216 
43.48 0.86216 
43.49 0.86216 
43.5 0.86216 
43.51 0.86216 
43.52 0.86216 
43.53 0.86216 
43.54 0.86216 
43.55 0.86216 
43.56 0.86216 
43.57 0.86216 
43.58 0.86216 
43.59 0.86216 
43.6 0.86216 
43.61 0.86216 
43.62 0.86216 
43.63 0.86216 
43.64 0.86216 
43.65 0.86216 
43.66 0.86216 
43.67 0.86216 
43.68 0.86216 
43.69 0.86216 
43.7 0.86216 
43.71 0.86216 
43.72 0.86216 
43.73 0.86216 
43.74 0.86216 
43.75 0.86216 
43.76 0.86216 
43.77 0.86216 
43.78 0.86216 
43.79 0.86216 
43.8 0.86216 
43.81 0.86216 
43.82 0.86216 
43.83 0.86216 
43.84 0.86216 
43.85 0.86216 
43.86 0.86216 
43.87 0.86216 
43.88 0.86216 
43.89 0.86216 
43.9 0.86216 
43.91 0.86216 
43.92 0.86216 
43.93 0.86216 
43.94 0.86216 
43.95 0.86216 
43.96 0.86216 
43.97 0.86216 
43.98 0.86216 
43.99 0.86216 
44 0.86216 
44.01 0.86216 
44.02 0.86216 
44.03 0.86216 
44.04 0.86216 
44.05 0.86216 
44.06 0.86216 
44.07 0.86216 
44.08 0.86216 
44.09 0.86216 
44.1 0.86216 
44.11 0.86216 
44.12 0.86216 
44.13 0.86216 
44.14 0.86216 
44.15 0.86216 
44.16 0.86216 
44.17 0.86216 
44.18 0.86216 
44.19 0.86216 
44.2 0.86216 
44.21 0.86216 
44.22 0.86216 
44.23 0.86216 
44.24 0.86216 
44.25 0.86216 
44.26 0.86216 
44.27 0.86216 
44.28 0.86216 
44.29 0.86216 
44.3 0.86216 
44.31 0.86216 
44.32 0.86216 
44.33 0.86216 
44.34 0.86216 
44.35 0.86216 
44.36 0.86216 
44.37 0.86216 
44.38 0.86216 
44.39 0.86216 
44.4 0.86216 
44.41 0.86216 
44.42 0.86216 
44.43 0.86216 
44.44 0.86216 
44.45 0.86216 
44.46 0.86216 
44.47 0.86216 
44.48 0.86216 
44.49 0.86216 
44.5 0.86216 
44.51 0.86216 
44.52 0.86216 
44.53 0.86216 
44.54 0.86216 
44.55 0.86216 
44.56 0.86216 
44.57 0.86216 
44.58 0.86216 
44.59 0.86216 
44.6 0.86216 
44.61 0.86216 
44.62 0.86216 
44.63 0.86216 
44.64 0.86216 
44.65 0.86216 
44.66 0.86216 
44.67 0.86216 
44.68 0.86216 
44.69 0.86216 
44.7 0.86216 
44.71 0.86216 
44.72 0.86216 
44.73 0.86216 
44.74 0.86216 
44.75 0.86216 
44.76 0.86216 
44.77 0.86216 
44.78 0.86216 
44.79 0.86216 
44.8 0.86216 
44.81 0.86216 
44.82 0.86216 
44.83 0.86216 
44.84 0.86216 
44.85 0.86216 
44.86 0.86216 
44.87 0.86216 
44.88 0.86216 
44.89 0.86216 
44.9 0.86216 
44.91 0.86216 
44.92 0.86216 
44.93 0.86216 
44.94 0.86216 
44.95 0.86216 
44.96 0.86216 
44.97 0.86216 
44.98 0.86216 
44.99 0.86216 
45 0.86216 
45.01 0.86216 
45.02 0.86216 
45.03 0.86216 
45.04 0.86216 
45.05 0.86216 
45.06 0.86216 
45.07 0.86216 
45.08 0.86216 
45.09 0.86216 
45.1 0.86216 
45.11 0.86216 
45.12 0.86216 
45.13 0.86216 
45.14 0.86216 
45.15 0.86216 
45.16 0.86216 
45.17 0.86216 
45.18 0.86216 
45.19 0.86216 
45.2 0.86216 
45.21 0.86216 
45.22 0.86216 
45.23 0.86216 
45.24 0.86216 
45.25 0.86216 
45.26 0.86216 
45.27 0.86216 
45.28 0.86216 
45.29 0.86216 
45.3 0.86216 
45.31 0.86216 
45.32 0.86216 
45.33 0.86216 
45.34 0.86216 
45.35 0.86216 
45.36 0.86216 
45.37 0.86216 
45.38 0.86216 
45.39 0.86216 
45.4 0.86216 
45.41 0.86216 
45.42 0.86216 
45.43 0.86216 
45.44 0.86216 
45.45 0.86216 
45.46 0.86216 
45.47 0.86216 
45.48 0.86216 
45.49 0.86216 
45.5 0.86216 
45.51 0.86216 
45.52 0.86216 
45.53 0.86216 
45.54 0.86216 
45.55 0.86216 
45.56 0.86216 
45.57 0.86216 
45.58 0.86216 
45.59 0.86216 
45.6 0.86216 
45.61 0.86216 
45.62 0.86216 
45.63 0.86216 
45.64 0.86216 
45.65 0.86216 
45.66 0.86216 
45.67 0.86216 
45.68 0.86216 
45.69 0.86216 
45.7 0.86216 
45.71 0.86216 
45.72 0.86216 
45.73 0.86216 
45.74 0.86216 
45.75 0.86216 
45.76 0.86216 
45.77 0.86216 
45.78 0.86216 
45.79 0.86216 
45.8 0.86216 
45.81 0.86216 
45.82 0.86216 
45.83 0.86216 
45.84 0.86216 
45.85 0.86216 
45.86 0.86216 
45.87 0.86216 
45.88 0.86216 
45.89 0.86216 
45.9 0.86216 
45.91 0.86216 
45.92 0.86216 
45.93 0.86216 
45.94 0.86216 
45.95 0.86216 
45.96 0.86216 
45.97 0.86216 
45.98 0.86216 
45.99 0.86216 
46 0.86216 
46.01 0.86216 
46.02 0.86216 
46.03 0.86216 
46.04 0.86216 
46.05 0.86216 
46.06 0.86216 
46.07 0.86216 
46.08 0.86216 
46.09 0.86216 
46.1 0.86216 
46.11 0.86216 
46.12 0.86216 
46.13 0.86216 
46.14 0.86216 
46.15 0.86216 
46.16 0.86216 
46.17 0.86216 
46.18 0.86216 
46.19 0.86216 
46.2 0.86216 
46.21 0.86216 
46.22 0.86216 
46.23 0.86216 
46.24 0.86216 
46.25 0.86216 
46.26 0.86216 
46.27 0.86216 
46.28 0.86216 
46.29 0.86216 
46.3 0.86216 
46.31 0.86216 
46.32 0.86216 
46.33 0.86216 
46.34 0.86216 
46.35 0.86216 
46.36 0.86216 
46.37 0.86216 
46.38 0.86216 
46.39 0.86216 
46.4 0.86216 
46.41 0.86216 
46.42 0.86216 
46.43 0.86216 
46.44 0.86216 
46.45 0.86216 
46.46 0.86216 
46.47 0.86216 
46.48 0.86216 
46.49 0.86216 
46.5 0.86216 
46.51 0.86216 
46.52 0.86216 
46.53 0.86216 
46.54 0.86216 
46.55 0.86216 
46.56 0.86216 
46.57 0.86216 
46.58 0.86216 
46.59 0.86216 
46.6 0.86216 
46.61 0.86216 
46.62 0.86216 
46.63 0.86216 
46.64 0.86216 
46.65 0.86216 
46.66 0.86216 
46.67 0.86216 
46.68 0.86216 
46.69 0.86216 
46.7 0.86216 
46.71 0.86216 
46.72 0.86216 
46.73 0.86216 
46.74 0.86216 
46.75 0.86216 
46.76 0.86216 
46.77 0.86216 
46.78 0.86216 
46.79 0.86216 
46.8 0.86216 
46.81 0.86216 
46.82 0.86216 
46.83 0.86216 
46.84 0.86216 
46.85 0.86216 
46.86 0.86216 
46.87 0.86216 
46.88 0.86216 
46.89 0.86216 
46.9 0.86216 
46.91 0.86216 
46.92 0.86216 
46.93 0.86216 
46.94 0.86216 
46.95 0.86216 
46.96 0.86216 
46.97 0.86216 
46.98 0.86216 
46.99 0.86216 
47 0.86216 
47.01 0.86216 
47.02 0.86216 
47.03 0.86216 
47.04 0.86216 
47.05 0.86216 
47.06 0.86216 
47.07 0.86216 
47.08 0.86216 
47.09 0.86216 
47.1 0.86216 
47.11 0.86216 
47.12 0.86216 
47.13 0.86216 
47.14 0.86216 
47.15 0.86216 
47.16 0.86216 
47.17 0.86216 
47.18 0.86216 
47.19 0.86216 
47.2 0.86216 
47.21 0.86216 
47.22 0.86216 
47.23 0.86216 
47.24 0.86216 
47.25 0.86216 
47.26 0.86216 
47.27 0.86216 
47.28 0.86216 
47.29 0.86216 
47.3 0.86216 
47.31 0.86216 
47.32 0.86216 
47.33 0.86216 
47.34 0.86216 
47.35 0.86216 
47.36 0.86216 
47.37 0.86216 
47.38 0.86216 
47.39 0.86216 
47.4 0.86216 
47.41 0.86216 
47.42 0.86216 
47.43 0.86216 
47.44 0.86216 
47.45 0.86216 
47.46 0.86216 
47.47 0.86216 
47.48 0.86216 
47.49 0.86216 
47.5 0.86216 
47.51 0.86216 
47.52 0.86216 
47.53 0.86216 
47.54 0.86216 
47.55 0.86216 
47.56 0.86216 
47.57 0.86216 
47.58 0.86216 
47.59 0.86216 
47.6 0.86216 
47.61 0.86216 
47.62 0.86216 
47.63 0.86216 
47.64 0.86216 
47.65 0.86216 
47.66 0.86216 
47.67 0.86216 
47.68 0.86216 
47.69 0.86216 
47.7 0.86216 
47.71 0.86216 
47.72 0.86216 
47.73 0.86216 
47.74 0.86216 
47.75 0.86216 
47.76 0.86216 
47.77 0.86216 
47.78 0.86216 
47.79 0.86216 
47.8 0.86216 
47.81 0.86216 
47.82 0.86216 
47.83 0.86216 
47.84 0.86216 
47.85 0.86216 
47.86 0.86216 
47.87 0.86216 
47.88 0.86216 
47.89 0.86216 
47.9 0.86216 
47.91 0.86216 
47.92 0.86216 
47.93 0.86216 
47.94 0.86216 
47.95 0.86216 
47.96 0.86216 
47.97 0.86216 
47.98 0.86216 
47.99 0.86216 
48 0.86216 
48.01 0.86216 
48.02 0.86216 
48.03 0.86216 
48.04 0.86216 
48.05 0.86216 
48.06 0.86216 
48.07 0.86216 
48.08 0.86216 
48.09 0.86216 
48.1 0.86216 
48.11 0.86216 
48.12 0.86216 
48.13 0.86216 
48.14 0.86216 
48.15 0.86216 
48.16 0.86216 
48.17 0.86216 
48.18 0.86216 
48.19 0.86216 
48.2 0.86216 
48.21 0.86216 
48.22 0.86216 
48.23 0.86216 
48.24 0.86216 
48.25 0.86216 
48.26 0.86216 
48.27 0.86216 
48.28 0.86216 
48.29 0.86216 
48.3 0.86216 
48.31 0.86216 
48.32 0.86216 
48.33 0.86216 
48.34 0.86216 
48.35 0.86216 
48.36 0.86216 
48.37 0.86216 
48.38 0.86216 
48.39 0.86216 
48.4 0.86216 
48.41 0.86216 
48.42 0.86216 
48.43 0.86216 
48.44 0.86216 
48.45 0.86216 
48.46 0.86216 
48.47 0.86216 
48.48 0.86216 
48.49 0.86216 
48.5 0.86216 
48.51 0.86216 
48.52 0.86216 
48.53 0.86216 
48.54 0.86216 
48.55 0.86216 
48.56 0.86216 
48.57 0.86216 
48.58 0.86216 
48.59 0.86216 
48.6 0.86216 
48.61 0.86216 
48.62 0.86216 
48.63 0.86216 
48.64 0.86216 
48.65 0.86216 
48.66 0.86216 
48.67 0.86216 
48.68 0.86216 
48.69 0.86216 
48.7 0.86216 
48.71 0.86216 
48.72 0.86216 
48.73 0.86216 
48.74 0.86216 
48.75 0.86216 
48.76 0.86216 
48.77 0.86216 
48.78 0.86216 
48.79 0.86216 
48.8 0.86216 
48.81 0.86216 
48.82 0.86216 
48.83 0.86216 
48.84 0.86216 
48.85 0.86216 
48.86 0.86216 
48.87 0.86216 
48.88 0.86216 
48.89 0.86216 
48.9 0.86216 
48.91 0.86216 
48.92 0.86216 
48.93 0.86216 
48.94 0.86216 
48.95 0.86216 
48.96 0.86216 
48.97 0.86216 
48.98 0.86216 
48.99 0.86216 
49 0.86216 
49.01 0.86216 
49.02 0.86216 
49.03 0.86216 
49.04 0.86216 
49.05 0.86216 
49.06 0.86216 
49.07 0.86216 
49.08 0.86216 
49.09 0.86216 
49.1 0.86216 
49.11 0.86216 
49.12 0.86216 
49.13 0.86216 
49.14 0.86216 
49.15 0.86216 
49.16 0.86216 
49.17 0.86216 
49.18 0.86216 
49.19 0.86216 
49.2 0.86216 
49.21 0.86216 
49.22 0.86216 
49.23 0.86216 
49.24 0.86216 
49.25 0.86216 
49.26 0.86216 
49.27 0.86216 
49.28 0.86216 
49.29 0.86216 
49.3 0.86216 
49.31 0.86216 
49.32 0.86216 
49.33 0.86216 
49.34 0.86216 
49.35 0.86216 
49.36 0.86216 
49.37 0.86216 
49.38 0.86216 
49.39 0.86216 
49.4 0.86216 
49.41 0.86216 
49.42 0.86216 
49.43 0.86216 
49.44 0.86216 
49.45 0.86216 
49.46 0.86216 
49.47 0.86216 
49.48 0.86216 
49.49 0.86216 
49.5 0.86216 
49.51 0.86216 
49.52 0.86216 
49.53 0.86216 
49.54 0.86216 
49.55 0.86216 
49.56 0.86216 
49.57 0.86216 
49.58 0.86216 
49.59 0.86216 
49.6 0.86216 
49.61 0.86216 
49.62 0.86216 
49.63 0.86216 
49.64 0.86216 
49.65 0.86216 
49.66 0.86216 
49.67 0.86216 
49.68 0.86216 
49.69 0.86216 
49.7 0.86216 
49.71 0.86216 
49.72 0.86216 
49.73 0.86216 
49.74 0.86216 
49.75 0.86216 
49.76 0.86216 
49.77 0.86216 
49.78 0.86216 
49.79 0.86216 
49.8 0.86216 
49.81 0.86216 
49.82 0.86216 
49.83 0.86216 
49.84 0.86216 
49.85 0.86216 
49.86 0.86216 
49.87 0.86216 
49.88 0.86216 
49.89 0.86216 
49.9 0.86216 
49.91 0.86216 
49.92 0.86216 
49.93 0.86216 
49.94 0.86216 
49.95 0.86216 
49.96 0.86216 
49.97 0.86216 
49.98 0.86216 
49.99 0.86216 
50 0.86216 
