0 0.499 
0.01 0.498992 
0.02 0.498984 
0.03 0.498976 
0.04 0.498968 
0.05 0.49896 
0.06 0.498952 
0.07 0.498943 
0.08 0.498935 
0.09 0.498926 
0.1 0.498918 
0.11 0.498909 
0.12 0.498901 
0.13 0.498892 
0.14 0.498883 
0.15 0.498874 
0.16 0.498865 
0.17 0.498856 
0.18 0.498847 
0.19 0.498838 
0.2 0.498829 
0.21 0.49882 
0.22 0.49881 
0.23 0.498801 
0.24 0.498792 
0.25 0.498782 
0.26 0.498772 
0.27 0.498763 
0.28 0.498753 
0.29 0.498743 
0.3 0.498733 
0.31 0.498723 
0.32 0.498713 
0.33 0.498703 
0.34 0.498692 
0.35 0.498682 
0.36 0.498672 
0.37 0.498661 
0.38 0.49865 
0.39 0.49864 
0.4 0.498629 
0.41 0.498618 
0.42 0.498607 
0.43 0.498596 
0.44 0.498585 
0.45 0.498574 
0.46 0.498562 
0.47 0.498551 
0.48 0.49854 
0.49 0.498528 
0.5 0.498516 
0.51 0.498505 
0.52 0.498493 
0.53 0.498481 
0.54 0.498469 
0.55 0.498457 
0.56 0.498444 
0.57 0.498432 
0.58 0.49842 
0.59 0.498407 
0.6 0.498395 
0.61 0.498382 
0.62 0.498369 
0.63 0.498356 
0.64 0.498343 
0.65 0.49833 
0.66 0.498317 
0.67 0.498303 
0.68 0.49829 
0.69 0.498276 
0.7 0.498263 
0.71 0.498249 
0.72 0.498235 
0.73 0.498221 
0.74 0.498207 
0.75 0.498193 
0.76 0.498179 
0.77 0.498164 
0.78 0.49815 
0.79 0.498135 
0.8 0.49812 
0.81 0.498105 
0.82 0.49809 
0.83 0.498075 
0.84 0.49806 
0.85 0.498045 
0.86 0.498029 
0.87 0.498013 
0.88 0.497998 
0.89 0.497982 
0.9 0.497966 
0.91 0.49795 
0.92 0.497934 
0.93 0.497917 
0.94 0.497901 
0.95 0.497884 
0.96 0.497867 
0.97 0.49785 
0.98 0.497833 
0.99 0.497816 
1 0.497799 
1.01 0.497782 
1.02 0.497764 
1.03 0.497746 
1.04 0.497728 
1.05 0.49771 
1.06 0.497692 
1.07 0.497674 
1.08 0.497656 
1.09 0.497637 
1.1 0.497618 
1.11 0.497599 
1.12 0.49758 
1.13 0.497561 
1.14 0.497542 
1.15 0.497522 
1.16 0.497503 
1.17 0.497483 
1.18 0.497463 
1.19 0.497443 
1.2 0.497423 
1.21 0.497402 
1.22 0.497382 
1.23 0.497361 
1.24 0.49734 
1.25 0.497319 
1.26 0.497298 
1.27 0.497276 
1.28 0.497255 
1.29 0.497233 
1.3 0.497211 
1.31 0.497189 
1.32 0.497167 
1.33 0.497144 
1.34 0.497122 
1.35 0.497099 
1.36 0.497076 
1.37 0.497053 
1.38 0.49703 
1.39 0.497006 
1.4 0.496982 
1.41 0.496958 
1.42 0.496934 
1.43 0.49691 
1.44 0.496886 
1.45 0.496861 
1.46 0.496836 
1.47 0.496811 
1.48 0.496786 
1.49 0.49676 
1.5 0.496735 
1.51 0.496709 
1.52 0.496683 
1.53 0.496656 
1.54 0.49663 
1.55 0.496603 
1.56 0.496576 
1.57 0.496549 
1.58 0.496522 
1.59 0.496494 
1.6 0.496467 
1.61 0.496439 
1.62 0.49641 
1.63 0.496382 
1.64 0.496353 
1.65 0.496324 
1.66 0.496295 
1.67 0.496266 
1.68 0.496236 
1.69 0.496207 
1.7 0.496177 
1.71 0.496146 
1.72 0.496116 
1.73 0.496085 
1.74 0.496054 
1.75 0.496023 
1.76 0.495991 
1.77 0.49596 
1.78 0.495928 
1.79 0.495895 
1.8 0.495863 
1.81 0.49583 
1.82 0.495797 
1.83 0.495764 
1.84 0.49573 
1.85 0.495696 
1.86 0.495662 
1.87 0.495628 
1.88 0.495593 
1.89 0.495558 
1.9 0.495523 
1.91 0.495488 
1.92 0.495452 
1.93 0.495416 
1.94 0.49538 
1.95 0.495343 
1.96 0.495306 
1.97 0.495269 
1.98 0.495232 
1.99 0.495194 
2 0.495156 
2.01 0.495118 
2.02 0.495079 
2.03 0.49504 
2.04 0.495001 
2.05 0.494961 
2.06 0.494921 
2.07 0.494881 
2.08 0.49484 
2.09 0.4948 
2.1 0.494758 
2.11 0.494717 
2.12 0.494675 
2.13 0.494633 
2.14 0.49459 
2.15 0.494548 
2.16 0.494504 
2.17 0.494461 
2.18 0.494417 
2.19 0.494373 
2.2 0.494328 
2.21 0.494283 
2.22 0.494238 
2.23 0.494193 
2.24 0.494147 
2.25 0.4941 
2.26 0.494054 
2.27 0.494007 
2.28 0.493959 
2.29 0.493911 
2.3 0.493863 
2.31 0.493814 
2.32 0.493766 
2.33 0.493716 
2.34 0.493666 
2.35 0.493616 
2.36 0.493566 
2.37 0.493515 
2.38 0.493464 
2.39 0.493412 
2.4 0.49336 
2.41 0.493307 
2.42 0.493254 
2.43 0.493201 
2.44 0.493147 
2.45 0.493093 
2.46 0.493038 
2.47 0.492983 
2.48 0.492927 
2.49 0.492871 
2.5 0.492815 
2.51 0.492758 
2.52 0.492701 
2.53 0.492643 
2.54 0.492585 
2.55 0.492526 
2.56 0.492467 
2.57 0.492407 
2.58 0.492347 
2.59 0.492287 
2.6 0.492226 
2.61 0.492164 
2.62 0.492102 
2.63 0.49204 
2.64 0.491977 
2.65 0.491913 
2.66 0.491849 
2.67 0.491785 
2.68 0.49172 
2.69 0.491654 
2.7 0.491588 
2.71 0.491522 
2.72 0.491455 
2.73 0.491387 
2.74 0.491319 
2.75 0.49125 
2.76 0.491181 
2.77 0.491111 
2.78 0.491041 
2.79 0.49097 
2.8 0.490899 
2.81 0.490827 
2.82 0.490754 
2.83 0.490681 
2.84 0.490607 
2.85 0.490533 
2.86 0.490458 
2.87 0.490383 
2.88 0.490307 
2.89 0.49023 
2.9 0.490153 
2.91 0.490075 
2.92 0.489996 
2.93 0.489917 
2.94 0.489838 
2.95 0.489757 
2.96 0.489676 
2.97 0.489595 
2.98 0.489512 
2.99 0.489429 
3 0.489346 
3.01 0.489262 
3.02 0.489177 
3.03 0.489091 
3.04 0.489005 
3.05 0.488918 
3.06 0.488831 
3.07 0.488742 
3.08 0.488653 
3.09 0.488564 
3.1 0.488473 
3.11 0.488382 
3.12 0.48829 
3.13 0.488198 
3.14 0.488105 
3.15 0.488011 
3.16 0.487916 
3.17 0.48782 
3.18 0.487724 
3.19 0.487627 
3.2 0.487529 
3.21 0.487431 
3.22 0.487332 
3.23 0.487232 
3.24 0.487131 
3.25 0.487029 
3.26 0.486927 
3.27 0.486823 
3.28 0.486719 
3.29 0.486614 
3.3 0.486509 
3.31 0.486402 
3.32 0.486295 
3.33 0.486187 
3.34 0.486078 
3.35 0.485968 
3.36 0.485857 
3.37 0.485745 
3.38 0.485633 
3.39 0.485519 
3.4 0.485405 
3.41 0.48529 
3.42 0.485174 
3.43 0.485057 
3.44 0.484939 
3.45 0.48482 
3.46 0.484701 
3.47 0.48458 
3.48 0.484458 
3.49 0.484336 
3.5 0.484212 
3.51 0.484088 
3.52 0.483962 
3.53 0.483836 
3.54 0.483708 
3.55 0.48358 
3.56 0.48345 
3.57 0.48332 
3.58 0.483188 
3.59 0.483056 
3.6 0.482922 
3.61 0.482788 
3.62 0.482652 
3.63 0.482515 
3.64 0.482378 
3.65 0.482239 
3.66 0.482099 
3.67 0.481958 
3.68 0.481816 
3.69 0.481673 
3.7 0.481528 
3.71 0.481383 
3.72 0.481236 
3.73 0.481089 
3.74 0.48094 
3.75 0.48079 
3.76 0.480639 
3.77 0.480486 
3.78 0.480333 
3.79 0.480178 
3.8 0.480022 
3.81 0.479865 
3.82 0.479707 
3.83 0.479547 
3.84 0.479386 
3.85 0.479224 
3.86 0.479061 
3.87 0.478896 
3.88 0.47873 
3.89 0.478563 
3.9 0.478395 
3.91 0.478225 
3.92 0.478054 
3.93 0.477882 
3.94 0.477708 
3.95 0.477533 
3.96 0.477357 
3.97 0.477179 
3.98 0.477 
3.99 0.476819 
4 0.476637 
4.01 0.476454 
4.02 0.47627 
4.03 0.476083 
4.04 0.475896 
4.05 0.475707 
4.06 0.475516 
4.07 0.475325 
4.08 0.475131 
4.09 0.474936 
4.1 0.47474 
4.11 0.474542 
4.12 0.474343 
4.13 0.474142 
4.14 0.47394 
4.15 0.473736 
4.16 0.47353 
4.17 0.473323 
4.18 0.473114 
4.19 0.472904 
4.2 0.472692 
4.21 0.472479 
4.22 0.472264 
4.23 0.472047 
4.24 0.471829 
4.25 0.471609 
4.26 0.471387 
4.27 0.471164 
4.28 0.470939 
4.29 0.470712 
4.3 0.470483 
4.31 0.470253 
4.32 0.470021 
4.33 0.469787 
4.34 0.469552 
4.35 0.469315 
4.36 0.469076 
4.37 0.468835 
4.38 0.468592 
4.39 0.468348 
4.4 0.468101 
4.41 0.467853 
4.42 0.467603 
4.43 0.467351 
4.44 0.467098 
4.45 0.466842 
4.46 0.466585 
4.47 0.466325 
4.48 0.466064 
4.49 0.4658 
4.5 0.465535 
4.51 0.465268 
4.52 0.464998 
4.53 0.464727 
4.54 0.464454 
4.55 0.464179 
4.56 0.463901 
4.57 0.463622 
4.58 0.46334 
4.59 0.463057 
4.6 0.462771 
4.61 0.462484 
4.62 0.462194 
4.63 0.461902 
4.64 0.461608 
4.65 0.461312 
4.66 0.461013 
4.67 0.460713 
4.68 0.46041 
4.69 0.460105 
4.7 0.459798 
4.71 0.459488 
4.72 0.459177 
4.73 0.458863 
4.74 0.458547 
4.75 0.458228 
4.76 0.457908 
4.77 0.457585 
4.78 0.457259 
4.79 0.456932 
4.8 0.456602 
4.81 0.456269 
4.82 0.455935 
4.83 0.455597 
4.84 0.455258 
4.85 0.454916 
4.86 0.454572 
4.87 0.454225 
4.88 0.453876 
4.89 0.453524 
4.9 0.45317 
4.91 0.452813 
4.92 0.452454 
4.93 0.452092 
4.94 0.451728 
4.95 0.451361 
4.96 0.450992 
4.97 0.45062 
4.98 0.450246 
4.99 0.449869 
5 0.44949 
5.01 0.449107 
5.02 0.448723 
5.03 0.448335 
5.04 0.447945 
5.05 0.447552 
5.06 0.447157 
5.07 0.446759 
5.08 0.446358 
5.09 0.445955 
5.1 0.445549 
5.11 0.44514 
5.12 0.444728 
5.13 0.444314 
5.14 0.443897 
5.15 0.443477 
5.16 0.443054 
5.17 0.442629 
5.18 0.442201 
5.19 0.44177 
5.2 0.441336 
5.21 0.440899 
5.22 0.44046 
5.23 0.440017 
5.24 0.439572 
5.25 0.439124 
5.26 0.438673 
5.27 0.43822 
5.28 0.437763 
5.29 0.437304 
5.3 0.436841 
5.31 0.436376 
5.32 0.435908 
5.33 0.435436 
5.34 0.434962 
5.35 0.434485 
5.36 0.434005 
5.37 0.433522 
5.38 0.433036 
5.39 0.432548 
5.4 0.432056 
5.41 0.431561 
5.42 0.431063 
5.43 0.430563 
5.44 0.430059 
5.45 0.429552 
5.46 0.429043 
5.47 0.42853 
5.48 0.428015 
5.49 0.427496 
5.5 0.426974 
5.51 0.42645 
5.52 0.425922 
5.53 0.425392 
5.54 0.424858 
5.55 0.424321 
5.56 0.423782 
5.57 0.423239 
5.58 0.422694 
5.59 0.422145 
5.6 0.421593 
5.61 0.421039 
5.62 0.420481 
5.63 0.419921 
5.64 0.419357 
5.65 0.418791 
5.66 0.418221 
5.67 0.417649 
5.68 0.417073 
5.69 0.416495 
5.7 0.415914 
5.71 0.415329 
5.72 0.414742 
5.73 0.414152 
5.74 0.413559 
5.75 0.412963 
5.76 0.412364 
5.77 0.411763 
5.78 0.411158 
5.79 0.41055 
5.8 0.40994 
5.81 0.409327 
5.82 0.408711 
5.83 0.408092 
5.84 0.40747 
5.85 0.406846 
5.86 0.406218 
5.87 0.405589 
5.88 0.404956 
5.89 0.40432 
5.9 0.403682 
5.91 0.403041 
5.92 0.402398 
5.93 0.401751 
5.94 0.401102 
5.95 0.400451 
5.96 0.399797 
5.97 0.39914 
5.98 0.398481 
5.99 0.397819 
6 0.397155 
6.01 0.396488 
6.02 0.395819 
6.03 0.395147 
6.04 0.394473 
6.05 0.393797 
6.06 0.393118 
6.07 0.392437 
6.08 0.391753 
6.09 0.391067 
6.1 0.390379 
6.11 0.389689 
6.12 0.388997 
6.13 0.388302 
6.14 0.387605 
6.15 0.386907 
6.16 0.386206 
6.17 0.385503 
6.18 0.384798 
6.19 0.384091 
6.2 0.383382 
6.21 0.382671 
6.22 0.381959 
6.23 0.381244 
6.24 0.380528 
6.25 0.37981 
6.26 0.37909 
6.27 0.378369 
6.28 0.377646 
6.29 0.376921 
6.3 0.376195 
6.31 0.375467 
6.32 0.374738 
6.33 0.374007 
6.34 0.373275 
6.35 0.372542 
6.36 0.371807 
6.37 0.371071 
6.38 0.370334 
6.39 0.369595 
6.4 0.368855 
6.41 0.368115 
6.42 0.367373 
6.43 0.36663 
6.44 0.365886 
6.45 0.365141 
6.46 0.364395 
6.47 0.363649 
6.48 0.362901 
6.49 0.362153 
6.5 0.361404 
6.51 0.360655 
6.52 0.359904 
6.53 0.359154 
6.54 0.358402 
6.55 0.35765 
6.56 0.356898 
6.57 0.356145 
6.58 0.355392 
6.59 0.354639 
6.6 0.353885 
6.61 0.353131 
6.62 0.352377 
6.63 0.351623 
6.64 0.350869 
6.65 0.350115 
6.66 0.34936 
6.67 0.348606 
6.68 0.347852 
6.69 0.347098 
6.7 0.346344 
6.71 0.34559 
6.72 0.344837 
6.73 0.344084 
6.74 0.343331 
6.75 0.342579 
6.76 0.341827 
6.77 0.341076 
6.78 0.340325 
6.79 0.339575 
6.8 0.338825 
6.81 0.338076 
6.82 0.337328 
6.83 0.33658 
6.84 0.335833 
6.85 0.335088 
6.86 0.334342 
6.87 0.333598 
6.88 0.332855 
6.89 0.332113 
6.9 0.331371 
6.91 0.330631 
6.92 0.329892 
6.93 0.329154 
6.94 0.328417 
6.95 0.327682 
6.96 0.326947 
6.97 0.326214 
6.98 0.325483 
6.99 0.324752 
7 0.324023 
7.01 0.323295 
7.02 0.322569 
7.03 0.321845 
7.04 0.321121 
7.05 0.3204 
7.06 0.319679 
7.07 0.318961 
7.08 0.318244 
7.09 0.317529 
7.1 0.316815 
7.11 0.316103 
7.12 0.315393 
7.13 0.314685 
7.14 0.313978 
7.15 0.313274 
7.16 0.312571 
7.17 0.31187 
7.18 0.311171 
7.19 0.310474 
7.2 0.309778 
7.21 0.309085 
7.22 0.308394 
7.23 0.307704 
7.24 0.307017 
7.25 0.306332 
7.26 0.305649 
7.27 0.304968 
7.28 0.304289 
7.29 0.303612 
7.3 0.302937 
7.31 0.302264 
7.32 0.301594 
7.33 0.300926 
7.34 0.30026 
7.35 0.299596 
7.36 0.298934 
7.37 0.298275 
7.38 0.297618 
7.39 0.296963 
7.4 0.29631 
7.41 0.29566 
7.42 0.295012 
7.43 0.294366 
7.44 0.293723 
7.45 0.293082 
7.46 0.292443 
7.47 0.291807 
7.48 0.291173 
7.49 0.290542 
7.5 0.289912 
7.51 0.289285 
7.52 0.288661 
7.53 0.288039 
7.54 0.287419 
7.55 0.286802 
7.56 0.286187 
7.57 0.285575 
7.58 0.284965 
7.59 0.284357 
7.6 0.283752 
7.61 0.283149 
7.62 0.282549 
7.63 0.281951 
7.64 0.281355 
7.65 0.280762 
7.66 0.280172 
7.67 0.279583 
7.68 0.278998 
7.69 0.278414 
7.7 0.277833 
7.71 0.277255 
7.72 0.276679 
7.73 0.276105 
7.74 0.275534 
7.75 0.274965 
7.76 0.274399 
7.77 0.273835 
7.78 0.273274 
7.79 0.272715 
7.8 0.272158 
7.81 0.271604 
7.82 0.271052 
7.83 0.270502 
7.84 0.269955 
7.85 0.269411 
7.86 0.268869 
7.87 0.268329 
7.88 0.267791 
7.89 0.267256 
7.9 0.266723 
7.91 0.266193 
7.92 0.265665 
7.93 0.265139 
7.94 0.264616 
7.95 0.264095 
7.96 0.263576 
7.97 0.26306 
7.98 0.262546 
7.99 0.262034 
8 0.261525 
8.01 0.261018 
8.02 0.260513 
8.03 0.26001 
8.04 0.25951 
8.05 0.259012 
8.06 0.258517 
8.07 0.258023 
8.08 0.257532 
8.09 0.257043 
8.1 0.256556 
8.11 0.256072 
8.12 0.255589 
8.13 0.255109 
8.14 0.254631 
8.15 0.254156 
8.16 0.253682 
8.17 0.253211 
8.18 0.252742 
8.19 0.252274 
8.2 0.25181 
8.21 0.251347 
8.22 0.250886 
8.23 0.250428 
8.24 0.249971 
8.25 0.249517 
8.26 0.249065 
8.27 0.248614 
8.28 0.248166 
8.29 0.24772 
8.3 0.247276 
8.31 0.246834 
8.32 0.246394 
8.33 0.245956 
8.34 0.245521 
8.35 0.245087 
8.36 0.244655 
8.37 0.244225 
8.38 0.243797 
8.39 0.243371 
8.4 0.242947 
8.41 0.242525 
8.42 0.242105 
8.43 0.241687 
8.44 0.24127 
8.45 0.240856 
8.46 0.240443 
8.47 0.240033 
8.48 0.239624 
8.49 0.239217 
8.5 0.238812 
8.51 0.238409 
8.52 0.238008 
8.53 0.237608 
8.54 0.237211 
8.55 0.236815 
8.56 0.236421 
8.57 0.236028 
8.58 0.235638 
8.59 0.235249 
8.6 0.234862 
8.61 0.234477 
8.62 0.234094 
8.63 0.233712 
8.64 0.233332 
8.65 0.232954 
8.66 0.232577 
8.67 0.232202 
8.68 0.231829 
8.69 0.231457 
8.7 0.231088 
8.71 0.230719 
8.72 0.230353 
8.73 0.229988 
8.74 0.229625 
8.75 0.229263 
8.76 0.228903 
8.77 0.228545 
8.78 0.228188 
8.79 0.227832 
8.8 0.227479 
8.81 0.227127 
8.82 0.226776 
8.83 0.226427 
8.84 0.22608 
8.85 0.225734 
8.86 0.225389 
8.87 0.225046 
8.88 0.224705 
8.89 0.224365 
8.9 0.224027 
8.91 0.22369 
8.92 0.223354 
8.93 0.223021 
8.94 0.222688 
8.95 0.222357 
8.96 0.222027 
8.97 0.221699 
8.98 0.221372 
8.99 0.221047 
9 0.220723 
9.01 0.2204 
9.02 0.220079 
9.03 0.219759 
9.04 0.219441 
9.05 0.219124 
9.06 0.218808 
9.07 0.218494 
9.08 0.218181 
9.09 0.217869 
9.1 0.217559 
9.11 0.21725 
9.12 0.216942 
9.13 0.216636 
9.14 0.216331 
9.15 0.216027 
9.16 0.215724 
9.17 0.215423 
9.18 0.215123 
9.19 0.214824 
9.2 0.214527 
9.21 0.214231 
9.22 0.213936 
9.23 0.213642 
9.24 0.213349 
9.25 0.213058 
9.26 0.212768 
9.27 0.212479 
9.28 0.212191 
9.29 0.211905 
9.3 0.211619 
9.31 0.211335 
9.32 0.211052 
9.33 0.21077 
9.34 0.210489 
9.35 0.21021 
9.36 0.209931 
9.37 0.209654 
9.38 0.209378 
9.39 0.209103 
9.4 0.208829 
9.41 0.208556 
9.42 0.208284 
9.43 0.208014 
9.44 0.207744 
9.45 0.207476 
9.46 0.207208 
9.47 0.206942 
9.48 0.206677 
9.49 0.206413 
9.5 0.20615 
9.51 0.205887 
9.52 0.205626 
9.53 0.205366 
9.54 0.205107 
9.55 0.204849 
9.56 0.204592 
9.57 0.204337 
9.58 0.204082 
9.59 0.203828 
9.6 0.203575 
9.61 0.203323 
9.62 0.203072 
9.63 0.202822 
9.64 0.202573 
9.65 0.202325 
9.66 0.202078 
9.67 0.201831 
9.68 0.201586 
9.69 0.201342 
9.7 0.201099 
9.71 0.200856 
9.72 0.200615 
9.73 0.200374 
9.74 0.200134 
9.75 0.199896 
9.76 0.199658 
9.77 0.199421 
9.78 0.199185 
9.79 0.19895 
9.8 0.198716 
9.81 0.198482 
9.82 0.19825 
9.83 0.198018 
9.84 0.197787 
9.85 0.197557 
9.86 0.197328 
9.87 0.1971 
9.88 0.196873 
9.89 0.196646 
9.9 0.196421 
9.91 0.196196 
9.92 0.195972 
9.93 0.195749 
9.94 0.195526 
9.95 0.195305 
9.96 0.195084 
9.97 0.194864 
9.98 0.194645 
9.99 0.194427 
10 0.194209 
10.01 0.193992 
10.02 0.193776 
10.03 0.193561 
10.04 0.193347 
10.05 0.193133 
10.06 0.19292 
10.07 0.192708 
10.08 0.192497 
10.09 0.192286 
10.1 0.192076 
10.11 0.191867 
10.12 0.191659 
10.13 0.191451 
10.14 0.191245 
10.15 0.191038 
10.16 0.190833 
10.17 0.190628 
10.18 0.190424 
10.19 0.190221 
10.2 0.190018 
10.21 0.189817 
10.22 0.189615 
10.23 0.189415 
10.24 0.189215 
10.25 0.189016 
10.26 0.188818 
10.27 0.18862 
10.28 0.188423 
10.29 0.188227 
10.3 0.188031 
10.31 0.187836 
10.32 0.187642 
10.33 0.187448 
10.34 0.187255 
10.35 0.187063 
10.36 0.186871 
10.37 0.18668 
10.38 0.18649 
10.39 0.1863 
10.4 0.186111 
10.41 0.185922 
10.42 0.185734 
10.43 0.185547 
10.44 0.18536 
10.45 0.185174 
10.46 0.184989 
10.47 0.184804 
10.48 0.18462 
10.49 0.184437 
10.5 0.184254 
10.51 0.184072 
10.52 0.18389 
10.53 0.183709 
10.54 0.183528 
10.55 0.183348 
10.56 0.183169 
10.57 0.18299 
10.58 0.182812 
10.59 0.182634 
10.6 0.182457 
10.61 0.182281 
10.62 0.182105 
10.63 0.18193 
10.64 0.181755 
10.65 0.181581 
10.66 0.181407 
10.67 0.181234 
10.68 0.181062 
10.69 0.18089 
10.7 0.180718 
10.71 0.180548 
10.72 0.180377 
10.73 0.180207 
10.74 0.180038 
10.75 0.179869 
10.76 0.179701 
10.77 0.179534 
10.78 0.179367 
10.79 0.1792 
10.8 0.179034 
10.81 0.178868 
10.82 0.178703 
10.83 0.178539 
10.84 0.178375 
10.85 0.178211 
10.86 0.178048 
10.87 0.177886 
10.88 0.177724 
10.89 0.177562 
10.9 0.177401 
10.91 0.177241 
10.92 0.177081 
10.93 0.176921 
10.94 0.176762 
10.95 0.176604 
10.96 0.176445 
10.97 0.176288 
10.98 0.176131 
10.99 0.175974 
11 0.175818 
11.01 0.175662 
11.02 0.175507 
11.03 0.175352 
11.04 0.175198 
11.05 0.175044 
11.06 0.174891 
11.07 0.174738 
11.08 0.174585 
11.09 0.174433 
11.1 0.174282 
11.11 0.174131 
11.12 0.17398 
11.13 0.17383 
11.14 0.17368 
11.15 0.173531 
11.16 0.173382 
11.17 0.173233 
11.18 0.173085 
11.19 0.172938 
11.2 0.172791 
11.21 0.172644 
11.22 0.172498 
11.23 0.172352 
11.24 0.172206 
11.25 0.172061 
11.26 0.171917 
11.27 0.171772 
11.28 0.171629 
11.29 0.171485 
11.3 0.171342 
11.31 0.1712 
11.32 0.171058 
11.33 0.170916 
11.34 0.170774 
11.35 0.170634 
11.36 0.170493 
11.37 0.170353 
11.38 0.170213 
11.39 0.170074 
11.4 0.169935 
11.41 0.169796 
11.42 0.169658 
11.43 0.16952 
11.44 0.169383 
11.45 0.169246 
11.46 0.169109 
11.47 0.168973 
11.48 0.168837 
11.49 0.168702 
11.5 0.168567 
11.51 0.168432 
11.52 0.168297 
11.53 0.168163 
11.54 0.16803 
11.55 0.167896 
11.56 0.167764 
11.57 0.167631 
11.58 0.167499 
11.59 0.167367 
11.6 0.167236 
11.61 0.167105 
11.62 0.166974 
11.63 0.166843 
11.64 0.166713 
11.65 0.166584 
11.66 0.166454 
11.67 0.166325 
11.68 0.166197 
11.69 0.166068 
11.7 0.165941 
11.71 0.165813 
11.72 0.165686 
11.73 0.165559 
11.74 0.165432 
11.75 0.165306 
11.76 0.16518 
11.77 0.165054 
11.78 0.164929 
11.79 0.164804 
11.8 0.16468 
11.81 0.164555 
11.82 0.164432 
11.83 0.164308 
11.84 0.164185 
11.85 0.164062 
11.86 0.163939 
11.87 0.163817 
11.88 0.163695 
11.89 0.163573 
11.9 0.163452 
11.91 0.163331 
11.92 0.16321 
11.93 0.16309 
11.94 0.16297 
11.95 0.16285 
11.96 0.16273 
11.97 0.162611 
11.98 0.162492 
11.99 0.162374 
12 0.162255 
12.01 0.162137 
12.02 0.16202 
12.03 0.161902 
12.04 0.161785 
12.05 0.161669 
12.06 0.161552 
12.07 0.161436 
12.08 0.16132 
12.09 0.161205 
12.1 0.161089 
12.11 0.160974 
12.12 0.16086 
12.13 0.160745 
12.14 0.160631 
12.15 0.160517 
12.16 0.160404 
12.17 0.16029 
12.18 0.160177 
12.19 0.160065 
12.2 0.159952 
12.21 0.15984 
12.22 0.159728 
12.23 0.159617 
12.24 0.159505 
12.25 0.159394 
12.26 0.159283 
12.27 0.159173 
12.28 0.159063 
12.29 0.158953 
12.3 0.158843 
12.31 0.158734 
12.32 0.158624 
12.33 0.158516 
12.34 0.158407 
12.35 0.158299 
12.36 0.15819 
12.37 0.158083 
12.38 0.157975 
12.39 0.157868 
12.4 0.157761 
12.41 0.157654 
12.42 0.157547 
12.43 0.157441 
12.44 0.157335 
12.45 0.157229 
12.46 0.157124 
12.47 0.157018 
12.48 0.156913 
12.49 0.156809 
12.5 0.156704 
12.51 0.1566 
12.52 0.156496 
12.53 0.156392 
12.54 0.156289 
12.55 0.156185 
12.56 0.156082 
12.57 0.155979 
12.58 0.155877 
12.59 0.155774 
12.6 0.155672 
12.61 0.155571 
12.62 0.155469 
12.63 0.155368 
12.64 0.155266 
12.65 0.155166 
12.66 0.155065 
12.67 0.154965 
12.68 0.154864 
12.69 0.154764 
12.7 0.154665 
12.71 0.154565 
12.72 0.154466 
12.73 0.154367 
12.74 0.154268 
12.75 0.154169 
12.76 0.154071 
12.77 0.153973 
12.78 0.153875 
12.79 0.153777 
12.8 0.15368 
12.81 0.153583 
12.82 0.153486 
12.83 0.153389 
12.84 0.153292 
12.85 0.153196 
12.86 0.1531 
12.87 0.153004 
12.88 0.152908 
12.89 0.152813 
12.9 0.152717 
12.91 0.152622 
12.92 0.152527 
12.93 0.152433 
12.94 0.152338 
12.95 0.152244 
12.96 0.15215 
12.97 0.152056 
12.98 0.151963 
12.99 0.151869 
13 0.151776 
13.01 0.151683 
13.02 0.15159 
13.03 0.151498 
13.04 0.151406 
13.05 0.151313 
13.06 0.151222 
13.07 0.15113 
13.08 0.151038 
13.09 0.150947 
13.1 0.150856 
13.11 0.150765 
13.12 0.150674 
13.13 0.150584 
13.14 0.150493 
13.15 0.150403 
13.16 0.150313 
13.17 0.150223 
13.18 0.150134 
13.19 0.150044 
13.2 0.149955 
13.21 0.149866 
13.22 0.149778 
13.23 0.149689 
13.24 0.149601 
13.25 0.149512 
13.26 0.149424 
13.27 0.149336 
13.28 0.149249 
13.29 0.149161 
13.3 0.149074 
13.31 0.148987 
13.32 0.1489 
13.33 0.148813 
13.34 0.148727 
13.35 0.14864 
13.36 0.148554 
13.37 0.148468 
13.38 0.148383 
13.39 0.148297 
13.4 0.148211 
13.41 0.148126 
13.42 0.148041 
13.43 0.147956 
13.44 0.147871 
13.45 0.147787 
13.46 0.147703 
13.47 0.147618 
13.48 0.147534 
13.49 0.147451 
13.5 0.147367 
13.51 0.147283 
13.52 0.1472 
13.53 0.147117 
13.54 0.147034 
13.55 0.146951 
13.56 0.146868 
13.57 0.146786 
13.58 0.146704 
13.59 0.146622 
13.6 0.14654 
13.61 0.146458 
13.62 0.146376 
13.63 0.146295 
13.64 0.146214 
13.65 0.146132 
13.66 0.146051 
13.67 0.145971 
13.68 0.14589 
13.69 0.14581 
13.7 0.145729 
13.71 0.145649 
13.72 0.145569 
13.73 0.145489 
13.74 0.14541 
13.75 0.14533 
13.76 0.145251 
13.77 0.145172 
13.78 0.145093 
13.79 0.145014 
13.8 0.144935 
13.81 0.144857 
13.82 0.144778 
13.83 0.1447 
13.84 0.144622 
13.85 0.144544 
13.86 0.144466 
13.87 0.144389 
13.88 0.144311 
13.89 0.144234 
13.9 0.144157 
13.91 0.14408 
13.92 0.144003 
13.93 0.143927 
13.94 0.14385 
13.95 0.143774 
13.96 0.143697 
13.97 0.143621 
13.98 0.143545 
13.99 0.14347 
14 0.143394 
14.01 0.143319 
14.02 0.143243 
14.03 0.143168 
14.04 0.143093 
14.05 0.143018 
14.06 0.142943 
14.07 0.142869 
14.08 0.142794 
14.09 0.14272 
14.1 0.142646 
14.11 0.142572 
14.12 0.142498 
14.13 0.142424 
14.14 0.142351 
14.15 0.142277 
14.16 0.142204 
14.17 0.142131 
14.18 0.142058 
14.19 0.141985 
14.2 0.141912 
14.21 0.141839 
14.22 0.141767 
14.23 0.141695 
14.24 0.141622 
14.25 0.14155 
14.26 0.141478 
14.27 0.141407 
14.28 0.141335 
14.29 0.141263 
14.3 0.141192 
14.31 0.141121 
14.32 0.14105 
14.33 0.140979 
14.34 0.140908 
14.35 0.140837 
14.36 0.140767 
14.37 0.140696 
14.38 0.140626 
14.39 0.140556 
14.4 0.140486 
14.41 0.140416 
14.42 0.140346 
14.43 0.140276 
14.44 0.140207 
14.45 0.140137 
14.46 0.140068 
14.47 0.139999 
14.48 0.13993 
14.49 0.139861 
14.5 0.139792 
14.51 0.139724 
14.52 0.139655 
14.53 0.139587 
14.54 0.139519 
14.55 0.139451 
14.56 0.139383 
14.57 0.139315 
14.58 0.139247 
14.59 0.139179 
14.6 0.139112 
14.61 0.139045 
14.62 0.138977 
14.63 0.13891 
14.64 0.138843 
14.65 0.138776 
14.66 0.13871 
14.67 0.138643 
14.68 0.138576 
14.69 0.13851 
14.7 0.138444 
14.71 0.138378 
14.72 0.138311 
14.73 0.138246 
14.74 0.13818 
14.75 0.138114 
14.76 0.138049 
14.77 0.137983 
14.78 0.137918 
14.79 0.137853 
14.8 0.137787 
14.81 0.137723 
14.82 0.137658 
14.83 0.137593 
14.84 0.137528 
14.85 0.137464 
14.86 0.137399 
14.87 0.137335 
14.88 0.137271 
14.89 0.137207 
14.9 0.137143 
14.91 0.137079 
14.92 0.137015 
14.93 0.136952 
14.94 0.136888 
14.95 0.136825 
14.96 0.136762 
14.97 0.136698 
14.98 0.136635 
14.99 0.136573 
15 0.13651 
15.01 0.136447 
15.02 0.136384 
15.03 0.136322 
15.04 0.136259 
15.05 0.136197 
15.06 0.136135 
15.07 0.136073 
15.08 0.136011 
15.09 0.135949 
15.1 0.135887 
15.11 0.135826 
15.12 0.135764 
15.13 0.135703 
15.14 0.135642 
15.15 0.13558 
15.16 0.135519 
15.17 0.135458 
15.18 0.135397 
15.19 0.135337 
15.2 0.135276 
15.21 0.135215 
15.22 0.135155 
15.23 0.135095 
15.24 0.135034 
15.25 0.134974 
15.26 0.134914 
15.27 0.134854 
15.28 0.134794 
15.29 0.134735 
15.3 0.134675 
15.31 0.134615 
15.32 0.134556 
15.33 0.134497 
15.34 0.134437 
15.35 0.134378 
15.36 0.134319 
15.37 0.13426 
15.38 0.134201 
15.39 0.134143 
15.4 0.134084 
15.41 0.134025 
15.42 0.133967 
15.43 0.133909 
15.44 0.13385 
15.45 0.133792 
15.46 0.133734 
15.47 0.133676 
15.48 0.133618 
15.49 0.133561 
15.5 0.133503 
15.51 0.133445 
15.52 0.133388 
15.53 0.13333 
15.54 0.133273 
15.55 0.133216 
15.56 0.133159 
15.57 0.133102 
15.58 0.133045 
15.59 0.132988 
15.6 0.132931 
15.61 0.132875 
15.62 0.132818 
15.63 0.132762 
15.64 0.132705 
15.65 0.132649 
15.66 0.132593 
15.67 0.132537 
15.68 0.132481 
15.69 0.132425 
15.7 0.132369 
15.71 0.132314 
15.72 0.132258 
15.73 0.132202 
15.74 0.132147 
15.75 0.132092 
15.76 0.132036 
15.77 0.131981 
15.78 0.131926 
15.79 0.131871 
15.8 0.131816 
15.81 0.131761 
15.82 0.131707 
15.83 0.131652 
15.84 0.131598 
15.85 0.131543 
15.86 0.131489 
15.87 0.131434 
15.88 0.13138 
15.89 0.131326 
15.9 0.131272 
15.91 0.131218 
15.92 0.131164 
15.93 0.131111 
15.94 0.131057 
15.95 0.131003 
15.96 0.13095 
15.97 0.130896 
15.98 0.130843 
15.99 0.13079 
16 0.130737 
16.01 0.130684 
16.02 0.130631 
16.03 0.130578 
16.04 0.130525 
16.05 0.130472 
16.06 0.130419 
16.07 0.130367 
16.08 0.130314 
16.09 0.130262 
16.1 0.13021 
16.11 0.130157 
16.12 0.130105 
16.13 0.130053 
16.14 0.130001 
16.15 0.129949 
16.16 0.129897 
16.17 0.129846 
16.18 0.129794 
16.19 0.129742 
16.2 0.129691 
16.21 0.129639 
16.22 0.129588 
16.23 0.129537 
16.24 0.129486 
16.25 0.129434 
16.26 0.129383 
16.27 0.129332 
16.28 0.129282 
16.29 0.129231 
16.3 0.12918 
16.31 0.129129 
16.32 0.129079 
16.33 0.129028 
16.34 0.128978 
16.35 0.128928 
16.36 0.128877 
16.37 0.128827 
16.38 0.128777 
16.39 0.128727 
16.4 0.128677 
16.41 0.128627 
16.42 0.128577 
16.43 0.128528 
16.44 0.128478 
16.45 0.128428 
16.46 0.128379 
16.47 0.12833 
16.48 0.12828 
16.49 0.128231 
16.5 0.128182 
16.51 0.128133 
16.52 0.128084 
16.53 0.128035 
16.54 0.127986 
16.55 0.127937 
16.56 0.127888 
16.57 0.127839 
16.58 0.127791 
16.59 0.127742 
16.6 0.127694 
16.61 0.127646 
16.62 0.127597 
16.63 0.127549 
16.64 0.127501 
16.65 0.127453 
16.66 0.127405 
16.67 0.127357 
16.68 0.127309 
16.69 0.127261 
16.7 0.127213 
16.71 0.127166 
16.72 0.127118 
16.73 0.127071 
16.74 0.127023 
16.75 0.126976 
16.76 0.126928 
16.77 0.126881 
16.78 0.126834 
16.79 0.126787 
16.8 0.12674 
16.81 0.126693 
16.82 0.126646 
16.83 0.126599 
16.84 0.126552 
16.85 0.126506 
16.86 0.126459 
16.87 0.126412 
16.88 0.126366 
16.89 0.12632 
16.9 0.126273 
16.91 0.126227 
16.92 0.126181 
16.93 0.126135 
16.94 0.126089 
16.95 0.126042 
16.96 0.125997 
16.97 0.125951 
16.98 0.125905 
16.99 0.125859 
17 0.125813 
17.01 0.125768 
17.02 0.125722 
17.03 0.125677 
17.04 0.125631 
17.05 0.125586 
17.06 0.125541 
17.07 0.125496 
17.08 0.12545 
17.09 0.125405 
17.1 0.12536 
17.11 0.125315 
17.12 0.12527 
17.13 0.125226 
17.14 0.125181 
17.15 0.125136 
17.16 0.125091 
17.17 0.125047 
17.18 0.125002 
17.19 0.124958 
17.2 0.124914 
17.21 0.124869 
17.22 0.124825 
17.23 0.124781 
17.24 0.124737 
17.25 0.124693 
17.26 0.124649 
17.27 0.124605 
17.28 0.124561 
17.29 0.124517 
17.3 0.124473 
17.31 0.124429 
17.32 0.124386 
17.33 0.124342 
17.34 0.124299 
17.35 0.124255 
17.36 0.124212 
17.37 0.124169 
17.38 0.124125 
17.39 0.124082 
17.4 0.124039 
17.41 0.123996 
17.42 0.123953 
17.43 0.12391 
17.44 0.123867 
17.45 0.123824 
17.46 0.123781 
17.47 0.123739 
17.48 0.123696 
17.49 0.123653 
17.5 0.123611 
17.51 0.123568 
17.52 0.123526 
17.53 0.123483 
17.54 0.123441 
17.55 0.123399 
17.56 0.123357 
17.57 0.123315 
17.58 0.123273 
17.59 0.12323 
17.6 0.123189 
17.61 0.123147 
17.62 0.123105 
17.63 0.123063 
17.64 0.123021 
17.65 0.12298 
17.66 0.122938 
17.67 0.122896 
17.68 0.122855 
17.69 0.122813 
17.7 0.122772 
17.71 0.122731 
17.72 0.122689 
17.73 0.122648 
17.74 0.122607 
17.75 0.122566 
17.76 0.122525 
17.77 0.122484 
17.78 0.122443 
17.79 0.122402 
17.8 0.122361 
17.81 0.12232 
17.82 0.12228 
17.83 0.122239 
17.84 0.122198 
17.85 0.122158 
17.86 0.122117 
17.87 0.122077 
17.88 0.122037 
17.89 0.121996 
17.9 0.121956 
17.91 0.121916 
17.92 0.121876 
17.93 0.121835 
17.94 0.121795 
17.95 0.121755 
17.96 0.121715 
17.97 0.121675 
17.98 0.121636 
17.99 0.121596 
18 0.121556 
18.01 0.121516 
18.02 0.121477 
18.03 0.121437 
18.04 0.121398 
18.05 0.121358 
18.06 0.121319 
18.07 0.121279 
18.08 0.12124 
18.09 0.121201 
18.1 0.121161 
18.11 0.121122 
18.12 0.121083 
18.13 0.121044 
18.14 0.121005 
18.15 0.120966 
18.16 0.120927 
18.17 0.120888 
18.18 0.12085 
18.19 0.120811 
18.2 0.120772 
18.21 0.120733 
18.22 0.120695 
18.23 0.120656 
18.24 0.120618 
18.25 0.120579 
18.26 0.120541 
18.27 0.120503 
18.28 0.120464 
18.29 0.120426 
18.3 0.120388 
18.31 0.12035 
18.32 0.120312 
18.33 0.120273 
18.34 0.120235 
18.35 0.120198 
18.36 0.12016 
18.37 0.120122 
18.38 0.120084 
18.39 0.120046 
18.4 0.120008 
18.41 0.119971 
18.42 0.119933 
18.43 0.119896 
18.44 0.119858 
18.45 0.119821 
18.46 0.119783 
18.47 0.119746 
18.48 0.119709 
18.49 0.119671 
18.5 0.119634 
18.51 0.119597 
18.52 0.11956 
18.53 0.119523 
18.54 0.119486 
18.55 0.119449 
18.56 0.119412 
18.57 0.119375 
18.58 0.119338 
18.59 0.119301 
18.6 0.119264 
18.61 0.119228 
18.62 0.119191 
18.63 0.119154 
18.64 0.119118 
18.65 0.119081 
18.66 0.119045 
18.67 0.119008 
18.68 0.118972 
18.69 0.118936 
18.7 0.118899 
18.71 0.118863 
18.72 0.118827 
18.73 0.118791 
18.74 0.118755 
18.75 0.118719 
18.76 0.118682 
18.77 0.118647 
18.78 0.118611 
18.79 0.118575 
18.8 0.118539 
18.81 0.118503 
18.82 0.118467 
18.83 0.118432 
18.84 0.118396 
18.85 0.11836 
18.86 0.118325 
18.87 0.118289 
18.88 0.118254 
18.89 0.118218 
18.9 0.118183 
18.91 0.118148 
18.92 0.118112 
18.93 0.118077 
18.94 0.118042 
18.95 0.118007 
18.96 0.117971 
18.97 0.117936 
18.98 0.117901 
18.99 0.117866 
19 0.117831 
19.01 0.117796 
19.02 0.117762 
19.03 0.117727 
19.04 0.117692 
19.05 0.117657 
19.06 0.117623 
19.07 0.117588 
19.08 0.117553 
19.09 0.117519 
19.1 0.117484 
19.11 0.11745 
19.12 0.117415 
19.13 0.117381 
19.14 0.117346 
19.15 0.117312 
19.16 0.117278 
19.17 0.117244 
19.18 0.117209 
19.19 0.117175 
19.2 0.117141 
19.21 0.117107 
19.22 0.117073 
19.23 0.117039 
19.24 0.117005 
19.25 0.116971 
19.26 0.116937 
19.27 0.116904 
19.28 0.11687 
19.29 0.116836 
19.3 0.116802 
19.31 0.116769 
19.32 0.116735 
19.33 0.116702 
19.34 0.116668 
19.35 0.116634 
19.36 0.116601 
19.37 0.116568 
19.38 0.116534 
19.39 0.116501 
19.4 0.116468 
19.41 0.116434 
19.42 0.116401 
19.43 0.116368 
19.44 0.116335 
19.45 0.116302 
19.46 0.116269 
19.47 0.116236 
19.48 0.116203 
19.49 0.11617 
19.5 0.116137 
19.51 0.116104 
19.52 0.116071 
19.53 0.116038 
19.54 0.116006 
19.55 0.115973 
19.56 0.11594 
19.57 0.115908 
19.58 0.115875 
19.59 0.115843 
19.6 0.11581 
19.61 0.115778 
19.62 0.115745 
19.63 0.115713 
19.64 0.11568 
19.65 0.115648 
19.66 0.115616 
19.67 0.115584 
19.68 0.115551 
19.69 0.115519 
19.7 0.115487 
19.71 0.115455 
19.72 0.115423 
19.73 0.115391 
19.74 0.115359 
19.75 0.115327 
19.76 0.115295 
19.77 0.115263 
19.78 0.115231 
19.79 0.1152 
19.8 0.115168 
19.81 0.115136 
19.82 0.115104 
19.83 0.115073 
19.84 0.115041 
19.85 0.11501 
19.86 0.114978 
19.87 0.114947 
19.88 0.114915 
19.89 0.114884 
19.9 0.114852 
19.91 0.114821 
19.92 0.11479 
19.93 0.114758 
19.94 0.114727 
19.95 0.114696 
19.96 0.114665 
19.97 0.114634 
19.98 0.114602 
19.99 0.114571 
20 0.11454 
20.01 0.114509 
20.02 0.114478 
20.03 0.114448 
20.04 0.114417 
20.05 0.114386 
20.06 0.114355 
20.07 0.114324 
20.08 0.114293 
20.09 0.114263 
20.1 0.114232 
20.11 0.114201 
20.12 0.114171 
20.13 0.11414 
20.14 0.11411 
20.15 0.114079 
20.16 0.114049 
20.17 0.114018 
20.18 0.113988 
20.19 0.113958 
20.2 0.113927 
20.21 0.113897 
20.22 0.113867 
20.23 0.113836 
20.24 0.113806 
20.25 0.113776 
20.26 0.113746 
20.27 0.113716 
20.28 0.113686 
20.29 0.113656 
20.3 0.113626 
20.31 0.113596 
20.32 0.113566 
20.33 0.113536 
20.34 0.113506 
20.35 0.113476 
20.36 0.113447 
20.37 0.113417 
20.38 0.113387 
20.39 0.113358 
20.4 0.113328 
20.41 0.113298 
20.42 0.113269 
20.43 0.113239 
20.44 0.11321 
20.45 0.11318 
20.46 0.113151 
20.47 0.113121 
20.48 0.113092 
20.49 0.113063 
20.5 0.113033 
20.51 0.113004 
20.52 0.112975 
20.53 0.112945 
20.54 0.112916 
20.55 0.112887 
20.56 0.112858 
20.57 0.112829 
20.58 0.1128 
20.59 0.112771 
20.6 0.112742 
20.61 0.112713 
20.62 0.112684 
20.63 0.112655 
20.64 0.112626 
20.65 0.112597 
20.66 0.112568 
20.67 0.11254 
20.68 0.112511 
20.69 0.112482 
20.7 0.112454 
20.71 0.112425 
20.72 0.112396 
20.73 0.112368 
20.74 0.112339 
20.75 0.112311 
20.76 0.112282 
20.77 0.112254 
20.78 0.112225 
20.79 0.112197 
20.8 0.112169 
20.81 0.11214 
20.82 0.112112 
20.83 0.112084 
20.84 0.112055 
20.85 0.112027 
20.86 0.111999 
20.87 0.111971 
20.88 0.111943 
20.89 0.111915 
20.9 0.111887 
20.91 0.111859 
20.92 0.111831 
20.93 0.111803 
20.94 0.111775 
20.95 0.111747 
20.96 0.111719 
20.97 0.111691 
20.98 0.111663 
20.99 0.111635 
21 0.111608 
21.01 0.11158 
21.02 0.111552 
21.03 0.111525 
21.04 0.111497 
21.05 0.111469 
21.06 0.111442 
21.07 0.111414 
21.08 0.111387 
21.09 0.111359 
21.1 0.111332 
21.11 0.111304 
21.12 0.111277 
21.13 0.11125 
21.14 0.111222 
21.15 0.111195 
21.16 0.111168 
21.17 0.11114 
21.18 0.111113 
21.19 0.111086 
21.2 0.111059 
21.21 0.111032 
21.22 0.111005 
21.23 0.110977 
21.24 0.11095 
21.25 0.110923 
21.26 0.110896 
21.27 0.110869 
21.28 0.110842 
21.29 0.110816 
21.3 0.110789 
21.31 0.110762 
21.32 0.110735 
21.33 0.110708 
21.34 0.110681 
21.35 0.110655 
21.36 0.110628 
21.37 0.110601 
21.38 0.110575 
21.39 0.110548 
21.4 0.110521 
21.41 0.110495 
21.42 0.110468 
21.43 0.110442 
21.44 0.110415 
21.45 0.110389 
21.46 0.110362 
21.47 0.110336 
21.48 0.11031 
21.49 0.110283 
21.5 0.110257 
21.51 0.110231 
21.52 0.110204 
21.53 0.110178 
21.54 0.110152 
21.55 0.110126 
21.56 0.1101 
21.57 0.110073 
21.58 0.110047 
21.59 0.110021 
21.6 0.109995 
21.61 0.109969 
21.62 0.109943 
21.63 0.109917 
21.64 0.109891 
21.65 0.109865 
21.66 0.109839 
21.67 0.109814 
21.68 0.109788 
21.69 0.109762 
21.7 0.109736 
21.71 0.10971 
21.72 0.109685 
21.73 0.109659 
21.74 0.109633 
21.75 0.109608 
21.76 0.109582 
21.77 0.109556 
21.78 0.109531 
21.79 0.109505 
21.8 0.10948 
21.81 0.109454 
21.82 0.109429 
21.83 0.109403 
21.84 0.109378 
21.85 0.109353 
21.86 0.109327 
21.87 0.109302 
21.88 0.109277 
21.89 0.109251 
21.9 0.109226 
21.91 0.109201 
21.92 0.109176 
21.93 0.10915 
21.94 0.109125 
21.95 0.1091 
21.96 0.109075 
21.97 0.10905 
21.98 0.109025 
21.99 0.109 
22 0.108975 
22.01 0.10895 
22.02 0.108925 
22.03 0.1089 
22.04 0.108875 
22.05 0.10885 
22.06 0.108825 
22.07 0.108801 
22.08 0.108776 
22.09 0.108751 
22.1 0.108726 
22.11 0.108702 
22.12 0.108677 
22.13 0.108652 
22.14 0.108628 
22.15 0.108603 
22.16 0.108578 
22.17 0.108554 
22.18 0.108529 
22.19 0.108505 
22.2 0.10848 
22.21 0.108456 
22.22 0.108431 
22.23 0.108407 
22.24 0.108382 
22.25 0.108358 
22.26 0.108334 
22.27 0.108309 
22.28 0.108285 
22.29 0.108261 
22.3 0.108236 
22.31 0.108212 
22.32 0.108188 
22.33 0.108164 
22.34 0.10814 
22.35 0.108116 
22.36 0.108091 
22.37 0.108067 
22.38 0.108043 
22.39 0.108019 
22.4 0.107995 
22.41 0.107971 
22.42 0.107947 
22.43 0.107923 
22.44 0.107899 
22.45 0.107875 
22.46 0.107852 
22.47 0.107828 
22.48 0.107804 
22.49 0.10778 
22.5 0.107756 
22.51 0.107733 
22.52 0.107709 
22.53 0.107685 
22.54 0.107661 
22.55 0.107638 
22.56 0.107614 
22.57 0.107591 
22.58 0.107567 
22.59 0.107543 
22.6 0.10752 
22.61 0.107496 
22.62 0.107473 
22.63 0.107449 
22.64 0.107426 
22.65 0.107402 
22.66 0.107379 
22.67 0.107356 
22.68 0.107332 
22.69 0.107309 
22.7 0.107286 
22.71 0.107262 
22.72 0.107239 
22.73 0.107216 
22.74 0.107192 
22.75 0.107169 
22.76 0.107146 
22.77 0.107123 
22.78 0.1071 
22.79 0.107077 
22.8 0.107054 
22.81 0.10703 
22.82 0.107007 
22.83 0.106984 
22.84 0.106961 
22.85 0.106938 
22.86 0.106915 
22.87 0.106893 
22.88 0.10687 
22.89 0.106847 
22.9 0.106824 
22.91 0.106801 
22.92 0.106778 
22.93 0.106755 
22.94 0.106733 
22.95 0.10671 
22.96 0.106687 
22.97 0.106664 
22.98 0.106642 
22.99 0.106619 
23 0.106596 
23.01 0.106574 
23.02 0.106551 
23.03 0.106528 
23.04 0.106506 
23.05 0.106483 
23.06 0.106461 
23.07 0.106438 
23.08 0.106416 
23.09 0.106393 
23.1 0.106371 
23.11 0.106348 
23.12 0.106326 
23.13 0.106304 
23.14 0.106281 
23.15 0.106259 
23.16 0.106237 
23.17 0.106214 
23.18 0.106192 
23.19 0.10617 
23.2 0.106148 
23.21 0.106125 
23.22 0.106103 
23.23 0.106081 
23.24 0.106059 
23.25 0.106037 
23.26 0.106015 
23.27 0.105993 
23.28 0.105971 
23.29 0.105949 
23.3 0.105927 
23.31 0.105905 
23.32 0.105883 
23.33 0.105861 
23.34 0.105839 
23.35 0.105817 
23.36 0.105795 
23.37 0.105773 
23.38 0.105751 
23.39 0.105729 
23.4 0.105707 
23.41 0.105686 
23.42 0.105664 
23.43 0.105642 
23.44 0.10562 
23.45 0.105599 
23.46 0.105577 
23.47 0.105555 
23.48 0.105534 
23.49 0.105512 
23.5 0.10549 
23.51 0.105469 
23.52 0.105447 
23.53 0.105426 
23.54 0.105404 
23.55 0.105383 
23.56 0.105361 
23.57 0.10534 
23.58 0.105318 
23.59 0.105297 
23.6 0.105275 
23.61 0.105254 
23.62 0.105233 
23.63 0.105211 
23.64 0.10519 
23.65 0.105169 
23.66 0.105147 
23.67 0.105126 
23.68 0.105105 
23.69 0.105084 
23.7 0.105062 
23.71 0.105041 
23.72 0.10502 
23.73 0.104999 
23.74 0.104978 
23.75 0.104957 
23.76 0.104936 
23.77 0.104914 
23.78 0.104893 
23.79 0.104872 
23.8 0.104851 
23.81 0.10483 
23.82 0.104809 
23.83 0.104788 
23.84 0.104767 
23.85 0.104746 
23.86 0.104726 
23.87 0.104705 
23.88 0.104684 
23.89 0.104663 
23.9 0.104642 
23.91 0.104621 
23.92 0.104601 
23.93 0.10458 
23.94 0.104559 
23.95 0.104538 
23.96 0.104518 
23.97 0.104497 
23.98 0.104476 
23.99 0.104456 
24 0.104435 
24.01 0.104414 
24.02 0.104394 
24.03 0.104373 
24.04 0.104353 
24.05 0.104332 
24.06 0.104311 
24.07 0.104291 
24.08 0.10427 
24.09 0.10425 
24.1 0.10423 
24.11 0.104209 
24.12 0.104189 
24.13 0.104168 
24.14 0.104148 
24.15 0.104128 
24.16 0.104107 
24.17 0.104087 
24.18 0.104067 
24.19 0.104046 
24.2 0.104026 
24.21 0.104006 
24.22 0.103985 
24.23 0.103965 
24.24 0.103945 
24.25 0.103925 
24.26 0.103905 
24.27 0.103885 
24.28 0.103864 
24.29 0.103844 
24.3 0.103824 
24.31 0.103804 
24.32 0.103784 
24.33 0.103764 
24.34 0.103744 
24.35 0.103724 
24.36 0.103704 
24.37 0.103684 
24.38 0.103664 
24.39 0.103644 
24.4 0.103624 
24.41 0.103604 
24.42 0.103585 
24.43 0.103565 
24.44 0.103545 
24.45 0.103525 
24.46 0.103505 
24.47 0.103485 
24.48 0.103466 
24.49 0.103446 
24.5 0.103426 
24.51 0.103406 
24.52 0.103387 
24.53 0.103367 
24.54 0.103347 
24.55 0.103328 
24.56 0.103308 
24.57 0.103289 
24.58 0.103269 
24.59 0.103249 
24.6 0.10323 
24.61 0.10321 
24.62 0.103191 
24.63 0.103171 
24.64 0.103152 
24.65 0.103132 
24.66 0.103113 
24.67 0.103093 
24.68 0.103074 
24.69 0.103054 
24.7 0.103035 
24.71 0.103016 
24.72 0.102996 
24.73 0.102977 
24.74 0.102958 
24.75 0.102938 
24.76 0.102919 
24.77 0.1029 
24.78 0.102881 
24.79 0.102861 
24.8 0.102842 
24.81 0.102823 
24.82 0.102804 
24.83 0.102785 
24.84 0.102765 
24.85 0.102746 
24.86 0.102727 
24.87 0.102708 
24.88 0.102689 
24.89 0.10267 
24.9 0.102651 
24.91 0.102632 
24.92 0.102613 
24.93 0.102594 
24.94 0.102575 
24.95 0.102556 
24.96 0.102537 
24.97 0.102518 
24.98 0.102499 
24.99 0.10248 
25 0.102461 
25.01 0.102442 
25.02 0.102423 
25.03 0.102405 
25.04 0.102386 
25.05 0.102367 
25.06 0.102348 
25.07 0.102329 
25.08 0.102311 
25.09 0.102292 
25.1 0.102273 
25.11 0.102254 
25.12 0.102236 
25.13 0.102217 
25.14 0.102198 
25.15 0.10218 
25.16 0.102161 
25.17 0.102142 
25.18 0.102124 
25.19 0.102105 
25.2 0.102087 
25.21 0.102068 
25.22 0.10205 
25.23 0.102031 
25.24 0.102012 
25.25 0.101994 
25.26 0.101976 
25.27 0.101957 
25.28 0.101939 
25.29 0.10192 
25.3 0.101902 
25.31 0.101883 
25.32 0.101865 
25.33 0.101847 
25.34 0.101828 
25.35 0.10181 
25.36 0.101792 
25.37 0.101773 
25.38 0.101755 
25.39 0.101737 
25.4 0.101718 
25.41 0.1017 
25.42 0.101682 
25.43 0.101664 
25.44 0.101646 
25.45 0.101627 
25.46 0.101609 
25.47 0.101591 
25.48 0.101573 
25.49 0.101555 
25.5 0.101537 
25.51 0.101519 
25.52 0.101501 
25.53 0.101482 
25.54 0.101464 
25.55 0.101446 
25.56 0.101428 
25.57 0.10141 
25.58 0.101392 
25.59 0.101374 
25.6 0.101356 
25.61 0.101339 
25.62 0.101321 
25.63 0.101303 
25.64 0.101285 
25.65 0.101267 
25.66 0.101249 
25.67 0.101231 
25.68 0.101213 
25.69 0.101196 
25.7 0.101178 
25.71 0.10116 
25.72 0.101142 
25.73 0.101124 
25.74 0.101107 
25.75 0.101089 
25.76 0.101071 
25.77 0.101054 
25.78 0.101036 
25.79 0.101018 
25.8 0.101001 
25.81 0.100983 
25.82 0.100965 
25.83 0.100948 
25.84 0.10093 
25.85 0.100912 
25.86 0.100895 
25.87 0.100877 
25.88 0.10086 
25.89 0.100842 
25.9 0.100825 
25.91 0.100807 
25.92 0.10079 
25.93 0.100772 
25.94 0.100755 
25.95 0.100737 
25.96 0.10072 
25.97 0.100703 
25.98 0.100685 
25.99 0.100668 
26 0.10065 
26.01 0.100633 
26.02 0.100616 
26.03 0.100598 
26.04 0.100581 
26.05 0.100564 
26.06 0.100547 
26.07 0.100529 
26.08 0.100512 
26.09 0.100495 
26.1 0.100478 
26.11 0.10046 
26.12 0.100443 
26.13 0.100426 
26.14 0.100409 
26.15 0.100392 
26.16 0.100374 
26.17 0.100357 
26.18 0.10034 
26.19 0.100323 
26.2 0.100306 
26.21 0.100289 
26.22 0.100272 
26.23 0.100255 
26.24 0.100238 
26.25 0.100221 
26.26 0.100204 
26.27 0.100187 
26.28 0.10017 
26.29 0.100153 
26.3 0.100136 
26.31 0.100119 
26.32 0.100102 
26.33 0.100085 
26.34 0.100068 
26.35 0.100051 
26.36 0.100035 
26.37 0.100018 
26.38 0.100001 
26.39 0.0999841 
26.4 0.0999673 
26.41 0.0999505 
26.42 0.0999337 
26.43 0.0999169 
26.44 0.0999001 
26.45 0.0998834 
26.46 0.0998667 
26.47 0.09985 
26.48 0.0998333 
26.49 0.0998166 
26.5 0.0997999 
26.51 0.0997832 
26.52 0.0997666 
26.53 0.0997499 
26.54 0.0997333 
26.55 0.0997167 
26.56 0.0997001 
26.57 0.0996835 
26.58 0.099667 
26.59 0.0996504 
26.6 0.0996339 
26.61 0.0996173 
26.62 0.0996008 
26.63 0.0995843 
26.64 0.0995678 
26.65 0.0995513 
26.66 0.0995349 
26.67 0.0995184 
26.68 0.099502 
26.69 0.0994856 
26.7 0.0994692 
26.71 0.0994528 
26.72 0.0994364 
26.73 0.09942 
26.74 0.0994036 
26.75 0.0993873 
26.76 0.099371 
26.77 0.0993546 
26.78 0.0993383 
26.79 0.099322 
26.8 0.0993058 
26.81 0.0992895 
26.82 0.0992732 
26.83 0.099257 
26.84 0.0992408 
26.85 0.0992245 
26.86 0.0992083 
26.87 0.0991921 
26.88 0.099176 
26.89 0.0991598 
26.9 0.0991437 
26.91 0.0991275 
26.92 0.0991114 
26.93 0.0990953 
26.94 0.0990792 
26.95 0.0990631 
26.96 0.099047 
26.97 0.0990309 
26.98 0.0990149 
26.99 0.0989989 
27 0.0989828 
27.01 0.0989668 
27.02 0.0989508 
27.03 0.0989348 
27.04 0.0989188 
27.05 0.0989029 
27.06 0.0988869 
27.07 0.098871 
27.08 0.0988551 
27.09 0.0988392 
27.1 0.0988233 
27.11 0.0988074 
27.12 0.0987915 
27.13 0.0987756 
27.14 0.0987598 
27.15 0.0987439 
27.16 0.0987281 
27.17 0.0987123 
27.18 0.0986965 
27.19 0.0986807 
27.2 0.0986649 
27.21 0.0986492 
27.22 0.0986334 
27.23 0.0986177 
27.24 0.0986019 
27.25 0.0985862 
27.26 0.0985705 
27.27 0.0985548 
27.28 0.0985391 
27.29 0.0985235 
27.3 0.0985078 
27.31 0.0984922 
27.32 0.0984766 
27.33 0.0984609 
27.34 0.0984453 
27.35 0.0984297 
27.36 0.0984142 
27.37 0.0983986 
27.38 0.098383 
27.39 0.0983675 
27.4 0.0983519 
27.41 0.0983364 
27.42 0.0983209 
27.43 0.0983054 
27.44 0.0982899 
27.45 0.0982744 
27.46 0.098259 
27.47 0.0982435 
27.48 0.0982281 
27.49 0.0982127 
27.5 0.0981973 
27.51 0.0981819 
27.52 0.0981665 
27.53 0.0981511 
27.54 0.0981357 
27.55 0.0981204 
27.56 0.098105 
27.57 0.0980897 
27.58 0.0980744 
27.59 0.0980591 
27.6 0.0980438 
27.61 0.0980285 
27.62 0.0980132 
27.63 0.0979979 
27.64 0.0979827 
27.65 0.0979674 
27.66 0.0979522 
27.67 0.097937 
27.68 0.0979218 
27.69 0.0979066 
27.7 0.0978914 
27.71 0.0978763 
27.72 0.0978611 
27.73 0.097846 
27.74 0.0978308 
27.75 0.0978157 
27.76 0.0978006 
27.77 0.0977855 
27.78 0.0977704 
27.79 0.0977553 
27.8 0.0977403 
27.81 0.0977252 
27.82 0.0977102 
27.83 0.0976951 
27.84 0.0976801 
27.85 0.0976651 
27.86 0.0976501 
27.87 0.0976351 
27.88 0.0976201 
27.89 0.0976052 
27.9 0.0975902 
27.91 0.0975753 
27.92 0.0975604 
27.93 0.0975454 
27.94 0.0975305 
27.95 0.0975156 
27.96 0.0975008 
27.97 0.0974859 
27.98 0.097471 
27.99 0.0974562 
28 0.0974413 
28.01 0.0974265 
28.02 0.0974117 
28.03 0.0973969 
28.04 0.0973821 
28.05 0.0973673 
28.06 0.0973525 
28.07 0.0973378 
28.08 0.097323 
28.09 0.0973083 
28.1 0.0972935 
28.11 0.0972788 
28.12 0.0972641 
28.13 0.0972494 
28.14 0.0972347 
28.15 0.0972201 
28.16 0.0972054 
28.17 0.0971908 
28.18 0.0971761 
28.19 0.0971615 
28.2 0.0971469 
28.21 0.0971323 
28.22 0.0971177 
28.23 0.0971031 
28.24 0.0970885 
28.25 0.0970739 
28.26 0.0970594 
28.27 0.0970449 
28.28 0.0970303 
28.29 0.0970158 
28.3 0.0970013 
28.31 0.0969868 
28.32 0.0969723 
28.33 0.0969578 
28.34 0.0969434 
28.35 0.0969289 
28.36 0.0969145 
28.37 0.0969 
28.38 0.0968856 
28.39 0.0968712 
28.4 0.0968568 
28.41 0.0968424 
28.42 0.096828 
28.43 0.0968136 
28.44 0.0967993 
28.45 0.0967849 
28.46 0.0967706 
28.47 0.0967563 
28.48 0.096742 
28.49 0.0967276 
28.5 0.0967133 
28.51 0.0966991 
28.52 0.0966848 
28.53 0.0966705 
28.54 0.0966563 
28.55 0.096642 
28.56 0.0966278 
28.57 0.0966136 
28.58 0.0965994 
28.59 0.0965852 
28.6 0.096571 
28.61 0.0965568 
28.62 0.0965426 
28.63 0.0965285 
28.64 0.0965143 
28.65 0.0965002 
28.66 0.096486 
28.67 0.0964719 
28.68 0.0964578 
28.69 0.0964437 
28.7 0.0964296 
28.71 0.0964155 
28.72 0.0964015 
28.73 0.0963874 
28.74 0.0963734 
28.75 0.0963593 
28.76 0.0963453 
28.77 0.0963313 
28.78 0.0963173 
28.79 0.0963033 
28.8 0.0962893 
28.81 0.0962753 
28.82 0.0962614 
28.83 0.0962474 
28.84 0.0962335 
28.85 0.0962195 
28.86 0.0962056 
28.87 0.0961917 
28.88 0.0961778 
28.89 0.0961639 
28.9 0.09615 
28.91 0.0961362 
28.92 0.0961223 
28.93 0.0961084 
28.94 0.0960946 
28.95 0.0960808 
28.96 0.0960669 
28.97 0.0960531 
28.98 0.0960393 
28.99 0.0960255 
29 0.0960118 
29.01 0.095998 
29.02 0.0959842 
29.03 0.0959705 
29.04 0.0959567 
29.05 0.095943 
29.06 0.0959293 
29.07 0.0959155 
29.08 0.0959018 
29.09 0.0958882 
29.1 0.0958745 
29.11 0.0958608 
29.12 0.0958471 
29.13 0.0958335 
29.14 0.0958198 
29.15 0.0958062 
29.16 0.0957926 
29.17 0.095779 
29.18 0.0957654 
29.19 0.0957518 
29.2 0.0957382 
29.21 0.0957246 
29.22 0.095711 
29.23 0.0956975 
29.24 0.0956839 
29.25 0.0956704 
29.26 0.0956569 
29.27 0.0956433 
29.28 0.0956298 
29.29 0.0956163 
29.3 0.0956028 
29.31 0.0955894 
29.32 0.0955759 
29.33 0.0955624 
29.34 0.095549 
29.35 0.0955355 
29.36 0.0955221 
29.37 0.0955087 
29.38 0.0954953 
29.39 0.0954819 
29.4 0.0954685 
29.41 0.0954551 
29.42 0.0954417 
29.43 0.0954284 
29.44 0.095415 
29.45 0.0954017 
29.46 0.0953883 
29.47 0.095375 
29.48 0.0953617 
29.49 0.0953484 
29.5 0.0953351 
29.51 0.0953218 
29.52 0.0953085 
29.53 0.0952952 
29.54 0.095282 
29.55 0.0952687 
29.56 0.0952555 
29.57 0.0952423 
29.58 0.095229 
29.59 0.0952158 
29.6 0.0952026 
29.61 0.0951894 
29.62 0.0951762 
29.63 0.0951631 
29.64 0.0951499 
29.65 0.0951367 
29.66 0.0951236 
29.67 0.0951105 
29.68 0.0950973 
29.69 0.0950842 
29.7 0.0950711 
29.71 0.095058 
29.72 0.0950449 
29.73 0.0950318 
29.74 0.0950187 
29.75 0.0950057 
29.76 0.0949926 
29.77 0.0949796 
29.78 0.0949665 
29.79 0.0949535 
29.8 0.0949405 
29.81 0.0949275 
29.82 0.0949145 
29.83 0.0949015 
29.84 0.0948885 
29.85 0.0948755 
29.86 0.0948626 
29.87 0.0948496 
29.88 0.0948367 
29.89 0.0948237 
29.9 0.0948108 
29.91 0.0947979 
29.92 0.094785 
29.93 0.0947721 
29.94 0.0947592 
29.95 0.0947463 
29.96 0.0947334 
29.97 0.0947205 
29.98 0.0947077 
29.99 0.0946948 
30 0.094682 
30.01 0.0946692 
30.02 0.0946564 
30.03 0.0946435 
30.04 0.0946307 
30.05 0.0946179 
30.06 0.0946052 
30.07 0.0945924 
30.08 0.0945796 
30.09 0.0945669 
30.1 0.0945541 
30.11 0.0945414 
30.12 0.0945286 
30.13 0.0945159 
30.14 0.0945032 
30.15 0.0944905 
30.16 0.0944778 
30.17 0.0944651 
30.18 0.0944524 
30.19 0.0944398 
30.2 0.0944271 
30.21 0.0944145 
30.22 0.0944018 
30.23 0.0943892 
30.24 0.0943765 
30.25 0.0943639 
30.26 0.0943513 
30.27 0.0943387 
30.28 0.0943261 
30.29 0.0943135 
30.3 0.094301 
30.31 0.0942884 
30.32 0.0942758 
30.33 0.0942633 
30.34 0.0942508 
30.35 0.0942382 
30.36 0.0942257 
30.37 0.0942132 
30.38 0.0942007 
30.39 0.0941882 
30.4 0.0941757 
30.41 0.0941632 
30.42 0.0941507 
30.43 0.0941383 
30.44 0.0941258 
30.45 0.0941134 
30.46 0.0941009 
30.47 0.0940885 
30.48 0.0940761 
30.49 0.0940637 
30.5 0.0940513 
30.51 0.0940389 
30.52 0.0940265 
30.53 0.0940141 
30.54 0.0940018 
30.55 0.0939894 
30.56 0.093977 
30.57 0.0939647 
30.58 0.0939524 
30.59 0.09394 
30.6 0.0939277 
30.61 0.0939154 
30.62 0.0939031 
30.63 0.0938908 
30.64 0.0938785 
30.65 0.0938663 
30.66 0.093854 
30.67 0.0938417 
30.68 0.0938295 
30.69 0.0938172 
30.7 0.093805 
30.71 0.0937928 
30.72 0.0937805 
30.73 0.0937683 
30.74 0.0937561 
30.75 0.0937439 
30.76 0.0937318 
30.77 0.0937196 
30.78 0.0937074 
30.79 0.0936952 
30.8 0.0936831 
30.81 0.0936709 
30.82 0.0936588 
30.83 0.0936467 
30.84 0.0936346 
30.85 0.0936225 
30.86 0.0936103 
30.87 0.0935983 
30.88 0.0935862 
30.89 0.0935741 
30.9 0.093562 
30.91 0.09355 
30.92 0.0935379 
30.93 0.0935258 
30.94 0.0935138 
30.95 0.0935018 
30.96 0.0934898 
30.97 0.0934777 
30.98 0.0934657 
30.99 0.0934537 
31 0.0934418 
31.01 0.0934298 
31.02 0.0934178 
31.03 0.0934058 
31.04 0.0933939 
31.05 0.0933819 
31.06 0.09337 
31.07 0.0933581 
31.08 0.0933461 
31.09 0.0933342 
31.1 0.0933223 
31.11 0.0933104 
31.12 0.0932985 
31.13 0.0932866 
31.14 0.0932747 
31.15 0.0932629 
31.16 0.093251 
31.17 0.0932392 
31.18 0.0932273 
31.19 0.0932155 
31.2 0.0932036 
31.21 0.0931918 
31.22 0.09318 
31.23 0.0931682 
31.24 0.0931564 
31.25 0.0931446 
31.26 0.0931328 
31.27 0.093121 
31.28 0.0931093 
31.29 0.0930975 
31.3 0.0930858 
31.31 0.093074 
31.32 0.0930623 
31.33 0.0930506 
31.34 0.0930388 
31.35 0.0930271 
31.36 0.0930154 
31.37 0.0930037 
31.38 0.092992 
31.39 0.0929803 
31.4 0.0929687 
31.41 0.092957 
31.42 0.0929454 
31.43 0.0929337 
31.44 0.0929221 
31.45 0.0929104 
31.46 0.0928988 
31.47 0.0928872 
31.48 0.0928756 
31.49 0.092864 
31.5 0.0928524 
31.51 0.0928408 
31.52 0.0928292 
31.53 0.0928176 
31.54 0.092806 
31.55 0.0927945 
31.56 0.0927829 
31.57 0.0927714 
31.58 0.0927599 
31.59 0.0927483 
31.6 0.0927368 
31.61 0.0927253 
31.62 0.0927138 
31.63 0.0927023 
31.64 0.0926908 
31.65 0.0926793 
31.66 0.0926678 
31.67 0.0926564 
31.68 0.0926449 
31.69 0.0926334 
31.7 0.092622 
31.71 0.0926106 
31.72 0.0925991 
31.73 0.0925877 
31.74 0.0925763 
31.75 0.0925649 
31.76 0.0925535 
31.77 0.0925421 
31.78 0.0925307 
31.79 0.0925193 
31.8 0.092508 
31.81 0.0924966 
31.82 0.0924852 
31.83 0.0924739 
31.84 0.0924626 
31.85 0.0924512 
31.86 0.0924399 
31.87 0.0924286 
31.88 0.0924173 
31.89 0.092406 
31.9 0.0923947 
31.91 0.0923834 
31.92 0.0923721 
31.93 0.0923608 
31.94 0.0923495 
31.95 0.0923383 
31.96 0.092327 
31.97 0.0923158 
31.98 0.0923045 
31.99 0.0922933 
32 0.0922821 
32.01 0.0922709 
32.02 0.0922597 
32.03 0.0922485 
32.04 0.0922373 
32.05 0.0922261 
32.06 0.0922149 
32.07 0.0922037 
32.08 0.0921926 
32.09 0.0921814 
32.1 0.0921702 
32.11 0.0921591 
32.12 0.092148 
32.13 0.0921368 
32.14 0.0921257 
32.15 0.0921146 
32.16 0.0921035 
32.17 0.0920924 
32.18 0.0920813 
32.19 0.0920702 
32.2 0.0920591 
32.21 0.0920481 
32.22 0.092037 
32.23 0.0920259 
32.24 0.0920149 
32.25 0.0920038 
32.26 0.0919928 
32.27 0.0919818 
32.28 0.0919707 
32.29 0.0919597 
32.3 0.0919487 
32.31 0.0919377 
32.32 0.0919267 
32.33 0.0919157 
32.34 0.0919048 
32.35 0.0918938 
32.36 0.0918828 
32.37 0.0918719 
32.38 0.0918609 
32.39 0.09185 
32.4 0.091839 
32.41 0.0918281 
32.42 0.0918172 
32.43 0.0918062 
32.44 0.0917953 
32.45 0.0917844 
32.46 0.0917735 
32.47 0.0917626 
32.48 0.0917518 
32.49 0.0917409 
32.5 0.09173 
32.51 0.0917192 
32.52 0.0917083 
32.53 0.0916975 
32.54 0.0916866 
32.55 0.0916758 
32.56 0.091665 
32.57 0.0916541 
32.58 0.0916433 
32.59 0.0916325 
32.6 0.0916217 
32.61 0.0916109 
32.62 0.0916001 
32.63 0.0915894 
32.64 0.0915786 
32.65 0.0915678 
32.66 0.0915571 
32.67 0.0915463 
32.68 0.0915356 
32.69 0.0915248 
32.7 0.0915141 
32.71 0.0915034 
32.72 0.0914927 
32.73 0.0914819 
32.74 0.0914712 
32.75 0.0914605 
32.76 0.0914498 
32.77 0.0914392 
32.78 0.0914285 
32.79 0.0914178 
32.8 0.0914072 
32.81 0.0913965 
32.82 0.0913858 
32.83 0.0913752 
32.84 0.0913646 
32.85 0.0913539 
32.86 0.0913433 
32.87 0.0913327 
32.88 0.0913221 
32.89 0.0913115 
32.9 0.0913009 
32.91 0.0912903 
32.92 0.0912797 
32.93 0.0912691 
32.94 0.0912586 
32.95 0.091248 
32.96 0.0912374 
32.97 0.0912269 
32.98 0.0912164 
32.99 0.0912058 
33 0.0911953 
33.01 0.0911848 
33.02 0.0911742 
33.03 0.0911637 
33.04 0.0911532 
33.05 0.0911427 
33.06 0.0911322 
33.07 0.0911218 
33.08 0.0911113 
33.09 0.0911008 
33.1 0.0910904 
33.11 0.0910799 
33.12 0.0910694 
33.13 0.091059 
33.14 0.0910486 
33.15 0.0910381 
33.16 0.0910277 
33.17 0.0910173 
33.18 0.0910069 
33.19 0.0909965 
33.2 0.0909861 
33.21 0.0909757 
33.22 0.0909653 
33.23 0.0909549 
33.24 0.0909445 
33.25 0.0909342 
33.26 0.0909238 
33.27 0.0909135 
33.28 0.0909031 
33.29 0.0908928 
33.3 0.0908824 
33.31 0.0908721 
33.32 0.0908618 
33.33 0.0908515 
33.34 0.0908412 
33.35 0.0908308 
33.36 0.0908206 
33.37 0.0908103 
33.38 0.0908 
33.39 0.0907897 
33.4 0.0907794 
33.41 0.0907692 
33.42 0.0907589 
33.43 0.0907487 
33.44 0.0907384 
33.45 0.0907282 
33.46 0.0907179 
33.47 0.0907077 
33.48 0.0906975 
33.49 0.0906873 
33.5 0.0906771 
33.51 0.0906669 
33.52 0.0906567 
33.53 0.0906465 
33.54 0.0906363 
33.55 0.0906261 
33.56 0.090616 
33.57 0.0906058 
33.58 0.0905956 
33.59 0.0905855 
33.6 0.0905753 
33.61 0.0905652 
33.62 0.0905551 
33.63 0.0905449 
33.64 0.0905348 
33.65 0.0905247 
33.66 0.0905146 
33.67 0.0905045 
33.68 0.0904944 
33.69 0.0904843 
33.7 0.0904742 
33.71 0.0904642 
33.72 0.0904541 
33.73 0.090444 
33.74 0.090434 
33.75 0.0904239 
33.76 0.0904139 
33.77 0.0904038 
33.78 0.0903938 
33.79 0.0903838 
33.8 0.0903738 
33.81 0.0903637 
33.82 0.0903537 
33.83 0.0903437 
33.84 0.0903337 
33.85 0.0903237 
33.86 0.0903138 
33.87 0.0903038 
33.88 0.0902938 
33.89 0.0902838 
33.9 0.0902739 
33.91 0.0902639 
33.92 0.090254 
33.93 0.090244 
33.94 0.0902341 
33.95 0.0902242 
33.96 0.0902143 
33.97 0.0902043 
33.98 0.0901944 
33.99 0.0901845 
34 0.0901746 
34.01 0.0901647 
34.02 0.0901548 
34.03 0.090145 
34.04 0.0901351 
34.05 0.0901252 
34.06 0.0901154 
34.07 0.0901055 
34.08 0.0900956 
34.09 0.0900858 
34.1 0.090076 
34.11 0.0900661 
34.12 0.0900563 
34.13 0.0900465 
34.14 0.0900367 
34.15 0.0900269 
34.16 0.0900171 
34.17 0.0900073 
34.18 0.0899975 
34.19 0.0899877 
34.2 0.0899779 
34.21 0.0899681 
34.22 0.0899583 
34.23 0.0899486 
34.24 0.0899388 
34.25 0.0899291 
34.26 0.0899193 
34.27 0.0899096 
34.28 0.0898999 
34.29 0.0898901 
34.3 0.0898804 
34.31 0.0898707 
34.32 0.089861 
34.33 0.0898513 
34.34 0.0898416 
34.35 0.0898319 
34.36 0.0898222 
34.37 0.0898125 
34.38 0.0898029 
34.39 0.0897932 
34.4 0.0897835 
34.41 0.0897739 
34.42 0.0897642 
34.43 0.0897546 
34.44 0.0897449 
34.45 0.0897353 
34.46 0.0897257 
34.47 0.0897161 
34.48 0.0897064 
34.49 0.0896968 
34.5 0.0896872 
34.51 0.0896776 
34.52 0.089668 
34.53 0.0896584 
34.54 0.0896489 
34.55 0.0896393 
34.56 0.0896297 
34.57 0.0896201 
34.58 0.0896106 
34.59 0.089601 
34.6 0.0895915 
34.61 0.0895819 
34.62 0.0895724 
34.63 0.0895629 
34.64 0.0895533 
34.65 0.0895438 
34.66 0.0895343 
34.67 0.0895248 
34.68 0.0895153 
34.69 0.0895058 
34.7 0.0894963 
34.71 0.0894868 
34.72 0.0894774 
34.73 0.0894679 
34.74 0.0894584 
34.75 0.089449 
34.76 0.0894395 
34.77 0.08943 
34.78 0.0894206 
34.79 0.0894112 
34.8 0.0894017 
34.81 0.0893923 
34.82 0.0893829 
34.83 0.0893734 
34.84 0.089364 
34.85 0.0893546 
34.86 0.0893452 
34.87 0.0893358 
34.88 0.0893264 
34.89 0.0893171 
34.9 0.0893077 
34.91 0.0892983 
34.92 0.0892889 
34.93 0.0892796 
34.94 0.0892702 
34.95 0.0892609 
34.96 0.0892515 
34.97 0.0892422 
34.98 0.0892329 
34.99 0.0892235 
35 0.0892142 
35.01 0.0892049 
35.02 0.0891956 
35.03 0.0891863 
35.04 0.089177 
35.05 0.0891677 
35.06 0.0891584 
35.07 0.0891491 
35.08 0.0891398 
35.09 0.0891305 
35.1 0.0891213 
35.11 0.089112 
35.12 0.0891027 
35.13 0.0890935 
35.14 0.0890842 
35.15 0.089075 
35.16 0.0890658 
35.17 0.0890565 
35.18 0.0890473 
35.19 0.0890381 
35.2 0.0890289 
35.21 0.0890197 
35.22 0.0890105 
35.23 0.0890013 
35.24 0.0889921 
35.25 0.0889829 
35.26 0.0889737 
35.27 0.0889645 
35.28 0.0889554 
35.29 0.0889462 
35.3 0.088937 
35.31 0.0889279 
35.32 0.0889187 
35.33 0.0889096 
35.34 0.0889004 
35.35 0.0888913 
35.36 0.0888822 
35.37 0.0888731 
35.38 0.0888639 
35.39 0.0888548 
35.4 0.0888457 
35.41 0.0888366 
35.42 0.0888275 
35.43 0.0888184 
35.44 0.0888093 
35.45 0.0888003 
35.46 0.0887912 
35.47 0.0887821 
35.48 0.088773 
35.49 0.088764 
35.5 0.0887549 
35.51 0.0887459 
35.52 0.0887368 
35.53 0.0887278 
35.54 0.0887188 
35.55 0.0887097 
35.56 0.0887007 
35.57 0.0886917 
35.58 0.0886827 
35.59 0.0886737 
35.6 0.0886647 
35.61 0.0886557 
35.62 0.0886467 
35.63 0.0886377 
35.64 0.0886287 
35.65 0.0886197 
35.66 0.0886108 
35.67 0.0886018 
35.68 0.0885928 
35.69 0.0885839 
35.7 0.0885749 
35.71 0.088566 
35.72 0.0885571 
35.73 0.0885481 
35.74 0.0885392 
35.75 0.0885303 
35.76 0.0885213 
35.77 0.0885124 
35.78 0.0885035 
35.79 0.0884946 
35.8 0.0884857 
35.81 0.0884768 
35.82 0.0884679 
35.83 0.0884591 
35.84 0.0884502 
35.85 0.0884413 
35.86 0.0884324 
35.87 0.0884236 
35.88 0.0884147 
35.89 0.0884059 
35.9 0.088397 
35.91 0.0883882 
35.92 0.0883793 
35.93 0.0883705 
35.94 0.0883617 
35.95 0.0883529 
35.96 0.088344 
35.97 0.0883352 
35.98 0.0883264 
35.99 0.0883176 
36 0.0883088 
36.01 0.0883 
36.02 0.0882913 
36.03 0.0882825 
36.04 0.0882737 
36.05 0.0882649 
36.06 0.0882562 
36.07 0.0882474 
36.08 0.0882386 
36.09 0.0882299 
36.1 0.0882211 
36.11 0.0882124 
36.12 0.0882037 
36.13 0.0881949 
36.14 0.0881862 
36.15 0.0881775 
36.16 0.0881688 
36.17 0.0881601 
36.18 0.0881513 
36.19 0.0881426 
36.2 0.0881339 
36.21 0.0881253 
36.22 0.0881166 
36.23 0.0881079 
36.24 0.0880992 
36.25 0.0880905 
36.26 0.0880819 
36.27 0.0880732 
36.28 0.0880646 
36.29 0.0880559 
36.3 0.0880473 
36.31 0.0880386 
36.32 0.08803 
36.33 0.0880213 
36.34 0.0880127 
36.35 0.0880041 
36.36 0.0879955 
36.37 0.0879869 
36.38 0.0879783 
36.39 0.0879696 
36.4 0.087961 
36.41 0.0879525 
36.42 0.0879439 
36.43 0.0879353 
36.44 0.0879267 
36.45 0.0879181 
36.46 0.0879096 
36.47 0.087901 
36.48 0.0878924 
36.49 0.0878839 
36.5 0.0878753 
36.51 0.0878668 
36.52 0.0878583 
36.53 0.0878497 
36.54 0.0878412 
36.55 0.0878327 
36.56 0.0878241 
36.57 0.0878156 
36.58 0.0878071 
36.59 0.0877986 
36.6 0.0877901 
36.61 0.0877816 
36.62 0.0877731 
36.63 0.0877646 
36.64 0.0877561 
36.65 0.0877477 
36.66 0.0877392 
36.67 0.0877307 
36.68 0.0877223 
36.69 0.0877138 
36.7 0.0877053 
36.71 0.0876969 
36.72 0.0876885 
36.73 0.08768 
36.74 0.0876716 
36.75 0.0876631 
36.76 0.0876547 
36.77 0.0876463 
36.78 0.0876379 
36.79 0.0876295 
36.8 0.0876211 
36.81 0.0876127 
36.82 0.0876043 
36.83 0.0875959 
36.84 0.0875875 
36.85 0.0875791 
36.86 0.0875707 
36.87 0.0875624 
36.88 0.087554 
36.89 0.0875456 
36.9 0.0875373 
36.91 0.0875289 
36.92 0.0875206 
36.93 0.0875122 
36.94 0.0875039 
36.95 0.0874955 
36.96 0.0874872 
36.97 0.0874789 
36.98 0.0874706 
36.99 0.0874622 
37 0.0874539 
37.01 0.0874456 
37.02 0.0874373 
37.03 0.087429 
37.04 0.0874207 
37.05 0.0874124 
37.06 0.0874041 
37.07 0.0873959 
37.08 0.0873876 
37.09 0.0873793 
37.1 0.087371 
37.11 0.0873628 
37.12 0.0873545 
37.13 0.0873463 
37.14 0.087338 
37.15 0.0873298 
37.16 0.0873215 
37.17 0.0873133 
37.18 0.0873051 
37.19 0.0872969 
37.2 0.0872886 
37.21 0.0872804 
37.22 0.0872722 
37.23 0.087264 
37.24 0.0872558 
37.25 0.0872476 
37.26 0.0872394 
37.27 0.0872312 
37.28 0.087223 
37.29 0.0872148 
37.3 0.0872067 
37.31 0.0871985 
37.32 0.0871903 
37.33 0.0871822 
37.34 0.087174 
37.35 0.0871659 
37.36 0.0871577 
37.37 0.0871496 
37.38 0.0871414 
37.39 0.0871333 
37.4 0.0871252 
37.41 0.087117 
37.42 0.0871089 
37.43 0.0871008 
37.44 0.0870927 
37.45 0.0870846 
37.46 0.0870765 
37.47 0.0870684 
37.48 0.0870603 
37.49 0.0870522 
37.5 0.0870441 
37.51 0.087036 
37.52 0.0870279 
37.53 0.0870199 
37.54 0.0870118 
37.55 0.0870037 
37.56 0.0869957 
37.57 0.0869876 
37.58 0.0869796 
37.59 0.0869715 
37.6 0.0869635 
37.61 0.0869555 
37.62 0.0869474 
37.63 0.0869394 
37.64 0.0869314 
37.65 0.0869233 
37.66 0.0869153 
37.67 0.0869073 
37.68 0.0868993 
37.69 0.0868913 
37.7 0.0868833 
37.71 0.0868753 
37.72 0.0868673 
37.73 0.0868593 
37.74 0.0868514 
37.75 0.0868434 
37.76 0.0868354 
37.77 0.0868274 
37.78 0.0868195 
37.79 0.0868115 
37.8 0.0868036 
37.81 0.0867956 
37.82 0.0867877 
37.83 0.0867797 
37.84 0.0867718 
37.85 0.0867639 
37.86 0.0867559 
37.87 0.086748 
37.88 0.0867401 
37.89 0.0867322 
37.9 0.0867243 
37.91 0.0867164 
37.92 0.0867085 
37.93 0.0867006 
37.94 0.0866927 
37.95 0.0866848 
37.96 0.0866769 
37.97 0.086669 
37.98 0.0866611 
37.99 0.0866533 
38 0.0866454 
38.01 0.0866375 
38.02 0.0866297 
38.03 0.0866218 
38.04 0.086614 
38.05 0.0866061 
38.06 0.0865983 
38.07 0.0865904 
38.08 0.0865826 
38.09 0.0865748 
38.1 0.086567 
38.11 0.0865591 
38.12 0.0865513 
38.13 0.0865435 
38.14 0.0865357 
38.15 0.0865279 
38.16 0.0865201 
38.17 0.0865123 
38.18 0.0865045 
38.19 0.0864967 
38.2 0.0864889 
38.21 0.0864812 
38.22 0.0864734 
38.23 0.0864656 
38.24 0.0864578 
38.25 0.0864501 
38.26 0.0864423 
38.27 0.0864346 
38.28 0.0864268 
38.29 0.0864191 
38.3 0.0864113 
38.31 0.0864036 
38.32 0.0863959 
38.33 0.0863881 
38.34 0.0863804 
38.35 0.0863727 
38.36 0.086365 
38.37 0.0863573 
38.38 0.0863496 
38.39 0.0863419 
38.4 0.0863342 
38.41 0.0863265 
38.42 0.0863188 
38.43 0.0863111 
38.44 0.0863034 
38.45 0.0862957 
38.46 0.086288 
38.47 0.0862804 
38.48 0.0862727 
38.49 0.086265 
38.5 0.0862574 
38.51 0.0862497 
38.52 0.0862421 
38.53 0.0862344 
38.54 0.0862268 
38.55 0.0862192 
38.56 0.0862115 
38.57 0.0862039 
38.58 0.0861963 
38.59 0.0861886 
38.6 0.086181 
38.61 0.0861734 
38.62 0.0861658 
38.63 0.0861582 
38.64 0.0861506 
38.65 0.086143 
38.66 0.0861354 
38.67 0.0861278 
38.68 0.0861202 
38.69 0.0861127 
38.7 0.0861051 
38.71 0.0860975 
38.72 0.0860899 
38.73 0.0860824 
38.74 0.0860748 
38.75 0.0860673 
38.76 0.0860597 
38.77 0.0860522 
38.78 0.0860446 
38.79 0.0860371 
38.8 0.0860295 
38.81 0.086022 
38.82 0.0860145 
38.83 0.0860069 
38.84 0.0859994 
38.85 0.0859919 
38.86 0.0859844 
38.87 0.0859769 
38.88 0.0859694 
38.89 0.0859619 
38.9 0.0859544 
38.91 0.0859469 
38.92 0.0859394 
38.93 0.0859319 
38.94 0.0859244 
38.95 0.085917 
38.96 0.0859095 
38.97 0.085902 
38.98 0.0858946 
38.99 0.0858871 
39 0.0858796 
39.01 0.0858722 
39.02 0.0858647 
39.03 0.0858573 
39.04 0.0858499 
39.05 0.0858424 
39.06 0.085835 
39.07 0.0858276 
39.08 0.0858201 
39.09 0.0858127 
39.1 0.0858053 
39.11 0.0857979 
39.12 0.0857905 
39.13 0.0857831 
39.14 0.0857757 
39.15 0.0857683 
39.16 0.0857609 
39.17 0.0857535 
39.18 0.0857461 
39.19 0.0857387 
39.2 0.0857313 
39.21 0.085724 
39.22 0.0857166 
39.23 0.0857092 
39.24 0.0857018 
39.25 0.0856945 
39.26 0.0856871 
39.27 0.0856798 
39.28 0.0856724 
39.29 0.0856651 
39.3 0.0856578 
39.31 0.0856504 
39.32 0.0856431 
39.33 0.0856358 
39.34 0.0856284 
39.35 0.0856211 
39.36 0.0856138 
39.37 0.0856065 
39.38 0.0855992 
39.39 0.0855919 
39.4 0.0855846 
39.41 0.0855773 
39.42 0.08557 
39.43 0.0855627 
39.44 0.0855554 
39.45 0.0855481 
39.46 0.0855408 
39.47 0.0855336 
39.48 0.0855263 
39.49 0.085519 
39.5 0.0855118 
39.51 0.0855045 
39.52 0.0854972 
39.53 0.08549 
39.54 0.0854827 
39.55 0.0854755 
39.56 0.0854683 
39.57 0.085461 
39.58 0.0854538 
39.59 0.0854466 
39.6 0.0854393 
39.61 0.0854321 
39.62 0.0854249 
39.63 0.0854177 
39.64 0.0854105 
39.65 0.0854033 
39.66 0.0853961 
39.67 0.0853889 
39.68 0.0853817 
39.69 0.0853745 
39.7 0.0853673 
39.71 0.0853601 
39.72 0.0853529 
39.73 0.0853458 
39.74 0.0853386 
39.75 0.0853314 
39.76 0.0853242 
39.77 0.0853171 
39.78 0.0853099 
39.79 0.0853028 
39.8 0.0852956 
39.81 0.0852885 
39.82 0.0852813 
39.83 0.0852742 
39.84 0.0852671 
39.85 0.0852599 
39.86 0.0852528 
39.87 0.0852457 
39.88 0.0852385 
39.89 0.0852314 
39.9 0.0852243 
39.91 0.0852172 
39.92 0.0852101 
39.93 0.085203 
39.94 0.0851959 
39.95 0.0851888 
39.96 0.0851817 
39.97 0.0851746 
39.98 0.0851675 
39.99 0.0851605 
40 0.0851534 
40.01 0.0851463 
40.02 0.0851392 
40.03 0.0851322 
40.04 0.0851251 
40.05 0.0851181 
40.06 0.085111 
40.07 0.085104 
40.08 0.0850969 
40.09 0.0850899 
40.1 0.0850828 
40.11 0.0850758 
40.12 0.0850687 
40.13 0.0850617 
40.14 0.0850547 
40.15 0.0850477 
40.16 0.0850407 
40.17 0.0850336 
40.18 0.0850266 
40.19 0.0850196 
40.2 0.0850126 
40.21 0.0850056 
40.22 0.0849986 
40.23 0.0849916 
40.24 0.0849846 
40.25 0.0849776 
40.26 0.0849707 
40.27 0.0849637 
40.28 0.0849567 
40.29 0.0849497 
40.3 0.0849428 
40.31 0.0849358 
40.32 0.0849288 
40.33 0.0849219 
40.34 0.0849149 
40.35 0.084908 
40.36 0.084901 
40.37 0.0848941 
40.38 0.0848871 
40.39 0.0848802 
40.4 0.0848733 
40.41 0.0848663 
40.42 0.0848594 
40.43 0.0848525 
40.44 0.0848456 
40.45 0.0848387 
40.46 0.0848318 
40.47 0.0848248 
40.48 0.0848179 
40.49 0.084811 
40.5 0.0848041 
40.51 0.0847972 
40.52 0.0847904 
40.53 0.0847835 
40.54 0.0847766 
40.55 0.0847697 
40.56 0.0847628 
40.57 0.084756 
40.58 0.0847491 
40.59 0.0847422 
40.6 0.0847354 
40.61 0.0847285 
40.62 0.0847217 
40.63 0.0847148 
40.64 0.084708 
40.65 0.0847011 
40.66 0.0846943 
40.67 0.0846874 
40.68 0.0846806 
40.69 0.0846738 
40.7 0.0846669 
40.71 0.0846601 
40.72 0.0846533 
40.73 0.0846465 
40.74 0.0846397 
40.75 0.0846329 
40.76 0.084626 
40.77 0.0846192 
40.78 0.0846124 
40.79 0.0846056 
40.8 0.0845989 
40.81 0.0845921 
40.82 0.0845853 
40.83 0.0845785 
40.84 0.0845717 
40.85 0.0845649 
40.86 0.0845582 
40.87 0.0845514 
40.88 0.0845446 
40.89 0.0845379 
40.9 0.0845311 
40.91 0.0845244 
40.92 0.0845176 
40.93 0.0845109 
40.94 0.0845041 
40.95 0.0844974 
40.96 0.0844906 
40.97 0.0844839 
40.98 0.0844772 
40.99 0.0844704 
41 0.0844637 
41.01 0.084457 
41.02 0.0844503 
41.03 0.0844436 
41.04 0.0844368 
41.05 0.0844301 
41.06 0.0844234 
41.07 0.0844167 
41.08 0.08441 
41.09 0.0844033 
41.1 0.0843967 
41.11 0.08439 
41.12 0.0843833 
41.13 0.0843766 
41.14 0.0843699 
41.15 0.0843633 
41.16 0.0843566 
41.17 0.0843499 
41.18 0.0843433 
41.19 0.0843366 
41.2 0.0843299 
41.21 0.0843233 
41.22 0.0843166 
41.23 0.08431 
41.24 0.0843033 
41.25 0.0842967 
41.26 0.0842901 
41.27 0.0842834 
41.28 0.0842768 
41.29 0.0842702 
41.3 0.0842635 
41.31 0.0842569 
41.32 0.0842503 
41.33 0.0842437 
41.34 0.0842371 
41.35 0.0842305 
41.36 0.0842239 
41.37 0.0842173 
41.38 0.0842107 
41.39 0.0842041 
41.4 0.0841975 
41.41 0.0841909 
41.42 0.0841843 
41.43 0.0841777 
41.44 0.0841712 
41.45 0.0841646 
41.46 0.084158 
41.47 0.0841515 
41.48 0.0841449 
41.49 0.0841383 
41.5 0.0841318 
41.51 0.0841252 
41.52 0.0841187 
41.53 0.0841121 
41.54 0.0841056 
41.55 0.084099 
41.56 0.0840925 
41.57 0.084086 
41.58 0.0840794 
41.59 0.0840729 
41.6 0.0840664 
41.61 0.0840598 
41.62 0.0840533 
41.63 0.0840468 
41.64 0.0840403 
41.65 0.0840338 
41.66 0.0840273 
41.67 0.0840208 
41.68 0.0840143 
41.69 0.0840078 
41.7 0.0840013 
41.71 0.0839948 
41.72 0.0839883 
41.73 0.0839818 
41.74 0.0839754 
41.75 0.0839689 
41.76 0.0839624 
41.77 0.0839559 
41.78 0.0839495 
41.79 0.083943 
41.8 0.0839365 
41.81 0.0839301 
41.82 0.0839236 
41.83 0.0839172 
41.84 0.0839107 
41.85 0.0839043 
41.86 0.0838979 
41.87 0.0838914 
41.88 0.083885 
41.89 0.0838785 
41.9 0.0838721 
41.91 0.0838657 
41.92 0.0838593 
41.93 0.0838528 
41.94 0.0838464 
41.95 0.08384 
41.96 0.0838336 
41.97 0.0838272 
41.98 0.0838208 
41.99 0.0838144 
42 0.083808 
42.01 0.0838016 
42.02 0.0837952 
42.03 0.0837888 
42.04 0.0837824 
42.05 0.0837761 
42.06 0.0837697 
42.07 0.0837633 
42.08 0.0837569 
42.09 0.0837506 
42.1 0.0837442 
42.11 0.0837379 
42.12 0.0837315 
42.13 0.0837251 
42.14 0.0837188 
42.15 0.0837124 
42.16 0.0837061 
42.17 0.0836997 
42.18 0.0836934 
42.19 0.0836871 
42.2 0.0836807 
42.21 0.0836744 
42.22 0.0836681 
42.23 0.0836617 
42.24 0.0836554 
42.25 0.0836491 
42.26 0.0836428 
42.27 0.0836365 
42.28 0.0836302 
42.29 0.0836239 
42.3 0.0836176 
42.31 0.0836113 
42.32 0.083605 
42.33 0.0835987 
42.34 0.0835924 
42.35 0.0835861 
42.36 0.0835798 
42.37 0.0835735 
42.38 0.0835672 
42.39 0.083561 
42.4 0.0835547 
42.41 0.0835484 
42.42 0.0835422 
42.43 0.0835359 
42.44 0.0835296 
42.45 0.0835234 
42.46 0.0835171 
42.47 0.0835109 
42.48 0.0835046 
42.49 0.0834984 
42.5 0.0834921 
42.51 0.0834859 
42.52 0.0834797 
42.53 0.0834734 
42.54 0.0834672 
42.55 0.083461 
42.56 0.0834548 
42.57 0.0834485 
42.58 0.0834423 
42.59 0.0834361 
42.6 0.0834299 
42.61 0.0834237 
42.62 0.0834175 
42.63 0.0834113 
42.64 0.0834051 
42.65 0.0833989 
42.66 0.0833927 
42.67 0.0833865 
42.68 0.0833803 
42.69 0.0833741 
42.7 0.0833679 
42.71 0.0833618 
42.72 0.0833556 
42.73 0.0833494 
42.74 0.0833432 
42.75 0.0833371 
42.76 0.0833309 
42.77 0.0833248 
42.78 0.0833186 
42.79 0.0833124 
42.8 0.0833063 
42.81 0.0833001 
42.82 0.083294 
42.83 0.0832879 
42.84 0.0832817 
42.85 0.0832756 
42.86 0.0832694 
42.87 0.0832633 
42.88 0.0832572 
42.89 0.0832511 
42.9 0.0832449 
42.91 0.0832388 
42.92 0.0832327 
42.93 0.0832266 
42.94 0.0832205 
42.95 0.0832144 
42.96 0.0832083 
42.97 0.0832022 
42.98 0.0831961 
42.99 0.08319 
43 0.0831839 
43.01 0.0831778 
43.02 0.0831717 
43.03 0.0831656 
43.04 0.0831595 
43.05 0.0831535 
43.06 0.0831474 
43.07 0.0831413 
43.08 0.0831353 
43.09 0.0831292 
43.1 0.0831231 
43.11 0.0831171 
43.12 0.083111 
43.13 0.083105 
43.14 0.0830989 
43.15 0.0830929 
43.16 0.0830868 
43.17 0.0830808 
43.18 0.0830747 
43.19 0.0830687 
43.2 0.0830627 
43.21 0.0830566 
43.22 0.0830506 
43.23 0.0830446 
43.24 0.0830386 
43.25 0.0830325 
43.26 0.0830265 
43.27 0.0830205 
43.28 0.0830145 
43.29 0.0830085 
43.3 0.0830025 
43.31 0.0829965 
43.32 0.0829905 
43.33 0.0829845 
43.34 0.0829785 
43.35 0.0829725 
43.36 0.0829665 
43.37 0.0829605 
43.38 0.0829545 
43.39 0.0829486 
43.4 0.0829426 
43.41 0.0829366 
43.42 0.0829306 
43.43 0.0829247 
43.44 0.0829187 
43.45 0.0829128 
43.46 0.0829068 
43.47 0.0829008 
43.48 0.0828949 
43.49 0.0828889 
43.5 0.082883 
43.51 0.082877 
43.52 0.0828711 
43.53 0.0828652 
43.54 0.0828592 
43.55 0.0828533 
43.56 0.0828474 
43.57 0.0828414 
43.58 0.0828355 
43.59 0.0828296 
43.6 0.0828237 
43.61 0.0828178 
43.62 0.0828118 
43.63 0.0828059 
43.64 0.0828 
43.65 0.0827941 
43.66 0.0827882 
43.67 0.0827823 
43.68 0.0827764 
43.69 0.0827705 
43.7 0.0827646 
43.71 0.0827587 
43.72 0.0827529 
43.73 0.082747 
43.74 0.0827411 
43.75 0.0827352 
43.76 0.0827293 
43.77 0.0827235 
43.78 0.0827176 
43.79 0.0827117 
43.8 0.0827059 
43.81 0.0827 
43.82 0.0826942 
43.83 0.0826883 
43.84 0.0826825 
43.85 0.0826766 
43.86 0.0826708 
43.87 0.0826649 
43.88 0.0826591 
43.89 0.0826532 
43.9 0.0826474 
43.91 0.0826416 
43.92 0.0826357 
43.93 0.0826299 
43.94 0.0826241 
43.95 0.0826183 
43.96 0.0826124 
43.97 0.0826066 
43.98 0.0826008 
43.99 0.082595 
44 0.0825892 
44.01 0.0825834 
44.02 0.0825776 
44.03 0.0825718 
44.04 0.082566 
44.05 0.0825602 
44.06 0.0825544 
44.07 0.0825486 
44.08 0.0825428 
44.09 0.082537 
44.1 0.0825313 
44.11 0.0825255 
44.12 0.0825197 
44.13 0.0825139 
44.14 0.0825082 
44.15 0.0825024 
44.16 0.0824966 
44.17 0.0824909 
44.18 0.0824851 
44.19 0.0824794 
44.2 0.0824736 
44.21 0.0824679 
44.22 0.0824621 
44.23 0.0824564 
44.24 0.0824506 
44.25 0.0824449 
44.26 0.0824392 
44.27 0.0824334 
44.28 0.0824277 
44.29 0.082422 
44.3 0.0824162 
44.31 0.0824105 
44.32 0.0824048 
44.33 0.0823991 
44.34 0.0823934 
44.35 0.0823876 
44.36 0.0823819 
44.37 0.0823762 
44.38 0.0823705 
44.39 0.0823648 
44.4 0.0823591 
44.41 0.0823534 
44.42 0.0823477 
44.43 0.082342 
44.44 0.0823364 
44.45 0.0823307 
44.46 0.082325 
44.47 0.0823193 
44.48 0.0823136 
44.49 0.0823079 
44.5 0.0823023 
44.51 0.0822966 
44.52 0.0822909 
44.53 0.0822853 
44.54 0.0822796 
44.55 0.082274 
44.56 0.0822683 
44.57 0.0822626 
44.58 0.082257 
44.59 0.0822513 
44.6 0.0822457 
44.61 0.0822401 
44.62 0.0822344 
44.63 0.0822288 
44.64 0.0822231 
44.65 0.0822175 
44.66 0.0822119 
44.67 0.0822062 
44.68 0.0822006 
44.69 0.082195 
44.7 0.0821894 
44.71 0.0821838 
44.72 0.0821781 
44.73 0.0821725 
44.74 0.0821669 
44.75 0.0821613 
44.76 0.0821557 
44.77 0.0821501 
44.78 0.0821445 
44.79 0.0821389 
44.8 0.0821333 
44.81 0.0821277 
44.82 0.0821221 
44.83 0.0821166 
44.84 0.082111 
44.85 0.0821054 
44.86 0.0820998 
44.87 0.0820942 
44.88 0.0820887 
44.89 0.0820831 
44.9 0.0820775 
44.91 0.082072 
44.92 0.0820664 
44.93 0.0820608 
44.94 0.0820553 
44.95 0.0820497 
44.96 0.0820442 
44.97 0.0820386 
44.98 0.0820331 
44.99 0.0820275 
45 0.082022 
45.01 0.0820164 
45.02 0.0820109 
45.03 0.0820054 
45.04 0.0819998 
45.05 0.0819943 
45.06 0.0819888 
45.07 0.0819833 
45.08 0.0819777 
45.09 0.0819722 
45.1 0.0819667 
45.11 0.0819612 
45.12 0.0819557 
45.13 0.0819502 
45.14 0.0819447 
45.15 0.0819392 
45.16 0.0819337 
45.17 0.0819282 
45.18 0.0819227 
45.19 0.0819172 
45.2 0.0819117 
45.21 0.0819062 
45.22 0.0819007 
45.23 0.0818952 
45.24 0.0818897 
45.25 0.0818843 
45.26 0.0818788 
45.27 0.0818733 
45.28 0.0818679 
45.29 0.0818624 
45.3 0.0818569 
45.31 0.0818515 
45.32 0.081846 
45.33 0.0818405 
45.34 0.0818351 
45.35 0.0818296 
45.36 0.0818242 
45.37 0.0818187 
45.38 0.0818133 
45.39 0.0818078 
45.4 0.0818024 
45.41 0.081797 
45.42 0.0817915 
45.43 0.0817861 
45.44 0.0817807 
45.45 0.0817752 
45.46 0.0817698 
45.47 0.0817644 
45.48 0.081759 
45.49 0.0817535 
45.5 0.0817481 
45.51 0.0817427 
45.52 0.0817373 
45.53 0.0817319 
45.54 0.0817265 
45.55 0.0817211 
45.56 0.0817157 
45.57 0.0817103 
45.58 0.0817049 
45.59 0.0816995 
45.6 0.0816941 
45.61 0.0816887 
45.62 0.0816833 
45.63 0.0816779 
45.64 0.0816726 
45.65 0.0816672 
45.66 0.0816618 
45.67 0.0816564 
45.68 0.0816511 
45.69 0.0816457 
45.7 0.0816403 
45.71 0.081635 
45.72 0.0816296 
45.73 0.0816242 
45.74 0.0816189 
45.75 0.0816135 
45.76 0.0816082 
45.77 0.0816028 
45.78 0.0815975 
45.79 0.0815921 
45.8 0.0815868 
45.81 0.0815815 
45.82 0.0815761 
45.83 0.0815708 
45.84 0.0815655 
45.85 0.0815601 
45.86 0.0815548 
45.87 0.0815495 
45.88 0.0815442 
45.89 0.0815388 
45.9 0.0815335 
45.91 0.0815282 
45.92 0.0815229 
45.93 0.0815176 
45.94 0.0815123 
45.95 0.081507 
45.96 0.0815017 
45.97 0.0814964 
45.98 0.0814911 
45.99 0.0814858 
46 0.0814805 
46.01 0.0814752 
46.02 0.0814699 
46.03 0.0814646 
46.04 0.0814593 
46.05 0.0814541 
46.06 0.0814488 
46.07 0.0814435 
46.08 0.0814382 
46.09 0.0814329 
46.1 0.0814277 
46.11 0.0814224 
46.12 0.0814172 
46.13 0.0814119 
46.14 0.0814066 
46.15 0.0814014 
46.16 0.0813961 
46.17 0.0813909 
46.18 0.0813856 
46.19 0.0813804 
46.2 0.0813751 
46.21 0.0813699 
46.22 0.0813646 
46.23 0.0813594 
46.24 0.0813542 
46.25 0.0813489 
46.26 0.0813437 
46.27 0.0813385 
46.28 0.0813332 
46.29 0.081328 
46.3 0.0813228 
46.31 0.0813176 
46.32 0.0813124 
46.33 0.0813071 
46.34 0.0813019 
46.35 0.0812967 
46.36 0.0812915 
46.37 0.0812863 
46.38 0.0812811 
46.39 0.0812759 
46.4 0.0812707 
46.41 0.0812655 
46.42 0.0812603 
46.43 0.0812551 
46.44 0.0812499 
46.45 0.0812447 
46.46 0.0812396 
46.47 0.0812344 
46.48 0.0812292 
46.49 0.081224 
46.5 0.0812188 
46.51 0.0812137 
46.52 0.0812085 
46.53 0.0812033 
46.54 0.0811982 
46.55 0.081193 
46.56 0.0811878 
46.57 0.0811827 
46.58 0.0811775 
46.59 0.0811724 
46.6 0.0811672 
46.61 0.0811621 
46.62 0.0811569 
46.63 0.0811518 
46.64 0.0811466 
46.65 0.0811415 
46.66 0.0811364 
46.67 0.0811312 
46.68 0.0811261 
46.69 0.081121 
46.7 0.0811158 
46.71 0.0811107 
46.72 0.0811056 
46.73 0.0811005 
46.74 0.0810953 
46.75 0.0810902 
46.76 0.0810851 
46.77 0.08108 
46.78 0.0810749 
46.79 0.0810698 
46.8 0.0810647 
46.81 0.0810596 
46.82 0.0810545 
46.83 0.0810494 
46.84 0.0810443 
46.85 0.0810392 
46.86 0.0810341 
46.87 0.081029 
46.88 0.0810239 
46.89 0.0810188 
46.9 0.0810137 
46.91 0.0810087 
46.92 0.0810036 
46.93 0.0809985 
46.94 0.0809934 
46.95 0.0809884 
46.96 0.0809833 
46.97 0.0809782 
46.98 0.0809732 
46.99 0.0809681 
47 0.080963 
47.01 0.080958 
47.02 0.0809529 
47.03 0.0809479 
47.04 0.0809428 
47.05 0.0809378 
47.06 0.0809327 
47.07 0.0809277 
47.08 0.0809226 
47.09 0.0809176 
47.1 0.0809126 
47.11 0.0809075 
47.12 0.0809025 
47.13 0.0808975 
47.14 0.0808924 
47.15 0.0808874 
47.16 0.0808824 
47.17 0.0808774 
47.18 0.0808723 
47.19 0.0808673 
47.2 0.0808623 
47.21 0.0808573 
47.22 0.0808523 
47.23 0.0808473 
47.24 0.0808423 
47.25 0.0808373 
47.26 0.0808323 
47.27 0.0808273 
47.28 0.0808223 
47.29 0.0808173 
47.3 0.0808123 
47.31 0.0808073 
47.32 0.0808023 
47.33 0.0807973 
47.34 0.0807923 
47.35 0.0807873 
47.36 0.0807824 
47.37 0.0807774 
47.38 0.0807724 
47.39 0.0807674 
47.4 0.0807625 
47.41 0.0807575 
47.42 0.0807525 
47.43 0.0807476 
47.44 0.0807426 
47.45 0.0807377 
47.46 0.0807327 
47.47 0.0807277 
47.48 0.0807228 
47.49 0.0807178 
47.5 0.0807129 
47.51 0.0807079 
47.52 0.080703 
47.53 0.080698 
47.54 0.0806931 
47.55 0.0806882 
47.56 0.0806832 
47.57 0.0806783 
47.58 0.0806734 
47.59 0.0806684 
47.6 0.0806635 
47.61 0.0806586 
47.62 0.0806537 
47.63 0.0806487 
47.64 0.0806438 
47.65 0.0806389 
47.66 0.080634 
47.67 0.0806291 
47.68 0.0806242 
47.69 0.0806193 
47.7 0.0806144 
47.71 0.0806095 
47.72 0.0806046 
47.73 0.0805997 
47.74 0.0805948 
47.75 0.0805899 
47.76 0.080585 
47.77 0.0805801 
47.78 0.0805752 
47.79 0.0805703 
47.8 0.0805654 
47.81 0.0805605 
47.82 0.0805557 
47.83 0.0805508 
47.84 0.0805459 
47.85 0.080541 
47.86 0.0805362 
47.87 0.0805313 
47.88 0.0805264 
47.89 0.0805216 
47.9 0.0805167 
47.91 0.0805118 
47.92 0.080507 
47.93 0.0805021 
47.94 0.0804973 
47.95 0.0804924 
47.96 0.0804876 
47.97 0.0804827 
47.98 0.0804779 
47.99 0.080473 
48 0.0804682 
48.01 0.0804634 
48.02 0.0804585 
48.03 0.0804537 
48.04 0.0804489 
48.05 0.080444 
48.06 0.0804392 
48.07 0.0804344 
48.08 0.0804295 
48.09 0.0804247 
48.1 0.0804199 
48.11 0.0804151 
48.12 0.0804103 
48.13 0.0804055 
48.14 0.0804006 
48.15 0.0803958 
48.16 0.080391 
48.17 0.0803862 
48.18 0.0803814 
48.19 0.0803766 
48.2 0.0803718 
48.21 0.080367 
48.22 0.0803622 
48.23 0.0803574 
48.24 0.0803526 
48.25 0.0803478 
48.26 0.0803431 
48.27 0.0803383 
48.28 0.0803335 
48.29 0.0803287 
48.3 0.0803239 
48.31 0.0803192 
48.32 0.0803144 
48.33 0.0803096 
48.34 0.0803048 
48.35 0.0803001 
48.36 0.0802953 
48.37 0.0802905 
48.38 0.0802858 
48.39 0.080281 
48.4 0.0802763 
48.41 0.0802715 
48.42 0.0802668 
48.43 0.080262 
48.44 0.0802573 
48.45 0.0802525 
48.46 0.0802478 
48.47 0.080243 
48.48 0.0802383 
48.49 0.0802335 
48.5 0.0802288 
48.51 0.0802241 
48.52 0.0802193 
48.53 0.0802146 
48.54 0.0802099 
48.55 0.0802051 
48.56 0.0802004 
48.57 0.0801957 
48.58 0.080191 
48.59 0.0801863 
48.6 0.0801815 
48.61 0.0801768 
48.62 0.0801721 
48.63 0.0801674 
48.64 0.0801627 
48.65 0.080158 
48.66 0.0801533 
48.67 0.0801486 
48.68 0.0801439 
48.69 0.0801392 
48.7 0.0801345 
48.71 0.0801298 
48.72 0.0801251 
48.73 0.0801204 
48.74 0.0801157 
48.75 0.080111 
48.76 0.0801064 
48.77 0.0801017 
48.78 0.080097 
48.79 0.0800923 
48.8 0.0800877 
48.81 0.080083 
48.82 0.0800783 
48.83 0.0800736 
48.84 0.080069 
48.85 0.0800643 
48.86 0.0800596 
48.87 0.080055 
48.88 0.0800503 
48.89 0.0800457 
48.9 0.080041 
48.91 0.0800364 
48.92 0.0800317 
48.93 0.0800271 
48.94 0.0800224 
48.95 0.0800178 
48.96 0.0800131 
48.97 0.0800085 
48.98 0.0800038 
48.99 0.0799992 
49 0.0799946 
49.01 0.0799899 
49.02 0.0799853 
49.03 0.0799807 
49.04 0.079976 
49.05 0.0799714 
49.06 0.0799668 
49.07 0.0799622 
49.08 0.0799576 
49.09 0.0799529 
49.1 0.0799483 
49.11 0.0799437 
49.12 0.0799391 
49.13 0.0799345 
49.14 0.0799299 
49.15 0.0799253 
49.16 0.0799207 
49.17 0.0799161 
49.18 0.0799115 
49.19 0.0799069 
49.2 0.0799023 
49.21 0.0798977 
49.22 0.0798931 
49.23 0.0798885 
49.24 0.0798839 
49.25 0.0798793 
49.26 0.0798747 
49.27 0.0798702 
49.28 0.0798656 
49.29 0.079861 
49.3 0.0798564 
49.31 0.0798519 
49.32 0.0798473 
49.33 0.0798427 
49.34 0.0798381 
49.35 0.0798336 
49.36 0.079829 
49.37 0.0798244 
49.38 0.0798199 
49.39 0.0798153 
49.4 0.0798108 
49.41 0.0798062 
49.42 0.0798017 
49.43 0.0797971 
49.44 0.0797926 
49.45 0.079788 
49.46 0.0797835 
49.47 0.0797789 
49.48 0.0797744 
49.49 0.0797698 
49.5 0.0797653 
49.51 0.0797608 
49.52 0.0797562 
49.53 0.0797517 
49.54 0.0797472 
49.55 0.0797427 
49.56 0.0797381 
49.57 0.0797336 
49.58 0.0797291 
49.59 0.0797246 
49.6 0.07972 
49.61 0.0797155 
49.62 0.079711 
49.63 0.0797065 
49.64 0.079702 
49.65 0.0796975 
49.66 0.079693 
49.67 0.0796885 
49.68 0.079684 
49.69 0.0796795 
49.7 0.079675 
49.71 0.0796705 
49.72 0.079666 
49.73 0.0796615 
49.74 0.079657 
49.75 0.0796525 
49.76 0.079648 
49.77 0.0796435 
49.78 0.0796391 
49.79 0.0796346 
49.8 0.0796301 
49.81 0.0796256 
49.82 0.0796211 
49.83 0.0796167 
49.84 0.0796122 
49.85 0.0796077 
49.86 0.0796033 
49.87 0.0795988 
49.88 0.0795943 
49.89 0.0795899 
49.9 0.0795854 
49.91 0.0795809 
49.92 0.0795765 
49.93 0.079572 
49.94 0.0795676 
49.95 0.0795631 
49.96 0.0795587 
49.97 0.0795542 
49.98 0.0795498 
49.99 0.0795453 
50 0.0795409 
