0 0.25 
0.01 0.250957 
0.02 0.251919 
0.03 0.252886 
0.04 0.253858 
0.05 0.254835 
0.06 0.255817 
0.07 0.256804 
0.08 0.257797 
0.09 0.258795 
0.1 0.259798 
0.11 0.260806 
0.12 0.26182 
0.13 0.262839 
0.14 0.263863 
0.15 0.264892 
0.16 0.265927 
0.17 0.266968 
0.18 0.268014 
0.19 0.269065 
0.2 0.270121 
0.21 0.271184 
0.22 0.272251 
0.23 0.273325 
0.24 0.274404 
0.25 0.275488 
0.26 0.276578 
0.27 0.277674 
0.28 0.278775 
0.29 0.279882 
0.3 0.280995 
0.31 0.282113 
0.32 0.283237 
0.33 0.284367 
0.34 0.285503 
0.35 0.286644 
0.36 0.287791 
0.37 0.288944 
0.38 0.290103 
0.39 0.291268 
0.4 0.292438 
0.41 0.293615 
0.42 0.294797 
0.43 0.295985 
0.44 0.297179 
0.45 0.298379 
0.46 0.299585 
0.47 0.300797 
0.48 0.302015 
0.49 0.303239 
0.5 0.304469 
0.51 0.305705 
0.52 0.306946 
0.53 0.308194 
0.54 0.309448 
0.55 0.310708 
0.56 0.311974 
0.57 0.313246 
0.58 0.314524 
0.59 0.315808 
0.6 0.317098 
0.61 0.318394 
0.62 0.319696 
0.63 0.321004 
0.64 0.322318 
0.65 0.323638 
0.66 0.324965 
0.67 0.326297 
0.68 0.327635 
0.69 0.328979 
0.7 0.33033 
0.71 0.331686 
0.72 0.333048 
0.73 0.334416 
0.74 0.33579 
0.75 0.337171 
0.76 0.338557 
0.77 0.339949 
0.78 0.341347 
0.79 0.34275 
0.8 0.34416 
0.81 0.345575 
0.82 0.346997 
0.83 0.348424 
0.84 0.349857 
0.85 0.351295 
0.86 0.35274 
0.87 0.35419 
0.88 0.355645 
0.89 0.357107 
0.9 0.358574 
0.91 0.360046 
0.92 0.361524 
0.93 0.363008 
0.94 0.364497 
0.95 0.365992 
0.96 0.367492 
0.97 0.368997 
0.98 0.370508 
0.99 0.372024 
1 0.373545 
1.01 0.375071 
1.02 0.376603 
1.03 0.378139 
1.04 0.379681 
1.05 0.381227 
1.06 0.382779 
1.07 0.384335 
1.08 0.385897 
1.09 0.387463 
1.1 0.389033 
1.11 0.390609 
1.12 0.392189 
1.13 0.393773 
1.14 0.395362 
1.15 0.396956 
1.16 0.398554 
1.17 0.400156 
1.18 0.401762 
1.19 0.403372 
1.2 0.404987 
1.21 0.406605 
1.22 0.408228 
1.23 0.409854 
1.24 0.411484 
1.25 0.413117 
1.26 0.414755 
1.27 0.416395 
1.28 0.41804 
1.29 0.419687 
1.3 0.421338 
1.31 0.422992 
1.32 0.42465 
1.33 0.42631 
1.34 0.427973 
1.35 0.429639 
1.36 0.431308 
1.37 0.43298 
1.38 0.434654 
1.39 0.43633 
1.4 0.438009 
1.41 0.439691 
1.42 0.441374 
1.43 0.44306 
1.44 0.444748 
1.45 0.446437 
1.46 0.448129 
1.47 0.449822 
1.48 0.451517 
1.49 0.453213 
1.5 0.454911 
1.51 0.45661 
1.52 0.45831 
1.53 0.460012 
1.54 0.461715 
1.55 0.463418 
1.56 0.465122 
1.57 0.466827 
1.58 0.468533 
1.59 0.470239 
1.6 0.471946 
1.61 0.473653 
1.62 0.47536 
1.63 0.477068 
1.64 0.478775 
1.65 0.480482 
1.66 0.482189 
1.67 0.483896 
1.68 0.485603 
1.69 0.487309 
1.7 0.489014 
1.71 0.490719 
1.72 0.492423 
1.73 0.494126 
1.74 0.495827 
1.75 0.497528 
1.76 0.499228 
1.77 0.500926 
1.78 0.502623 
1.79 0.504319 
1.8 0.506013 
1.81 0.507705 
1.82 0.509396 
1.83 0.511084 
1.84 0.512771 
1.85 0.514456 
1.86 0.516138 
1.87 0.517819 
1.88 0.519496 
1.89 0.521172 
1.9 0.522845 
1.91 0.524515 
1.92 0.526183 
1.93 0.527848 
1.94 0.52951 
1.95 0.531169 
1.96 0.532825 
1.97 0.534478 
1.98 0.536128 
1.99 0.537775 
2 0.539418 
2.01 0.541058 
2.02 0.542695 
2.03 0.544327 
2.04 0.545956 
2.05 0.547582 
2.06 0.549204 
2.07 0.550821 
2.08 0.552435 
2.09 0.554045 
2.1 0.555651 
2.11 0.557253 
2.12 0.558851 
2.13 0.560444 
2.14 0.562033 
2.15 0.563618 
2.16 0.565198 
2.17 0.566774 
2.18 0.568345 
2.19 0.569911 
2.2 0.571473 
2.21 0.573031 
2.22 0.574583 
2.23 0.576131 
2.24 0.577674 
2.25 0.579212 
2.26 0.580745 
2.27 0.582273 
2.28 0.583797 
2.29 0.585315 
2.3 0.586828 
2.31 0.588336 
2.32 0.589838 
2.33 0.591336 
2.34 0.592828 
2.35 0.594315 
2.36 0.595797 
2.37 0.597273 
2.38 0.598744 
2.39 0.600209 
2.4 0.601669 
2.41 0.603124 
2.42 0.604573 
2.43 0.606017 
2.44 0.607455 
2.45 0.608888 
2.46 0.610315 
2.47 0.611736 
2.48 0.613152 
2.49 0.614563 
2.5 0.615967 
2.51 0.617366 
2.52 0.61876 
2.53 0.620147 
2.54 0.621529 
2.55 0.622906 
2.56 0.624276 
2.57 0.625641 
2.58 0.627 
2.59 0.628354 
2.6 0.629701 
2.61 0.631043 
2.62 0.63238 
2.63 0.63371 
2.64 0.635035 
2.65 0.636354 
2.66 0.637667 
2.67 0.638974 
2.68 0.640276 
2.69 0.641572 
2.7 0.642862 
2.71 0.644147 
2.72 0.645425 
2.73 0.646698 
2.74 0.647966 
2.75 0.649227 
2.76 0.650483 
2.77 0.651733 
2.78 0.652977 
2.79 0.654216 
2.8 0.655449 
2.81 0.656677 
2.82 0.657898 
2.83 0.659114 
2.84 0.660325 
2.85 0.661529 
2.86 0.662729 
2.87 0.663922 
2.88 0.66511 
2.89 0.666293 
2.9 0.667469 
2.91 0.668641 
2.92 0.669806 
2.93 0.670967 
2.94 0.672121 
2.95 0.673271 
2.96 0.674414 
2.97 0.675553 
2.98 0.676686 
2.99 0.677813 
3 0.678935 
3.01 0.680052 
3.02 0.681163 
3.03 0.682269 
3.04 0.68337 
3.05 0.684466 
3.06 0.685556 
3.07 0.686641 
3.08 0.68772 
3.09 0.688795 
3.1 0.689864 
3.11 0.690928 
3.12 0.691987 
3.13 0.693041 
3.14 0.694089 
3.15 0.695133 
3.16 0.696172 
3.17 0.697205 
3.18 0.698234 
3.19 0.699257 
3.2 0.700276 
3.21 0.701289 
3.22 0.702298 
3.23 0.703302 
3.24 0.704301 
3.25 0.705295 
3.26 0.706284 
3.27 0.707268 
3.28 0.708248 
3.29 0.709223 
3.3 0.710193 
3.31 0.711158 
3.32 0.712119 
3.33 0.713075 
3.34 0.714026 
3.35 0.714973 
3.36 0.715916 
3.37 0.716853 
3.38 0.717786 
3.39 0.718715 
3.4 0.719639 
3.41 0.720559 
3.42 0.721474 
3.43 0.722385 
3.44 0.723291 
3.45 0.724193 
3.46 0.725091 
3.47 0.725984 
3.48 0.726873 
3.49 0.727758 
3.5 0.728639 
3.51 0.729515 
3.52 0.730387 
3.53 0.731255 
3.54 0.732119 
3.55 0.732979 
3.56 0.733835 
3.57 0.734686 
3.58 0.735534 
3.59 0.736377 
3.6 0.737217 
3.61 0.738052 
3.62 0.738884 
3.63 0.739711 
3.64 0.740535 
3.65 0.741355 
3.66 0.742171 
3.67 0.742983 
3.68 0.743791 
3.69 0.744596 
3.7 0.745396 
3.71 0.746193 
3.72 0.746987 
3.73 0.747776 
3.74 0.748562 
3.75 0.749344 
3.76 0.750123 
3.77 0.750898 
3.78 0.751669 
3.79 0.752437 
3.8 0.753201 
3.81 0.753962 
3.82 0.754719 
3.83 0.755473 
3.84 0.756224 
3.85 0.756971 
3.86 0.757714 
3.87 0.758454 
3.88 0.759191 
3.89 0.759924 
3.9 0.760655 
3.91 0.761381 
3.92 0.762105 
3.93 0.762825 
3.94 0.763542 
3.95 0.764256 
3.96 0.764966 
3.97 0.765674 
3.98 0.766378 
3.99 0.767079 
4 0.767777 
4.01 0.768472 
4.02 0.769164 
4.03 0.769853 
4.04 0.770538 
4.05 0.771221 
4.06 0.771901 
4.07 0.772577 
4.08 0.773251 
4.09 0.773922 
4.1 0.77459 
4.11 0.775255 
4.12 0.775917 
4.13 0.776576 
4.14 0.777233 
4.15 0.777886 
4.16 0.778537 
4.17 0.779185 
4.18 0.77983 
4.19 0.780473 
4.2 0.781112 
4.21 0.781749 
4.22 0.782383 
4.23 0.783015 
4.24 0.783644 
4.25 0.78427 
4.26 0.784894 
4.27 0.785515 
4.28 0.786133 
4.29 0.786749 
4.3 0.787362 
4.31 0.787973 
4.32 0.788581 
4.33 0.789187 
4.34 0.78979 
4.35 0.790391 
4.36 0.790989 
4.37 0.791585 
4.38 0.792178 
4.39 0.792769 
4.4 0.793357 
4.41 0.793943 
4.42 0.794527 
4.43 0.795108 
4.44 0.795687 
4.45 0.796264 
4.46 0.796839 
4.47 0.797411 
4.48 0.79798 
4.49 0.798548 
4.5 0.799113 
4.51 0.799676 
4.52 0.800237 
4.53 0.800796 
4.54 0.801352 
4.55 0.801906 
4.56 0.802459 
4.57 0.803008 
4.58 0.803556 
4.59 0.804102 
4.6 0.804645 
4.61 0.805187 
4.62 0.805726 
4.63 0.806264 
4.64 0.806799 
4.65 0.807332 
4.66 0.807863 
4.67 0.808392 
4.68 0.808919 
4.69 0.809444 
4.7 0.809968 
4.71 0.810489 
4.72 0.811008 
4.73 0.811525 
4.74 0.812041 
4.75 0.812554 
4.76 0.813066 
4.77 0.813575 
4.78 0.814083 
4.79 0.814589 
4.8 0.815093 
4.81 0.815595 
4.82 0.816096 
4.83 0.816594 
4.84 0.817091 
4.85 0.817586 
4.86 0.818079 
4.87 0.81857 
4.88 0.81906 
4.89 0.819548 
4.9 0.820034 
4.91 0.820518 
4.92 0.821001 
4.93 0.821482 
4.94 0.821961 
4.95 0.822439 
4.96 0.822914 
4.97 0.823389 
4.98 0.823861 
4.99 0.824332 
5 0.824801 
5.01 0.825269 
5.02 0.825735 
5.03 0.826199 
5.04 0.826662 
5.05 0.827123 
5.06 0.827583 
5.07 0.828041 
5.08 0.828498 
5.09 0.828953 
5.1 0.829406 
5.11 0.829858 
5.12 0.830308 
5.13 0.830757 
5.14 0.831205 
5.15 0.831651 
5.16 0.832095 
5.17 0.832538 
5.18 0.83298 
5.19 0.83342 
5.2 0.833858 
5.21 0.834295 
5.22 0.834731 
5.23 0.835165 
5.24 0.835598 
5.25 0.83603 
5.26 0.83646 
5.27 0.836888 
5.28 0.837316 
5.29 0.837742 
5.3 0.838166 
5.31 0.83859 
5.32 0.839012 
5.33 0.839432 
5.34 0.839851 
5.35 0.840269 
5.36 0.840686 
5.37 0.841101 
5.38 0.841515 
5.39 0.841928 
5.4 0.84234 
5.41 0.84275 
5.42 0.843159 
5.43 0.843566 
5.44 0.843973 
5.45 0.844378 
5.46 0.844782 
5.47 0.845185 
5.48 0.845586 
5.49 0.845986 
5.5 0.846386 
5.51 0.846783 
5.52 0.84718 
5.53 0.847576 
5.54 0.84797 
5.55 0.848363 
5.56 0.848755 
5.57 0.849146 
5.58 0.849536 
5.59 0.849924 
5.6 0.850312 
5.61 0.850698 
5.62 0.851083 
5.63 0.851467 
5.64 0.85185 
5.65 0.852232 
5.66 0.852613 
5.67 0.852993 
5.68 0.853371 
5.69 0.853749 
5.7 0.854125 
5.71 0.854501 
5.72 0.854875 
5.73 0.855248 
5.74 0.85562 
5.75 0.855992 
5.76 0.856362 
5.77 0.856731 
5.78 0.857099 
5.79 0.857466 
5.8 0.857832 
5.81 0.858197 
5.82 0.858561 
5.83 0.858924 
5.84 0.859287 
5.85 0.859648 
5.86 0.860008 
5.87 0.860367 
5.88 0.860725 
5.89 0.861082 
5.9 0.861439 
5.91 0.861794 
5.92 0.862149 
5.93 0.862502 
5.94 0.862855 
5.95 0.863206 
5.96 0.863557 
5.97 0.863907 
5.98 0.864256 
5.99 0.864604 
6 0.864951 
6.01 0.865297 
6.02 0.865642 
6.03 0.865986 
6.04 0.86633 
6.05 0.866673 
6.06 0.867014 
6.07 0.867355 
6.08 0.867695 
6.09 0.868035 
6.1 0.868373 
6.11 0.86871 
6.12 0.869047 
6.13 0.869383 
6.14 0.869718 
6.15 0.870052 
6.16 0.870385 
6.17 0.870718 
6.18 0.87105 
6.19 0.871381 
6.2 0.871711 
6.21 0.87204 
6.22 0.872368 
6.23 0.872696 
6.24 0.873023 
6.25 0.873349 
6.26 0.873675 
6.27 0.873999 
6.28 0.874323 
6.29 0.874646 
6.3 0.874968 
6.31 0.87529 
6.32 0.875611 
6.33 0.875931 
6.34 0.87625 
6.35 0.876568 
6.36 0.876886 
6.37 0.877203 
6.38 0.87752 
6.39 0.877835 
6.4 0.87815 
6.41 0.878464 
6.42 0.878778 
6.43 0.879091 
6.44 0.879403 
6.45 0.879714 
6.46 0.880025 
6.47 0.880335 
6.48 0.880644 
6.49 0.880953 
6.5 0.881261 
6.51 0.881568 
6.52 0.881874 
6.53 0.88218 
6.54 0.882485 
6.55 0.88279 
6.56 0.883094 
6.57 0.883397 
6.58 0.8837 
6.59 0.884001 
6.6 0.884303 
6.61 0.884603 
6.62 0.884903 
6.63 0.885203 
6.64 0.885501 
6.65 0.885799 
6.66 0.886097 
6.67 0.886394 
6.68 0.88669 
6.69 0.886985 
6.7 0.88728 
6.71 0.887575 
6.72 0.887869 
6.73 0.888162 
6.74 0.888454 
6.75 0.888746 
6.76 0.889038 
6.77 0.889328 
6.78 0.889618 
6.79 0.889908 
6.8 0.890197 
6.81 0.890485 
6.82 0.890773 
6.83 0.89106 
6.84 0.891347 
6.85 0.891633 
6.86 0.891919 
6.87 0.892204 
6.88 0.892488 
6.89 0.892772 
6.9 0.893055 
6.91 0.893338 
6.92 0.89362 
6.93 0.893902 
6.94 0.894183 
6.95 0.894463 
6.96 0.894743 
6.97 0.895023 
6.98 0.895302 
6.99 0.89558 
7 0.895858 
7.01 0.896135 
7.02 0.896412 
7.03 0.896688 
7.04 0.896964 
7.05 0.897239 
7.06 0.897514 
7.07 0.897788 
7.08 0.898062 
7.09 0.898335 
7.1 0.898608 
7.11 0.89888 
7.12 0.899152 
7.13 0.899423 
7.14 0.899693 
7.15 0.899964 
7.16 0.900233 
7.17 0.900502 
7.18 0.900771 
7.19 0.901039 
7.2 0.901307 
7.21 0.901574 
7.22 0.901841 
7.23 0.902107 
7.24 0.902373 
7.25 0.902638 
7.26 0.902903 
7.27 0.903167 
7.28 0.903431 
7.29 0.903695 
7.3 0.903958 
7.31 0.90422 
7.32 0.904482 
7.33 0.904744 
7.34 0.905005 
7.35 0.905265 
7.36 0.905525 
7.37 0.905785 
7.38 0.906044 
7.39 0.906303 
7.4 0.906561 
7.41 0.906819 
7.42 0.907077 
7.43 0.907334 
7.44 0.90759 
7.45 0.907846 
7.46 0.908102 
7.47 0.908357 
7.48 0.908612 
7.49 0.908866 
7.5 0.90912 
7.51 0.909374 
7.52 0.909627 
7.53 0.909879 
7.54 0.910132 
7.55 0.910383 
7.56 0.910635 
7.57 0.910886 
7.58 0.911136 
7.59 0.911386 
7.6 0.911636 
7.61 0.911885 
7.62 0.912134 
7.63 0.912382 
7.64 0.91263 
7.65 0.912878 
7.66 0.913125 
7.67 0.913371 
7.68 0.913618 
7.69 0.913864 
7.7 0.914109 
7.71 0.914354 
7.72 0.914599 
7.73 0.914843 
7.74 0.915087 
7.75 0.91533 
7.76 0.915574 
7.77 0.915816 
7.78 0.916058 
7.79 0.9163 
7.8 0.916542 
7.81 0.916783 
7.82 0.917024 
7.83 0.917264 
7.84 0.917504 
7.85 0.917743 
7.86 0.917983 
7.87 0.918221 
7.88 0.91846 
7.89 0.918698 
7.9 0.918935 
7.91 0.919172 
7.92 0.919409 
7.93 0.919646 
7.94 0.919882 
7.95 0.920118 
7.96 0.920353 
7.97 0.920588 
7.98 0.920822 
7.99 0.921057 
8 0.921291 
8.01 0.921524 
8.02 0.921757 
8.03 0.92199 
8.04 0.922222 
8.05 0.922454 
8.06 0.922686 
8.07 0.922917 
8.08 0.923148 
8.09 0.923379 
8.1 0.923609 
8.11 0.923839 
8.12 0.924068 
8.13 0.924298 
8.14 0.924526 
8.15 0.924755 
8.16 0.924983 
8.17 0.925211 
8.18 0.925438 
8.19 0.925665 
8.2 0.925892 
8.21 0.926118 
8.22 0.926345 
8.23 0.92657 
8.24 0.926796 
8.25 0.927021 
8.26 0.927245 
8.27 0.92747 
8.28 0.927694 
8.29 0.927918 
8.3 0.928141 
8.31 0.928364 
8.32 0.928587 
8.33 0.928809 
8.34 0.929031 
8.35 0.929253 
8.36 0.929474 
8.37 0.929696 
8.38 0.929916 
8.39 0.930137 
8.4 0.930357 
8.41 0.930577 
8.42 0.930797 
8.43 0.931016 
8.44 0.931235 
8.45 0.931453 
8.46 0.931672 
8.47 0.93189 
8.48 0.932108 
8.49 0.932325 
8.5 0.932542 
8.51 0.932759 
8.52 0.932975 
8.53 0.933192 
8.54 0.933408 
8.55 0.933623 
8.56 0.933839 
8.57 0.934054 
8.58 0.934269 
8.59 0.934483 
8.6 0.934697 
8.61 0.934911 
8.62 0.935125 
8.63 0.935338 
8.64 0.935551 
8.65 0.935764 
8.66 0.935977 
8.67 0.936189 
8.68 0.936401 
8.69 0.936613 
8.7 0.936824 
8.71 0.937036 
8.72 0.937247 
8.73 0.937457 
8.74 0.937668 
8.75 0.937878 
8.76 0.938088 
8.77 0.938297 
8.78 0.938507 
8.79 0.938716 
8.8 0.938925 
8.81 0.939133 
8.82 0.939342 
8.83 0.93955 
8.84 0.939758 
8.85 0.939965 
8.86 0.940173 
8.87 0.94038 
8.88 0.940587 
8.89 0.940794 
8.9 0.941 
8.91 0.941206 
8.92 0.941412 
8.93 0.941618 
8.94 0.941824 
8.95 0.942029 
8.96 0.942234 
8.97 0.942439 
8.98 0.942643 
8.99 0.942848 
9 0.943052 
9.01 0.943256 
9.02 0.94346 
9.03 0.943663 
9.04 0.943867 
9.05 0.94407 
9.06 0.944273 
9.07 0.944475 
9.08 0.944678 
9.09 0.94488 
9.1 0.945082 
9.11 0.945284 
9.12 0.945486 
9.13 0.945687 
9.14 0.945888 
9.15 0.946089 
9.16 0.94629 
9.17 0.946491 
9.18 0.946692 
9.19 0.946892 
9.2 0.947092 
9.21 0.947292 
9.22 0.947492 
9.23 0.947691 
9.24 0.947891 
9.25 0.94809 
9.26 0.948289 
9.27 0.948488 
9.28 0.948686 
9.29 0.948885 
9.3 0.949083 
9.31 0.949281 
9.32 0.949479 
9.33 0.949677 
9.34 0.949875 
9.35 0.950072 
9.36 0.950269 
9.37 0.950466 
9.38 0.950663 
9.39 0.95086 
9.4 0.951057 
9.41 0.951253 
9.42 0.95145 
9.43 0.951646 
9.44 0.951842 
9.45 0.952038 
9.46 0.952233 
9.47 0.952429 
9.48 0.952624 
9.49 0.95282 
9.5 0.953015 
9.51 0.95321 
9.52 0.953405 
9.53 0.953599 
9.54 0.953794 
9.55 0.953988 
9.56 0.954183 
9.57 0.954377 
9.58 0.954571 
9.59 0.954765 
9.6 0.954958 
9.61 0.955152 
9.62 0.955346 
9.63 0.955539 
9.64 0.955732 
9.65 0.955925 
9.66 0.956118 
9.67 0.956311 
9.68 0.956504 
9.69 0.956697 
9.7 0.956889 
9.71 0.957081 
9.72 0.957274 
9.73 0.957466 
9.74 0.957658 
9.75 0.95785 
9.76 0.958042 
9.77 0.958233 
9.78 0.958425 
9.79 0.958616 
9.8 0.958808 
9.81 0.958999 
9.82 0.95919 
9.83 0.959381 
9.84 0.959572 
9.85 0.959763 
9.86 0.959954 
9.87 0.960144 
9.88 0.960335 
9.89 0.960525 
9.9 0.960716 
9.91 0.960906 
9.92 0.961096 
9.93 0.961286 
9.94 0.961476 
9.95 0.961666 
9.96 0.961856 
9.97 0.962046 
9.98 0.962236 
9.99 0.962425 
10 0.962615 
10.01 0.962804 
10.02 0.962993 
10.03 0.963182 
10.04 0.963372 
10.05 0.963561 
10.06 0.96375 
10.07 0.963939 
10.08 0.964127 
10.09 0.964316 
10.1 0.964505 
10.11 0.964693 
10.12 0.964882 
10.13 0.96507 
10.14 0.965259 
10.15 0.965447 
10.16 0.965635 
10.17 0.965824 
10.18 0.966012 
10.19 0.9662 
10.2 0.966388 
10.21 0.966576 
10.22 0.966764 
10.23 0.966951 
10.24 0.967139 
10.25 0.967327 
10.26 0.967514 
10.27 0.967702 
10.28 0.96789 
10.29 0.968077 
10.3 0.968264 
10.31 0.968452 
10.32 0.968639 
10.33 0.968826 
10.34 0.969013 
10.35 0.969201 
10.36 0.969388 
10.37 0.969575 
10.38 0.969762 
10.39 0.969949 
10.4 0.970136 
10.41 0.970322 
10.42 0.970509 
10.43 0.970696 
10.44 0.970883 
10.45 0.971069 
10.46 0.971256 
10.47 0.971443 
10.48 0.971629 
10.49 0.971816 
10.5 0.972002 
10.51 0.972188 
10.52 0.972375 
10.53 0.972561 
10.54 0.972748 
10.55 0.972934 
10.56 0.97312 
10.57 0.973306 
10.58 0.973492 
10.59 0.973679 
10.6 0.973865 
10.61 0.974051 
10.62 0.974237 
10.63 0.974423 
10.64 0.974609 
10.65 0.974795 
10.66 0.974981 
10.67 0.975167 
10.68 0.975353 
10.69 0.975539 
10.7 0.975724 
10.71 0.97591 
10.72 0.976096 
10.73 0.976282 
10.74 0.976468 
10.75 0.976653 
10.76 0.976839 
10.77 0.977025 
10.78 0.97721 
10.79 0.977396 
10.8 0.977582 
10.81 0.977767 
10.82 0.977953 
10.83 0.978139 
10.84 0.978324 
10.85 0.97851 
10.86 0.978695 
10.87 0.978881 
10.88 0.979066 
10.89 0.979252 
10.9 0.979437 
10.91 0.979623 
10.92 0.979808 
10.93 0.979994 
10.94 0.980179 
10.95 0.980365 
10.96 0.98055 
10.97 0.980736 
10.98 0.980921 
10.99 0.981107 
11 0.981292 
11.01 0.981477 
11.02 0.981663 
11.03 0.981848 
11.04 0.982034 
11.05 0.982219 
11.06 0.982405 
11.07 0.98259 
11.08 0.982775 
11.09 0.982961 
11.1 0.983146 
11.11 0.983332 
11.12 0.983517 
11.13 0.983702 
11.14 0.983888 
11.15 0.984073 
11.16 0.984259 
11.17 0.984444 
11.18 0.98463 
11.19 0.984815 
11.2 0.985001 
11.21 0.985186 
11.22 0.985372 
11.23 0.985557 
11.24 0.985743 
11.25 0.985928 
11.26 0.986113 
11.27 0.986299 
11.28 0.986485 
11.29 0.98667 
11.3 0.986856 
11.31 0.987041 
11.32 0.987227 
11.33 0.987412 
11.34 0.987598 
11.35 0.987784 
11.36 0.987969 
11.37 0.988155 
11.38 0.98834 
11.39 0.988526 
11.4 0.988712 
11.41 0.988898 
11.42 0.989083 
11.43 0.989269 
11.44 0.989455 
11.45 0.989641 
11.46 0.989826 
11.47 0.990012 
11.48 0.990198 
11.49 0.990384 
11.5 0.99057 
11.51 0.990756 
11.52 0.990941 
11.53 0.991127 
11.54 0.991313 
11.55 0.991499 
11.56 0.991685 
11.57 0.991871 
11.58 0.992057 
11.59 0.992243 
11.6 0.992429 
11.61 0.992616 
11.62 0.992802 
11.63 0.992988 
11.64 0.993174 
11.65 0.99336 
11.66 0.993547 
11.67 0.993733 
11.68 0.993919 
11.69 0.994105 
11.7 0.994292 
11.71 0.994478 
11.72 0.994665 
11.73 0.994851 
11.74 0.995037 
11.75 0.995224 
11.76 0.995411 
11.77 0.995597 
11.78 0.995784 
11.79 0.99597 
11.8 0.996157 
11.81 0.996344 
11.82 0.99653 
11.83 0.996717 
11.84 0.996904 
11.85 0.997091 
11.86 0.997277 
11.87 0.997464 
11.88 0.997651 
11.89 0.997838 
11.9 0.998025 
11.91 0.998212 
11.92 0.998399 
11.93 0.998586 
11.94 0.998774 
11.95 0.998961 
11.96 0.999148 
11.97 0.999335 
11.98 0.999522 
11.99 0.99971 
12 0.999897 
12.01 1.00008 
12.02 1.00027 
12.03 1.00046 
12.04 1.00065 
12.05 1.00083 
12.06 1.00102 
12.07 1.00121 
12.08 1.0014 
12.09 1.00159 
12.1 1.00177 
12.11 1.00196 
12.12 1.00215 
12.13 1.00234 
12.14 1.00252 
12.15 1.00271 
12.16 1.0029 
12.17 1.00309 
12.18 1.00328 
12.19 1.00346 
12.2 1.00365 
12.21 1.00384 
12.22 1.00403 
12.23 1.00422 
12.24 1.00441 
12.25 1.00459 
12.26 1.00478 
12.27 1.00497 
12.28 1.00516 
12.29 1.00535 
12.3 1.00554 
12.31 1.00572 
12.32 1.00591 
12.33 1.0061 
12.34 1.00629 
12.35 1.00648 
12.36 1.00667 
12.37 1.00686 
12.38 1.00705 
12.39 1.00723 
12.4 1.00742 
12.41 1.00761 
12.42 1.0078 
12.43 1.00799 
12.44 1.00818 
12.45 1.00837 
12.46 1.00856 
12.47 1.00875 
12.48 1.00894 
12.49 1.00913 
12.5 1.00931 
12.51 1.0095 
12.52 1.00969 
12.53 1.00988 
12.54 1.01007 
12.55 1.01026 
12.56 1.01045 
12.57 1.01064 
12.58 1.01083 
12.59 1.01102 
12.6 1.01121 
12.61 1.0114 
12.62 1.01159 
12.63 1.01178 
12.64 1.01197 
12.65 1.01216 
12.66 1.01235 
12.67 1.01254 
12.68 1.01273 
12.69 1.01292 
12.7 1.01311 
12.71 1.0133 
12.72 1.01349 
12.73 1.01368 
12.74 1.01387 
12.75 1.01406 
12.76 1.01425 
12.77 1.01444 
12.78 1.01463 
12.79 1.01482 
12.8 1.01501 
12.81 1.0152 
12.82 1.01539 
12.83 1.01558 
12.84 1.01577 
12.85 1.01597 
12.86 1.01616 
12.87 1.01635 
12.88 1.01654 
12.89 1.01673 
12.9 1.01692 
12.91 1.01711 
12.92 1.0173 
12.93 1.01749 
12.94 1.01768 
12.95 1.01787 
12.96 1.01807 
12.97 1.01826 
12.98 1.01845 
12.99 1.01864 
13 1.01883 
13.01 1.01902 
13.02 1.01921 
13.03 1.0194 
13.04 1.0196 
13.05 1.01979 
13.06 1.01998 
13.07 1.02017 
13.08 1.02036 
13.09 1.02055 
13.1 1.02075 
13.11 1.02094 
13.12 1.02113 
13.13 1.02132 
13.14 1.02151 
13.15 1.0217 
13.16 1.0219 
13.17 1.02209 
13.18 1.02228 
13.19 1.02247 
13.2 1.02266 
13.21 1.02286 
13.22 1.02305 
13.23 1.02324 
13.24 1.02343 
13.25 1.02363 
13.26 1.02382 
13.27 1.02401 
13.28 1.0242 
13.29 1.02439 
13.3 1.02459 
13.31 1.02478 
13.32 1.02497 
13.33 1.02516 
13.34 1.02536 
13.35 1.02555 
13.36 1.02574 
13.37 1.02594 
13.38 1.02613 
13.39 1.02632 
13.4 1.02651 
13.41 1.02671 
13.42 1.0269 
13.43 1.02709 
13.44 1.02729 
13.45 1.02748 
13.46 1.02767 
13.47 1.02787 
13.48 1.02806 
13.49 1.02825 
13.5 1.02844 
13.51 1.02864 
13.52 1.02883 
13.53 1.02902 
13.54 1.02922 
13.55 1.02941 
13.56 1.02961 
13.57 1.0298 
13.58 1.02999 
13.59 1.03019 
13.6 1.03038 
13.61 1.03057 
13.62 1.03077 
13.63 1.03096 
13.64 1.03115 
13.65 1.03135 
13.66 1.03154 
13.67 1.03174 
13.68 1.03193 
13.69 1.03212 
13.7 1.03232 
13.71 1.03251 
13.72 1.03271 
13.73 1.0329 
13.74 1.0331 
13.75 1.03329 
13.76 1.03348 
13.77 1.03368 
13.78 1.03387 
13.79 1.03407 
13.8 1.03426 
13.81 1.03446 
13.82 1.03465 
13.83 1.03485 
13.84 1.03504 
13.85 1.03523 
13.86 1.03543 
13.87 1.03562 
13.88 1.03582 
13.89 1.03601 
13.9 1.03621 
13.91 1.0364 
13.92 1.0366 
13.93 1.03679 
13.94 1.03699 
13.95 1.03718 
13.96 1.03738 
13.97 1.03757 
13.98 1.03777 
13.99 1.03796 
14 1.03816 
14.01 1.03836 
14.02 1.03855 
14.03 1.03875 
14.04 1.03894 
14.05 1.03914 
14.06 1.03933 
14.07 1.03953 
14.08 1.03972 
14.09 1.03992 
14.1 1.04011 
14.11 1.04031 
14.12 1.04051 
14.13 1.0407 
14.14 1.0409 
14.15 1.04109 
14.16 1.04129 
14.17 1.04149 
14.18 1.04168 
14.19 1.04188 
14.2 1.04207 
14.21 1.04227 
14.22 1.04247 
14.23 1.04266 
14.24 1.04286 
14.25 1.04306 
14.26 1.04325 
14.27 1.04345 
14.28 1.04364 
14.29 1.04384 
14.3 1.04404 
14.31 1.04423 
14.32 1.04443 
14.33 1.04463 
14.34 1.04482 
14.35 1.04502 
14.36 1.04522 
14.37 1.04541 
14.38 1.04561 
14.39 1.04581 
14.4 1.046 
14.41 1.0462 
14.42 1.0464 
14.43 1.0466 
14.44 1.04679 
14.45 1.04699 
14.46 1.04719 
14.47 1.04738 
14.48 1.04758 
14.49 1.04778 
14.5 1.04798 
14.51 1.04817 
14.52 1.04837 
14.53 1.04857 
14.54 1.04877 
14.55 1.04896 
14.56 1.04916 
14.57 1.04936 
14.58 1.04956 
14.59 1.04975 
14.6 1.04995 
14.61 1.05015 
14.62 1.05035 
14.63 1.05054 
14.64 1.05074 
14.65 1.05094 
14.66 1.05114 
14.67 1.05134 
14.68 1.05153 
14.69 1.05173 
14.7 1.05193 
14.71 1.05213 
14.72 1.05233 
14.73 1.05253 
14.74 1.05272 
14.75 1.05292 
14.76 1.05312 
14.77 1.05332 
14.78 1.05352 
14.79 1.05372 
14.8 1.05391 
14.81 1.05411 
14.82 1.05431 
14.83 1.05451 
14.84 1.05471 
14.85 1.05491 
14.86 1.05511 
14.87 1.05531 
14.88 1.0555 
14.89 1.0557 
14.9 1.0559 
14.91 1.0561 
14.92 1.0563 
14.93 1.0565 
14.94 1.0567 
14.95 1.0569 
14.96 1.0571 
14.97 1.0573 
14.98 1.0575 
14.99 1.0577 
15 1.05789 
15.01 1.05809 
15.02 1.05829 
15.03 1.05849 
15.04 1.05869 
15.05 1.05889 
15.06 1.05909 
15.07 1.05929 
15.08 1.05949 
15.09 1.05969 
15.1 1.05989 
15.11 1.06009 
15.12 1.06029 
15.13 1.06049 
15.14 1.06069 
15.15 1.06089 
15.16 1.06109 
15.17 1.06129 
15.18 1.06149 
15.19 1.06169 
15.2 1.06189 
15.21 1.06209 
15.22 1.06229 
15.23 1.06249 
15.24 1.06269 
15.25 1.06289 
15.26 1.06309 
15.27 1.06329 
15.28 1.06349 
15.29 1.06369 
15.3 1.06389 
15.31 1.0641 
15.32 1.0643 
15.33 1.0645 
15.34 1.0647 
15.35 1.0649 
15.36 1.0651 
15.37 1.0653 
15.38 1.0655 
15.39 1.0657 
15.4 1.0659 
15.41 1.0661 
15.42 1.06631 
15.43 1.06651 
15.44 1.06671 
15.45 1.06691 
15.46 1.06711 
15.47 1.06731 
15.48 1.06751 
15.49 1.06771 
15.5 1.06792 
15.51 1.06812 
15.52 1.06832 
15.53 1.06852 
15.54 1.06872 
15.55 1.06892 
15.56 1.06913 
15.57 1.06933 
15.58 1.06953 
15.59 1.06973 
15.6 1.06993 
15.61 1.07013 
15.62 1.07034 
15.63 1.07054 
15.64 1.07074 
15.65 1.07094 
15.66 1.07115 
15.67 1.07135 
15.68 1.07155 
15.69 1.07175 
15.7 1.07195 
15.71 1.07216 
15.72 1.07236 
15.73 1.07256 
15.74 1.07276 
15.75 1.07297 
15.76 1.07317 
15.77 1.07337 
15.78 1.07357 
15.79 1.07378 
15.8 1.07398 
15.81 1.07418 
15.82 1.07438 
15.83 1.07459 
15.84 1.07479 
15.85 1.07499 
15.86 1.0752 
15.87 1.0754 
15.88 1.0756 
15.89 1.07581 
15.9 1.07601 
15.91 1.07621 
15.92 1.07642 
15.93 1.07662 
15.94 1.07682 
15.95 1.07702 
15.96 1.07723 
15.97 1.07743 
15.98 1.07764 
15.99 1.07784 
16 1.07804 
16.01 1.07825 
16.02 1.07845 
16.03 1.07865 
16.04 1.07886 
16.05 1.07906 
16.06 1.07926 
16.07 1.07947 
16.08 1.07967 
16.09 1.07988 
16.1 1.08008 
16.11 1.08028 
16.12 1.08049 
16.13 1.08069 
16.14 1.0809 
16.15 1.0811 
16.16 1.0813 
16.17 1.08151 
16.18 1.08171 
16.19 1.08192 
16.2 1.08212 
16.21 1.08233 
16.22 1.08253 
16.23 1.08274 
16.24 1.08294 
16.25 1.08314 
16.26 1.08335 
16.27 1.08355 
16.28 1.08376 
16.29 1.08396 
16.3 1.08417 
16.31 1.08437 
16.32 1.08458 
16.33 1.08478 
16.34 1.08499 
16.35 1.08519 
16.36 1.0854 
16.37 1.0856 
16.38 1.08581 
16.39 1.08601 
16.4 1.08622 
16.41 1.08642 
16.42 1.08663 
16.43 1.08684 
16.44 1.08704 
16.45 1.08725 
16.46 1.08745 
16.47 1.08766 
16.48 1.08786 
16.49 1.08807 
16.5 1.08827 
16.51 1.08848 
16.52 1.08869 
16.53 1.08889 
16.54 1.0891 
16.55 1.0893 
16.56 1.08951 
16.57 1.08971 
16.58 1.08992 
16.59 1.09013 
16.6 1.09033 
16.61 1.09054 
16.62 1.09075 
16.63 1.09095 
16.64 1.09116 
16.65 1.09136 
16.66 1.09157 
16.67 1.09178 
16.68 1.09198 
16.69 1.09219 
16.7 1.0924 
16.71 1.0926 
16.72 1.09281 
16.73 1.09302 
16.74 1.09322 
16.75 1.09343 
16.76 1.09364 
16.77 1.09384 
16.78 1.09405 
16.79 1.09426 
16.8 1.09446 
16.81 1.09467 
16.82 1.09488 
16.83 1.09509 
16.84 1.09529 
16.85 1.0955 
16.86 1.09571 
16.87 1.09591 
16.88 1.09612 
16.89 1.09633 
16.9 1.09654 
16.91 1.09674 
16.92 1.09695 
16.93 1.09716 
16.94 1.09737 
16.95 1.09757 
16.96 1.09778 
16.97 1.09799 
16.98 1.0982 
16.99 1.0984 
17 1.09861 
17.01 1.09882 
17.02 1.09903 
17.03 1.09924 
17.04 1.09944 
17.05 1.09965 
17.06 1.09986 
17.07 1.10007 
17.08 1.10028 
17.09 1.10048 
17.1 1.10069 
17.11 1.1009 
17.12 1.10111 
17.13 1.10132 
17.14 1.10153 
17.15 1.10173 
17.16 1.10194 
17.17 1.10215 
17.18 1.10236 
17.19 1.10257 
17.2 1.10278 
17.21 1.10299 
17.22 1.1032 
17.23 1.1034 
17.24 1.10361 
17.25 1.10382 
17.26 1.10403 
17.27 1.10424 
17.28 1.10445 
17.29 1.10466 
17.3 1.10487 
17.31 1.10508 
17.32 1.10529 
17.33 1.10549 
17.34 1.1057 
17.35 1.10591 
17.36 1.10612 
17.37 1.10633 
17.38 1.10654 
17.39 1.10675 
17.4 1.10696 
17.41 1.10717 
17.42 1.10738 
17.43 1.10759 
17.44 1.1078 
17.45 1.10801 
17.46 1.10822 
17.47 1.10843 
17.48 1.10864 
17.49 1.10885 
17.5 1.10906 
17.51 1.10927 
17.52 1.10948 
17.53 1.10969 
17.54 1.1099 
17.55 1.11011 
17.56 1.11032 
17.57 1.11053 
17.58 1.11074 
17.59 1.11095 
17.6 1.11116 
17.61 1.11137 
17.62 1.11158 
17.63 1.11179 
17.64 1.112 
17.65 1.11221 
17.66 1.11242 
17.67 1.11263 
17.68 1.11285 
17.69 1.11306 
17.7 1.11327 
17.71 1.11348 
17.72 1.11369 
17.73 1.1139 
17.74 1.11411 
17.75 1.11432 
17.76 1.11453 
17.77 1.11474 
17.78 1.11496 
17.79 1.11517 
17.8 1.11538 
17.81 1.11559 
17.82 1.1158 
17.83 1.11601 
17.84 1.11622 
17.85 1.11644 
17.86 1.11665 
17.87 1.11686 
17.88 1.11707 
17.89 1.11728 
17.9 1.11749 
17.91 1.11771 
17.92 1.11792 
17.93 1.11813 
17.94 1.11834 
17.95 1.11855 
17.96 1.11876 
17.97 1.11898 
17.98 1.11919 
17.99 1.1194 
18 1.11961 
18.01 1.11983 
18.02 1.12004 
18.03 1.12025 
18.04 1.12046 
18.05 1.12067 
18.06 1.12089 
18.07 1.1211 
18.08 1.12131 
18.09 1.12152 
18.1 1.12174 
18.11 1.12195 
18.12 1.12216 
18.13 1.12238 
18.14 1.12259 
18.15 1.1228 
18.16 1.12301 
18.17 1.12323 
18.18 1.12344 
18.19 1.12365 
18.2 1.12387 
18.21 1.12408 
18.22 1.12429 
18.23 1.12451 
18.24 1.12472 
18.25 1.12493 
18.26 1.12514 
18.27 1.12536 
18.28 1.12557 
18.29 1.12579 
18.3 1.126 
18.31 1.12621 
18.32 1.12643 
18.33 1.12664 
18.34 1.12685 
18.35 1.12707 
18.36 1.12728 
18.37 1.12749 
18.38 1.12771 
18.39 1.12792 
18.4 1.12814 
18.41 1.12835 
18.42 1.12856 
18.43 1.12878 
18.44 1.12899 
18.45 1.12921 
18.46 1.12942 
18.47 1.12963 
18.48 1.12985 
18.49 1.13006 
18.5 1.13028 
18.51 1.13049 
18.52 1.13071 
18.53 1.13092 
18.54 1.13114 
18.55 1.13135 
18.56 1.13157 
18.57 1.13178 
18.58 1.13199 
18.59 1.13221 
18.6 1.13242 
18.61 1.13264 
18.62 1.13285 
18.63 1.13307 
18.64 1.13328 
18.65 1.1335 
18.66 1.13371 
18.67 1.13393 
18.68 1.13414 
18.69 1.13436 
18.7 1.13457 
18.71 1.13479 
18.72 1.13501 
18.73 1.13522 
18.74 1.13544 
18.75 1.13565 
18.76 1.13587 
18.77 1.13608 
18.78 1.1363 
18.79 1.13651 
18.8 1.13673 
18.81 1.13695 
18.82 1.13716 
18.83 1.13738 
18.84 1.13759 
18.85 1.13781 
18.86 1.13803 
18.87 1.13824 
18.88 1.13846 
18.89 1.13867 
18.9 1.13889 
18.91 1.13911 
18.92 1.13932 
18.93 1.13954 
18.94 1.13975 
18.95 1.13997 
18.96 1.14019 
18.97 1.1404 
18.98 1.14062 
18.99 1.14084 
19 1.14105 
19.01 1.14127 
19.02 1.14149 
19.03 1.1417 
19.04 1.14192 
19.05 1.14214 
19.06 1.14235 
19.07 1.14257 
19.08 1.14279 
19.09 1.14301 
19.1 1.14322 
19.11 1.14344 
19.12 1.14366 
19.13 1.14387 
19.14 1.14409 
19.15 1.14431 
19.16 1.14453 
19.17 1.14474 
19.18 1.14496 
19.19 1.14518 
19.2 1.1454 
19.21 1.14561 
19.22 1.14583 
19.23 1.14605 
19.24 1.14627 
19.25 1.14648 
19.26 1.1467 
19.27 1.14692 
19.28 1.14714 
19.29 1.14736 
19.3 1.14757 
19.31 1.14779 
19.32 1.14801 
19.33 1.14823 
19.34 1.14845 
19.35 1.14866 
19.36 1.14888 
19.37 1.1491 
19.38 1.14932 
19.39 1.14954 
19.4 1.14976 
19.41 1.14997 
19.42 1.15019 
19.43 1.15041 
19.44 1.15063 
19.45 1.15085 
19.46 1.15107 
19.47 1.15129 
19.48 1.1515 
19.49 1.15172 
19.5 1.15194 
19.51 1.15216 
19.52 1.15238 
19.53 1.1526 
19.54 1.15282 
19.55 1.15304 
19.56 1.15326 
19.57 1.15348 
19.58 1.15369 
19.59 1.15391 
19.6 1.15413 
19.61 1.15435 
19.62 1.15457 
19.63 1.15479 
19.64 1.15501 
19.65 1.15523 
19.66 1.15545 
19.67 1.15567 
19.68 1.15589 
19.69 1.15611 
19.7 1.15633 
19.71 1.15655 
19.72 1.15677 
19.73 1.15699 
19.74 1.15721 
19.75 1.15743 
19.76 1.15765 
19.77 1.15787 
19.78 1.15809 
19.79 1.15831 
19.8 1.15853 
19.81 1.15875 
19.82 1.15897 
19.83 1.15919 
19.84 1.15941 
19.85 1.15963 
19.86 1.15985 
19.87 1.16007 
19.88 1.16029 
19.89 1.16051 
19.9 1.16073 
19.91 1.16095 
19.92 1.16118 
19.93 1.1614 
19.94 1.16162 
19.95 1.16184 
19.96 1.16206 
19.97 1.16228 
19.98 1.1625 
19.99 1.16272 
20 1.16294 
20.01 1.16316 
20.02 1.16339 
20.03 1.16361 
20.04 1.16383 
20.05 1.16405 
20.06 1.16427 
20.07 1.16449 
20.08 1.16471 
20.09 1.16494 
20.1 1.16516 
20.11 1.16538 
20.12 1.1656 
20.13 1.16582 
20.14 1.16604 
20.15 1.16627 
20.16 1.16649 
20.17 1.16671 
20.18 1.16693 
20.19 1.16715 
20.2 1.16738 
20.21 1.1676 
20.22 1.16782 
20.23 1.16804 
20.24 1.16827 
20.25 1.16849 
20.26 1.16871 
20.27 1.16893 
20.28 1.16915 
20.29 1.16938 
20.3 1.1696 
20.31 1.16982 
20.32 1.17004 
20.33 1.17027 
20.34 1.17049 
20.35 1.17071 
20.36 1.17094 
20.37 1.17116 
20.38 1.17138 
20.39 1.1716 
20.4 1.17183 
20.41 1.17205 
20.42 1.17227 
20.43 1.1725 
20.44 1.17272 
20.45 1.17294 
20.46 1.17317 
20.47 1.17339 
20.48 1.17361 
20.49 1.17384 
20.5 1.17406 
20.51 1.17428 
20.52 1.17451 
20.53 1.17473 
20.54 1.17495 
20.55 1.17518 
20.56 1.1754 
20.57 1.17563 
20.58 1.17585 
20.59 1.17607 
20.6 1.1763 
20.61 1.17652 
20.62 1.17675 
20.63 1.17697 
20.64 1.17719 
20.65 1.17742 
20.66 1.17764 
20.67 1.17787 
20.68 1.17809 
20.69 1.17831 
20.7 1.17854 
20.71 1.17876 
20.72 1.17899 
20.73 1.17921 
20.74 1.17944 
20.75 1.17966 
20.76 1.17989 
20.77 1.18011 
20.78 1.18034 
20.79 1.18056 
20.8 1.18079 
20.81 1.18101 
20.82 1.18124 
20.83 1.18146 
20.84 1.18169 
20.85 1.18191 
20.86 1.18214 
20.87 1.18236 
20.88 1.18259 
20.89 1.18281 
20.9 1.18304 
20.91 1.18326 
20.92 1.18349 
20.93 1.18371 
20.94 1.18394 
20.95 1.18416 
20.96 1.18439 
20.97 1.18461 
20.98 1.18484 
20.99 1.18507 
21 1.18529 
21.01 1.18552 
21.02 1.18574 
21.03 1.18597 
21.04 1.1862 
21.05 1.18642 
21.06 1.18665 
21.07 1.18687 
21.08 1.1871 
21.09 1.18733 
21.1 1.18755 
21.11 1.18778 
21.12 1.18801 
21.13 1.18823 
21.14 1.18846 
21.15 1.18868 
21.16 1.18891 
21.17 1.18914 
21.18 1.18936 
21.19 1.18959 
21.2 1.18982 
21.21 1.19004 
21.22 1.19027 
21.23 1.1905 
21.24 1.19072 
21.25 1.19095 
21.26 1.19118 
21.27 1.19141 
21.28 1.19163 
21.29 1.19186 
21.3 1.19209 
21.31 1.19231 
21.32 1.19254 
21.33 1.19277 
21.34 1.193 
21.35 1.19322 
21.36 1.19345 
21.37 1.19368 
21.38 1.19391 
21.39 1.19413 
21.4 1.19436 
21.41 1.19459 
21.42 1.19482 
21.43 1.19505 
21.44 1.19527 
21.45 1.1955 
21.46 1.19573 
21.47 1.19596 
21.48 1.19618 
21.49 1.19641 
21.5 1.19664 
21.51 1.19687 
21.52 1.1971 
21.53 1.19733 
21.54 1.19755 
21.55 1.19778 
21.56 1.19801 
21.57 1.19824 
21.58 1.19847 
21.59 1.1987 
21.6 1.19893 
21.61 1.19915 
21.62 1.19938 
21.63 1.19961 
21.64 1.19984 
21.65 1.20007 
21.66 1.2003 
21.67 1.20053 
21.68 1.20076 
21.69 1.20098 
21.7 1.20121 
21.71 1.20144 
21.72 1.20167 
21.73 1.2019 
21.74 1.20213 
21.75 1.20236 
21.76 1.20259 
21.77 1.20282 
21.78 1.20305 
21.79 1.20328 
21.8 1.20351 
21.81 1.20374 
21.82 1.20397 
21.83 1.2042 
21.84 1.20443 
21.85 1.20466 
21.86 1.20489 
21.87 1.20512 
21.88 1.20535 
21.89 1.20558 
21.9 1.20581 
21.91 1.20604 
21.92 1.20627 
21.93 1.2065 
21.94 1.20673 
21.95 1.20696 
21.96 1.20719 
21.97 1.20742 
21.98 1.20765 
21.99 1.20788 
22 1.20811 
22.01 1.20834 
22.02 1.20857 
22.03 1.2088 
22.04 1.20903 
22.05 1.20926 
22.06 1.20949 
22.07 1.20972 
22.08 1.20995 
22.09 1.21019 
22.1 1.21042 
22.11 1.21065 
22.12 1.21088 
22.13 1.21111 
22.14 1.21134 
22.15 1.21157 
22.16 1.2118 
22.17 1.21203 
22.18 1.21227 
22.19 1.2125 
22.2 1.21273 
22.21 1.21296 
22.22 1.21319 
22.23 1.21342 
22.24 1.21366 
22.25 1.21389 
22.26 1.21412 
22.27 1.21435 
22.28 1.21458 
22.29 1.21481 
22.3 1.21505 
22.31 1.21528 
22.32 1.21551 
22.33 1.21574 
22.34 1.21597 
22.35 1.21621 
22.36 1.21644 
22.37 1.21667 
22.38 1.2169 
22.39 1.21714 
22.4 1.21737 
22.41 1.2176 
22.42 1.21783 
22.43 1.21807 
22.44 1.2183 
22.45 1.21853 
22.46 1.21876 
22.47 1.219 
22.48 1.21923 
22.49 1.21946 
22.5 1.2197 
22.51 1.21993 
22.52 1.22016 
22.53 1.22039 
22.54 1.22063 
22.55 1.22086 
22.56 1.22109 
22.57 1.22133 
22.58 1.22156 
22.59 1.22179 
22.6 1.22203 
22.61 1.22226 
22.62 1.22249 
22.63 1.22273 
22.64 1.22296 
22.65 1.2232 
22.66 1.22343 
22.67 1.22366 
22.68 1.2239 
22.69 1.22413 
22.7 1.22436 
22.71 1.2246 
22.72 1.22483 
22.73 1.22507 
22.74 1.2253 
22.75 1.22553 
22.76 1.22577 
22.77 1.226 
22.78 1.22624 
22.79 1.22647 
22.8 1.22671 
22.81 1.22694 
22.82 1.22717 
22.83 1.22741 
22.84 1.22764 
22.85 1.22788 
22.86 1.22811 
22.87 1.22835 
22.88 1.22858 
22.89 1.22882 
22.9 1.22905 
22.91 1.22929 
22.92 1.22952 
22.93 1.22976 
22.94 1.22999 
22.95 1.23023 
22.96 1.23046 
22.97 1.2307 
22.98 1.23093 
22.99 1.23117 
23 1.2314 
23.01 1.23164 
23.02 1.23187 
23.03 1.23211 
23.04 1.23234 
23.05 1.23258 
23.06 1.23282 
23.07 1.23305 
23.08 1.23329 
23.09 1.23352 
23.1 1.23376 
23.11 1.234 
23.12 1.23423 
23.13 1.23447 
23.14 1.2347 
23.15 1.23494 
23.16 1.23518 
23.17 1.23541 
23.18 1.23565 
23.19 1.23588 
23.2 1.23612 
23.21 1.23636 
23.22 1.23659 
23.23 1.23683 
23.24 1.23707 
23.25 1.2373 
23.26 1.23754 
23.27 1.23778 
23.28 1.23801 
23.29 1.23825 
23.3 1.23849 
23.31 1.23872 
23.32 1.23896 
23.33 1.2392 
23.34 1.23943 
23.35 1.23967 
23.36 1.23991 
23.37 1.24015 
23.38 1.24038 
23.39 1.24062 
23.4 1.24086 
23.41 1.24109 
23.42 1.24133 
23.43 1.24157 
23.44 1.24181 
23.45 1.24204 
23.46 1.24228 
23.47 1.24252 
23.48 1.24276 
23.49 1.24299 
23.5 1.24323 
23.51 1.24347 
23.52 1.24371 
23.53 1.24395 
23.54 1.24418 
23.55 1.24442 
23.56 1.24466 
23.57 1.2449 
23.58 1.24514 
23.59 1.24538 
23.6 1.24561 
23.61 1.24585 
23.62 1.24609 
23.63 1.24633 
23.64 1.24657 
23.65 1.24681 
23.66 1.24704 
23.67 1.24728 
23.68 1.24752 
23.69 1.24776 
23.7 1.248 
23.71 1.24824 
23.72 1.24848 
23.73 1.24872 
23.74 1.24895 
23.75 1.24919 
23.76 1.24943 
23.77 1.24967 
23.78 1.24991 
23.79 1.25015 
23.8 1.25039 
23.81 1.25063 
23.82 1.25087 
23.83 1.25111 
23.84 1.25135 
23.85 1.25159 
23.86 1.25183 
23.87 1.25207 
23.88 1.25231 
23.89 1.25255 
23.9 1.25278 
23.91 1.25302 
23.92 1.25326 
23.93 1.2535 
23.94 1.25374 
23.95 1.25398 
23.96 1.25422 
23.97 1.25446 
23.98 1.2547 
23.99 1.25495 
24 1.25519 
24.01 1.25543 
24.02 1.25567 
24.03 1.25591 
24.04 1.25615 
24.05 1.25639 
24.06 1.25663 
24.07 1.25687 
24.08 1.25711 
24.09 1.25735 
24.1 1.25759 
24.11 1.25783 
24.12 1.25807 
24.13 1.25831 
24.14 1.25855 
24.15 1.2588 
24.16 1.25904 
24.17 1.25928 
24.18 1.25952 
24.19 1.25976 
24.2 1.26 
24.21 1.26024 
24.22 1.26048 
24.23 1.26073 
24.24 1.26097 
24.25 1.26121 
24.26 1.26145 
24.27 1.26169 
24.28 1.26193 
24.29 1.26218 
24.3 1.26242 
24.31 1.26266 
24.32 1.2629 
24.33 1.26314 
24.34 1.26338 
24.35 1.26363 
24.36 1.26387 
24.37 1.26411 
24.38 1.26435 
24.39 1.2646 
24.4 1.26484 
24.41 1.26508 
24.42 1.26532 
24.43 1.26556 
24.44 1.26581 
24.45 1.26605 
24.46 1.26629 
24.47 1.26653 
24.48 1.26678 
24.49 1.26702 
24.5 1.26726 
24.51 1.26751 
24.52 1.26775 
24.53 1.26799 
24.54 1.26823 
24.55 1.26848 
24.56 1.26872 
24.57 1.26896 
24.58 1.26921 
24.59 1.26945 
24.6 1.26969 
24.61 1.26994 
24.62 1.27018 
24.63 1.27042 
24.64 1.27067 
24.65 1.27091 
24.66 1.27115 
24.67 1.2714 
24.68 1.27164 
24.69 1.27189 
24.7 1.27213 
24.71 1.27237 
24.72 1.27262 
24.73 1.27286 
24.74 1.2731 
24.75 1.27335 
24.76 1.27359 
24.77 1.27384 
24.78 1.27408 
24.79 1.27433 
24.8 1.27457 
24.81 1.27481 
24.82 1.27506 
24.83 1.2753 
24.84 1.27555 
24.85 1.27579 
24.86 1.27604 
24.87 1.27628 
24.88 1.27653 
24.89 1.27677 
24.9 1.27702 
24.91 1.27726 
24.92 1.27751 
24.93 1.27775 
24.94 1.27799 
24.95 1.27824 
24.96 1.27849 
24.97 1.27873 
24.98 1.27898 
24.99 1.27922 
25 1.27947 
25.01 1.27971 
25.02 1.27996 
25.03 1.2802 
25.04 1.28045 
25.05 1.28069 
25.06 1.28094 
25.07 1.28118 
25.08 1.28143 
25.09 1.28168 
25.1 1.28192 
25.11 1.28217 
25.12 1.28241 
25.13 1.28266 
25.14 1.28291 
25.15 1.28315 
25.16 1.2834 
25.17 1.28364 
25.18 1.28389 
25.19 1.28414 
25.2 1.28438 
25.21 1.28463 
25.22 1.28488 
25.23 1.28512 
25.24 1.28537 
25.25 1.28562 
25.26 1.28586 
25.27 1.28611 
25.28 1.28636 
25.29 1.2866 
25.3 1.28685 
25.31 1.2871 
25.32 1.28734 
25.33 1.28759 
25.34 1.28784 
25.35 1.28808 
25.36 1.28833 
25.37 1.28858 
25.38 1.28883 
25.39 1.28907 
25.4 1.28932 
25.41 1.28957 
25.42 1.28981 
25.43 1.29006 
25.44 1.29031 
25.45 1.29056 
25.46 1.29081 
25.47 1.29105 
25.48 1.2913 
25.49 1.29155 
25.5 1.2918 
25.51 1.29204 
25.52 1.29229 
25.53 1.29254 
25.54 1.29279 
25.55 1.29304 
25.56 1.29328 
25.57 1.29353 
25.58 1.29378 
25.59 1.29403 
25.6 1.29428 
25.61 1.29453 
25.62 1.29477 
25.63 1.29502 
25.64 1.29527 
25.65 1.29552 
25.66 1.29577 
25.67 1.29602 
25.68 1.29627 
25.69 1.29652 
25.7 1.29676 
25.71 1.29701 
25.72 1.29726 
25.73 1.29751 
25.74 1.29776 
25.75 1.29801 
25.76 1.29826 
25.77 1.29851 
25.78 1.29876 
25.79 1.29901 
25.8 1.29926 
25.81 1.29951 
25.82 1.29976 
25.83 1.3 
25.84 1.30025 
25.85 1.3005 
25.86 1.30075 
25.87 1.301 
25.88 1.30125 
25.89 1.3015 
25.9 1.30175 
25.91 1.302 
25.92 1.30225 
25.93 1.3025 
25.94 1.30275 
25.95 1.303 
25.96 1.30325 
25.97 1.3035 
25.98 1.30375 
25.99 1.304 
26 1.30426 
26.01 1.30451 
26.02 1.30476 
26.03 1.30501 
26.04 1.30526 
26.05 1.30551 
26.06 1.30576 
26.07 1.30601 
26.08 1.30626 
26.09 1.30651 
26.1 1.30676 
26.11 1.30701 
26.12 1.30726 
26.13 1.30752 
26.14 1.30777 
26.15 1.30802 
26.16 1.30827 
26.17 1.30852 
26.18 1.30877 
26.19 1.30902 
26.2 1.30928 
26.21 1.30953 
26.22 1.30978 
26.23 1.31003 
26.24 1.31028 
26.25 1.31053 
26.26 1.31079 
26.27 1.31104 
26.28 1.31129 
26.29 1.31154 
26.3 1.31179 
26.31 1.31204 
26.32 1.3123 
26.33 1.31255 
26.34 1.3128 
26.35 1.31305 
26.36 1.31331 
26.37 1.31356 
26.38 1.31381 
26.39 1.31406 
26.4 1.31432 
26.41 1.31457 
26.42 1.31482 
26.43 1.31507 
26.44 1.31533 
26.45 1.31558 
26.46 1.31583 
26.47 1.31608 
26.48 1.31634 
26.49 1.31659 
26.5 1.31684 
26.51 1.3171 
26.52 1.31735 
26.53 1.3176 
26.54 1.31786 
26.55 1.31811 
26.56 1.31836 
26.57 1.31862 
26.58 1.31887 
26.59 1.31912 
26.6 1.31938 
26.61 1.31963 
26.62 1.31988 
26.63 1.32014 
26.64 1.32039 
26.65 1.32065 
26.66 1.3209 
26.67 1.32115 
26.68 1.32141 
26.69 1.32166 
26.7 1.32192 
26.71 1.32217 
26.72 1.32242 
26.73 1.32268 
26.74 1.32293 
26.75 1.32319 
26.76 1.32344 
26.77 1.3237 
26.78 1.32395 
26.79 1.32421 
26.8 1.32446 
26.81 1.32471 
26.82 1.32497 
26.83 1.32522 
26.84 1.32548 
26.85 1.32573 
26.86 1.32599 
26.87 1.32624 
26.88 1.3265 
26.89 1.32675 
26.9 1.32701 
26.91 1.32726 
26.92 1.32752 
26.93 1.32777 
26.94 1.32803 
26.95 1.32829 
26.96 1.32854 
26.97 1.3288 
26.98 1.32905 
26.99 1.32931 
27 1.32956 
27.01 1.32982 
27.02 1.33008 
27.03 1.33033 
27.04 1.33059 
27.05 1.33084 
27.06 1.3311 
27.07 1.33135 
27.08 1.33161 
27.09 1.33187 
27.1 1.33212 
27.11 1.33238 
27.12 1.33264 
27.13 1.33289 
27.14 1.33315 
27.15 1.33341 
27.16 1.33366 
27.17 1.33392 
27.18 1.33418 
27.19 1.33443 
27.2 1.33469 
27.21 1.33495 
27.22 1.3352 
27.23 1.33546 
27.24 1.33572 
27.25 1.33597 
27.26 1.33623 
27.27 1.33649 
27.28 1.33674 
27.29 1.337 
27.3 1.33726 
27.31 1.33752 
27.32 1.33777 
27.33 1.33803 
27.34 1.33829 
27.35 1.33855 
27.36 1.3388 
27.37 1.33906 
27.38 1.33932 
27.39 1.33958 
27.4 1.33983 
27.41 1.34009 
27.42 1.34035 
27.43 1.34061 
27.44 1.34087 
27.45 1.34112 
27.46 1.34138 
27.47 1.34164 
27.48 1.3419 
27.49 1.34216 
27.5 1.34242 
27.51 1.34267 
27.52 1.34293 
27.53 1.34319 
27.54 1.34345 
27.55 1.34371 
27.56 1.34397 
27.57 1.34423 
27.58 1.34448 
27.59 1.34474 
27.6 1.345 
27.61 1.34526 
27.62 1.34552 
27.63 1.34578 
27.64 1.34604 
27.65 1.3463 
27.66 1.34656 
27.67 1.34682 
27.68 1.34708 
27.69 1.34733 
27.7 1.34759 
27.71 1.34785 
27.72 1.34811 
27.73 1.34837 
27.74 1.34863 
27.75 1.34889 
27.76 1.34915 
27.77 1.34941 
27.78 1.34967 
27.79 1.34993 
27.8 1.35019 
27.81 1.35045 
27.82 1.35071 
27.83 1.35097 
27.84 1.35123 
27.85 1.35149 
27.86 1.35175 
27.87 1.35201 
27.88 1.35227 
27.89 1.35253 
27.9 1.35279 
27.91 1.35305 
27.92 1.35332 
27.93 1.35358 
27.94 1.35384 
27.95 1.3541 
27.96 1.35436 
27.97 1.35462 
27.98 1.35488 
27.99 1.35514 
28 1.3554 
28.01 1.35566 
28.02 1.35592 
28.03 1.35619 
28.04 1.35645 
28.05 1.35671 
28.06 1.35697 
28.07 1.35723 
28.08 1.35749 
28.09 1.35775 
28.1 1.35802 
28.11 1.35828 
28.12 1.35854 
28.13 1.3588 
28.14 1.35906 
28.15 1.35932 
28.16 1.35959 
28.17 1.35985 
28.18 1.36011 
28.19 1.36037 
28.2 1.36063 
28.21 1.3609 
28.22 1.36116 
28.23 1.36142 
28.24 1.36168 
28.25 1.36195 
28.26 1.36221 
28.27 1.36247 
28.28 1.36273 
28.29 1.363 
28.3 1.36326 
28.31 1.36352 
28.32 1.36378 
28.33 1.36405 
28.34 1.36431 
28.35 1.36457 
28.36 1.36484 
28.37 1.3651 
28.38 1.36536 
28.39 1.36563 
28.4 1.36589 
28.41 1.36615 
28.42 1.36642 
28.43 1.36668 
28.44 1.36694 
28.45 1.36721 
28.46 1.36747 
28.47 1.36773 
28.48 1.368 
28.49 1.36826 
28.5 1.36852 
28.51 1.36879 
28.52 1.36905 
28.53 1.36932 
28.54 1.36958 
28.55 1.36984 
28.56 1.37011 
28.57 1.37037 
28.58 1.37064 
28.59 1.3709 
28.6 1.37116 
28.61 1.37143 
28.62 1.37169 
28.63 1.37196 
28.64 1.37222 
28.65 1.37249 
28.66 1.37275 
28.67 1.37302 
28.68 1.37328 
28.69 1.37355 
28.7 1.37381 
28.71 1.37408 
28.72 1.37434 
28.73 1.37461 
28.74 1.37487 
28.75 1.37514 
28.76 1.3754 
28.77 1.37567 
28.78 1.37593 
28.79 1.3762 
28.8 1.37646 
28.81 1.37673 
28.82 1.37699 
28.83 1.37726 
28.84 1.37752 
28.85 1.37779 
28.86 1.37806 
28.87 1.37832 
28.88 1.37859 
28.89 1.37885 
28.9 1.37912 
28.91 1.37939 
28.92 1.37965 
28.93 1.37992 
28.94 1.38018 
28.95 1.38045 
28.96 1.38072 
28.97 1.38098 
28.98 1.38125 
28.99 1.38152 
29 1.38178 
29.01 1.38205 
29.02 1.38232 
29.03 1.38258 
29.04 1.38285 
29.05 1.38312 
29.06 1.38338 
29.07 1.38365 
29.08 1.38392 
29.09 1.38418 
29.1 1.38445 
29.11 1.38472 
29.12 1.38498 
29.13 1.38525 
29.14 1.38552 
29.15 1.38579 
29.16 1.38605 
29.17 1.38632 
29.18 1.38659 
29.19 1.38686 
29.2 1.38712 
29.21 1.38739 
29.22 1.38766 
29.23 1.38793 
29.24 1.38819 
29.25 1.38846 
29.26 1.38873 
29.27 1.389 
29.28 1.38927 
29.29 1.38953 
29.3 1.3898 
29.31 1.39007 
29.32 1.39034 
29.33 1.39061 
29.34 1.39088 
29.35 1.39114 
29.36 1.39141 
29.37 1.39168 
29.38 1.39195 
29.39 1.39222 
29.4 1.39249 
29.41 1.39276 
29.42 1.39303 
29.43 1.39329 
29.44 1.39356 
29.45 1.39383 
29.46 1.3941 
29.47 1.39437 
29.48 1.39464 
29.49 1.39491 
29.5 1.39518 
29.51 1.39545 
29.52 1.39572 
29.53 1.39599 
29.54 1.39626 
29.55 1.39653 
29.56 1.3968 
29.57 1.39706 
29.58 1.39733 
29.59 1.3976 
29.6 1.39787 
29.61 1.39814 
29.62 1.39841 
29.63 1.39868 
29.64 1.39895 
29.65 1.39922 
29.66 1.39949 
29.67 1.39976 
29.68 1.40004 
29.69 1.40031 
29.7 1.40058 
29.71 1.40085 
29.72 1.40112 
29.73 1.40139 
29.74 1.40166 
29.75 1.40193 
29.76 1.4022 
29.77 1.40247 
29.78 1.40274 
29.79 1.40301 
29.8 1.40328 
29.81 1.40355 
29.82 1.40383 
29.83 1.4041 
29.84 1.40437 
29.85 1.40464 
29.86 1.40491 
29.87 1.40518 
29.88 1.40545 
29.89 1.40572 
29.9 1.406 
29.91 1.40627 
29.92 1.40654 
29.93 1.40681 
29.94 1.40708 
29.95 1.40735 
29.96 1.40763 
29.97 1.4079 
29.98 1.40817 
29.99 1.40844 
30 1.40871 
30.01 1.40899 
30.02 1.40926 
30.03 1.40953 
30.04 1.4098 
30.05 1.41008 
30.06 1.41035 
30.07 1.41062 
30.08 1.41089 
30.09 1.41117 
30.1 1.41144 
30.11 1.41171 
30.12 1.41198 
30.13 1.41226 
30.14 1.41253 
30.15 1.4128 
30.16 1.41308 
30.17 1.41335 
30.18 1.41362 
30.19 1.41389 
30.2 1.41417 
30.21 1.41444 
30.22 1.41471 
30.23 1.41499 
30.24 1.41526 
30.25 1.41554 
30.26 1.41581 
30.27 1.41608 
30.28 1.41636 
30.29 1.41663 
30.3 1.4169 
30.31 1.41718 
30.32 1.41745 
30.33 1.41773 
30.34 1.418 
30.35 1.41827 
30.36 1.41855 
30.37 1.41882 
30.38 1.4191 
30.39 1.41937 
30.4 1.41964 
30.41 1.41992 
30.42 1.42019 
30.43 1.42047 
30.44 1.42074 
30.45 1.42102 
30.46 1.42129 
30.47 1.42157 
30.48 1.42184 
30.49 1.42212 
30.5 1.42239 
30.51 1.42267 
30.52 1.42294 
30.53 1.42322 
30.54 1.42349 
30.55 1.42377 
30.56 1.42404 
30.57 1.42432 
30.58 1.42459 
30.59 1.42487 
30.6 1.42514 
30.61 1.42542 
30.62 1.42569 
30.63 1.42597 
30.64 1.42625 
30.65 1.42652 
30.66 1.4268 
30.67 1.42707 
30.68 1.42735 
30.69 1.42763 
30.7 1.4279 
30.71 1.42818 
30.72 1.42845 
30.73 1.42873 
30.74 1.42901 
30.75 1.42928 
30.76 1.42956 
30.77 1.42984 
30.78 1.43011 
30.79 1.43039 
30.8 1.43067 
30.81 1.43094 
30.82 1.43122 
30.83 1.4315 
30.84 1.43177 
30.85 1.43205 
30.86 1.43233 
30.87 1.4326 
30.88 1.43288 
30.89 1.43316 
30.9 1.43344 
30.91 1.43371 
30.92 1.43399 
30.93 1.43427 
30.94 1.43454 
30.95 1.43482 
30.96 1.4351 
30.97 1.43538 
30.98 1.43566 
30.99 1.43593 
31 1.43621 
31.01 1.43649 
31.02 1.43677 
31.03 1.43704 
31.04 1.43732 
31.05 1.4376 
31.06 1.43788 
31.07 1.43816 
31.08 1.43844 
31.09 1.43871 
31.1 1.43899 
31.11 1.43927 
31.12 1.43955 
31.13 1.43983 
31.14 1.44011 
31.15 1.44038 
31.16 1.44066 
31.17 1.44094 
31.18 1.44122 
31.19 1.4415 
31.2 1.44178 
31.21 1.44206 
31.22 1.44234 
31.23 1.44262 
31.24 1.4429 
31.25 1.44317 
31.26 1.44345 
31.27 1.44373 
31.28 1.44401 
31.29 1.44429 
31.3 1.44457 
31.31 1.44485 
31.32 1.44513 
31.33 1.44541 
31.34 1.44569 
31.35 1.44597 
31.36 1.44625 
31.37 1.44653 
31.38 1.44681 
31.39 1.44709 
31.4 1.44737 
31.41 1.44765 
31.42 1.44793 
31.43 1.44821 
31.44 1.44849 
31.45 1.44877 
31.46 1.44905 
31.47 1.44933 
31.48 1.44961 
31.49 1.44989 
31.5 1.45017 
31.51 1.45046 
31.52 1.45074 
31.53 1.45102 
31.54 1.4513 
31.55 1.45158 
31.56 1.45186 
31.57 1.45214 
31.58 1.45242 
31.59 1.4527 
31.6 1.45298 
31.61 1.45327 
31.62 1.45355 
31.63 1.45383 
31.64 1.45411 
31.65 1.45439 
31.66 1.45467 
31.67 1.45495 
31.68 1.45524 
31.69 1.45552 
31.7 1.4558 
31.71 1.45608 
31.72 1.45636 
31.73 1.45665 
31.74 1.45693 
31.75 1.45721 
31.76 1.45749 
31.77 1.45777 
31.78 1.45806 
31.79 1.45834 
31.8 1.45862 
31.81 1.4589 
31.82 1.45919 
31.83 1.45947 
31.84 1.45975 
31.85 1.46004 
31.86 1.46032 
31.87 1.4606 
31.88 1.46088 
31.89 1.46117 
31.9 1.46145 
31.91 1.46173 
31.92 1.46202 
31.93 1.4623 
31.94 1.46258 
31.95 1.46287 
31.96 1.46315 
31.97 1.46343 
31.98 1.46372 
31.99 1.464 
32 1.46428 
32.01 1.46457 
32.02 1.46485 
32.03 1.46513 
32.04 1.46542 
32.05 1.4657 
32.06 1.46599 
32.07 1.46627 
32.08 1.46655 
32.09 1.46684 
32.1 1.46712 
32.11 1.46741 
32.12 1.46769 
32.13 1.46798 
32.14 1.46826 
32.15 1.46854 
32.16 1.46883 
32.17 1.46911 
32.18 1.4694 
32.19 1.46968 
32.2 1.46997 
32.21 1.47025 
32.22 1.47054 
32.23 1.47082 
32.24 1.47111 
32.25 1.47139 
32.26 1.47168 
32.27 1.47196 
32.28 1.47225 
32.29 1.47253 
32.3 1.47282 
32.31 1.4731 
32.32 1.47339 
32.33 1.47368 
32.34 1.47396 
32.35 1.47425 
32.36 1.47453 
32.37 1.47482 
32.38 1.4751 
32.39 1.47539 
32.4 1.47568 
32.41 1.47596 
32.42 1.47625 
32.43 1.47653 
32.44 1.47682 
32.45 1.47711 
32.46 1.47739 
32.47 1.47768 
32.48 1.47797 
32.49 1.47825 
32.5 1.47854 
32.51 1.47883 
32.52 1.47911 
32.53 1.4794 
32.54 1.47969 
32.55 1.47997 
32.56 1.48026 
32.57 1.48055 
32.58 1.48083 
32.59 1.48112 
32.6 1.48141 
32.61 1.4817 
32.62 1.48198 
32.63 1.48227 
32.64 1.48256 
32.65 1.48285 
32.66 1.48313 
32.67 1.48342 
32.68 1.48371 
32.69 1.484 
32.7 1.48428 
32.71 1.48457 
32.72 1.48486 
32.73 1.48515 
32.74 1.48543 
32.75 1.48572 
32.76 1.48601 
32.77 1.4863 
32.78 1.48659 
32.79 1.48688 
32.8 1.48716 
32.81 1.48745 
32.82 1.48774 
32.83 1.48803 
32.84 1.48832 
32.85 1.48861 
32.86 1.4889 
32.87 1.48918 
32.88 1.48947 
32.89 1.48976 
32.9 1.49005 
32.91 1.49034 
32.92 1.49063 
32.93 1.49092 
32.94 1.49121 
32.95 1.4915 
32.96 1.49179 
32.97 1.49208 
32.98 1.49236 
32.99 1.49265 
33 1.49294 
33.01 1.49323 
33.02 1.49352 
33.03 1.49381 
33.04 1.4941 
33.05 1.49439 
33.06 1.49468 
33.07 1.49497 
33.08 1.49526 
33.09 1.49555 
33.1 1.49584 
33.11 1.49613 
33.12 1.49642 
33.13 1.49671 
33.14 1.497 
33.15 1.49729 
33.16 1.49758 
33.17 1.49788 
33.18 1.49817 
33.19 1.49846 
33.2 1.49875 
33.21 1.49904 
33.22 1.49933 
33.23 1.49962 
33.24 1.49991 
33.25 1.5002 
33.26 1.50049 
33.27 1.50078 
33.28 1.50108 
33.29 1.50137 
33.3 1.50166 
33.31 1.50195 
33.32 1.50224 
33.33 1.50253 
33.34 1.50282 
33.35 1.50312 
33.36 1.50341 
33.37 1.5037 
33.38 1.50399 
33.39 1.50428 
33.4 1.50458 
33.41 1.50487 
33.42 1.50516 
33.43 1.50545 
33.44 1.50574 
33.45 1.50604 
33.46 1.50633 
33.47 1.50662 
33.48 1.50691 
33.49 1.50721 
33.5 1.5075 
33.51 1.50779 
33.52 1.50808 
33.53 1.50838 
33.54 1.50867 
33.55 1.50896 
33.56 1.50926 
33.57 1.50955 
33.58 1.50984 
33.59 1.51013 
33.6 1.51043 
33.61 1.51072 
33.62 1.51101 
33.63 1.51131 
33.64 1.5116 
33.65 1.51189 
33.66 1.51219 
33.67 1.51248 
33.68 1.51278 
33.69 1.51307 
33.7 1.51336 
33.71 1.51366 
33.72 1.51395 
33.73 1.51424 
33.74 1.51454 
33.75 1.51483 
33.76 1.51513 
33.77 1.51542 
33.78 1.51572 
33.79 1.51601 
33.8 1.5163 
33.81 1.5166 
33.82 1.51689 
33.83 1.51719 
33.84 1.51748 
33.85 1.51778 
33.86 1.51807 
33.87 1.51837 
33.88 1.51866 
33.89 1.51896 
33.9 1.51925 
33.91 1.51955 
33.92 1.51984 
33.93 1.52014 
33.94 1.52043 
33.95 1.52073 
33.96 1.52102 
33.97 1.52132 
33.98 1.52161 
33.99 1.52191 
34 1.5222 
34.01 1.5225 
34.02 1.5228 
34.03 1.52309 
34.04 1.52339 
34.05 1.52368 
34.06 1.52398 
34.07 1.52428 
34.08 1.52457 
34.09 1.52487 
34.1 1.52516 
34.11 1.52546 
34.12 1.52576 
34.13 1.52605 
34.14 1.52635 
34.15 1.52665 
34.16 1.52694 
34.17 1.52724 
34.18 1.52754 
34.19 1.52783 
34.2 1.52813 
34.21 1.52843 
34.22 1.52872 
34.23 1.52902 
34.24 1.52932 
34.25 1.52962 
34.26 1.52991 
34.27 1.53021 
34.28 1.53051 
34.29 1.5308 
34.3 1.5311 
34.31 1.5314 
34.32 1.5317 
34.33 1.53199 
34.34 1.53229 
34.35 1.53259 
34.36 1.53289 
34.37 1.53319 
34.38 1.53348 
34.39 1.53378 
34.4 1.53408 
34.41 1.53438 
34.42 1.53468 
34.43 1.53497 
34.44 1.53527 
34.45 1.53557 
34.46 1.53587 
34.47 1.53617 
34.48 1.53647 
34.49 1.53677 
34.5 1.53706 
34.51 1.53736 
34.52 1.53766 
34.53 1.53796 
34.54 1.53826 
34.55 1.53856 
34.56 1.53886 
34.57 1.53916 
34.58 1.53946 
34.59 1.53976 
34.6 1.54005 
34.61 1.54035 
34.62 1.54065 
34.63 1.54095 
34.64 1.54125 
34.65 1.54155 
34.66 1.54185 
34.67 1.54215 
34.68 1.54245 
34.69 1.54275 
34.7 1.54305 
34.71 1.54335 
34.72 1.54365 
34.73 1.54395 
34.74 1.54425 
34.75 1.54455 
34.76 1.54485 
34.77 1.54515 
34.78 1.54545 
34.79 1.54575 
34.8 1.54605 
34.81 1.54635 
34.82 1.54666 
34.83 1.54696 
34.84 1.54726 
34.85 1.54756 
34.86 1.54786 
34.87 1.54816 
34.88 1.54846 
34.89 1.54876 
34.9 1.54906 
34.91 1.54936 
34.92 1.54967 
34.93 1.54997 
34.94 1.55027 
34.95 1.55057 
34.96 1.55087 
34.97 1.55117 
34.98 1.55147 
34.99 1.55178 
35 1.55208 
35.01 1.55238 
35.02 1.55268 
35.03 1.55298 
35.04 1.55329 
35.05 1.55359 
35.06 1.55389 
35.07 1.55419 
35.08 1.5545 
35.09 1.5548 
35.1 1.5551 
35.11 1.5554 
35.12 1.55571 
35.13 1.55601 
35.14 1.55631 
35.15 1.55661 
35.16 1.55692 
35.17 1.55722 
35.18 1.55752 
35.19 1.55782 
35.2 1.55813 
35.21 1.55843 
35.22 1.55873 
35.23 1.55904 
35.24 1.55934 
35.25 1.55964 
35.26 1.55995 
35.27 1.56025 
35.28 1.56055 
35.29 1.56086 
35.3 1.56116 
35.31 1.56147 
35.32 1.56177 
35.33 1.56207 
35.34 1.56238 
35.35 1.56268 
35.36 1.56299 
35.37 1.56329 
35.38 1.56359 
35.39 1.5639 
35.4 1.5642 
35.41 1.56451 
35.42 1.56481 
35.43 1.56512 
35.44 1.56542 
35.45 1.56573 
35.46 1.56603 
35.47 1.56633 
35.48 1.56664 
35.49 1.56694 
35.5 1.56725 
35.51 1.56755 
35.52 1.56786 
35.53 1.56816 
35.54 1.56847 
35.55 1.56877 
35.56 1.56908 
35.57 1.56939 
35.58 1.56969 
35.59 1.57 
35.6 1.5703 
35.61 1.57061 
35.62 1.57091 
35.63 1.57122 
35.64 1.57153 
35.65 1.57183 
35.66 1.57214 
35.67 1.57244 
35.68 1.57275 
35.69 1.57306 
35.7 1.57336 
35.71 1.57367 
35.72 1.57397 
35.73 1.57428 
35.74 1.57459 
35.75 1.57489 
35.76 1.5752 
35.77 1.57551 
35.78 1.57581 
35.79 1.57612 
35.8 1.57643 
35.81 1.57673 
35.82 1.57704 
35.83 1.57735 
35.84 1.57766 
35.85 1.57796 
35.86 1.57827 
35.87 1.57858 
35.88 1.57888 
35.89 1.57919 
35.9 1.5795 
35.91 1.57981 
35.92 1.58011 
35.93 1.58042 
35.94 1.58073 
35.95 1.58104 
35.96 1.58135 
35.97 1.58165 
35.98 1.58196 
35.99 1.58227 
36 1.58258 
36.01 1.58289 
36.02 1.58319 
36.03 1.5835 
36.04 1.58381 
36.05 1.58412 
36.06 1.58443 
36.07 1.58474 
36.08 1.58505 
36.09 1.58535 
36.1 1.58566 
36.11 1.58597 
36.12 1.58628 
36.13 1.58659 
36.14 1.5869 
36.15 1.58721 
36.16 1.58752 
36.17 1.58783 
36.18 1.58814 
36.19 1.58844 
36.2 1.58875 
36.21 1.58906 
36.22 1.58937 
36.23 1.58968 
36.24 1.58999 
36.25 1.5903 
36.26 1.59061 
36.27 1.59092 
36.28 1.59123 
36.29 1.59154 
36.3 1.59185 
36.31 1.59216 
36.32 1.59247 
36.33 1.59278 
36.34 1.59309 
36.35 1.5934 
36.36 1.59371 
36.37 1.59402 
36.38 1.59433 
36.39 1.59465 
36.4 1.59496 
36.41 1.59527 
36.42 1.59558 
36.43 1.59589 
36.44 1.5962 
36.45 1.59651 
36.46 1.59682 
36.47 1.59713 
36.48 1.59744 
36.49 1.59776 
36.5 1.59807 
36.51 1.59838 
36.52 1.59869 
36.53 1.599 
36.54 1.59931 
36.55 1.59962 
36.56 1.59994 
36.57 1.60025 
36.58 1.60056 
36.59 1.60087 
36.6 1.60118 
36.61 1.6015 
36.62 1.60181 
36.63 1.60212 
36.64 1.60243 
36.65 1.60274 
36.66 1.60306 
36.67 1.60337 
36.68 1.60368 
36.69 1.60399 
36.7 1.60431 
36.71 1.60462 
36.72 1.60493 
36.73 1.60525 
36.74 1.60556 
36.75 1.60587 
36.76 1.60618 
36.77 1.6065 
36.78 1.60681 
36.79 1.60712 
36.8 1.60744 
36.81 1.60775 
36.82 1.60806 
36.83 1.60838 
36.84 1.60869 
36.85 1.609 
36.86 1.60932 
36.87 1.60963 
36.88 1.60995 
36.89 1.61026 
36.9 1.61057 
36.91 1.61089 
36.92 1.6112 
36.93 1.61152 
36.94 1.61183 
36.95 1.61214 
36.96 1.61246 
36.97 1.61277 
36.98 1.61309 
36.99 1.6134 
37 1.61372 
37.01 1.61403 
37.02 1.61435 
37.03 1.61466 
37.04 1.61498 
37.05 1.61529 
37.06 1.61561 
37.07 1.61592 
37.08 1.61624 
37.09 1.61655 
37.1 1.61687 
37.11 1.61718 
37.12 1.6175 
37.13 1.61781 
37.14 1.61813 
37.15 1.61844 
37.16 1.61876 
37.17 1.61907 
37.18 1.61939 
37.19 1.61971 
37.2 1.62002 
37.21 1.62034 
37.22 1.62065 
37.23 1.62097 
37.24 1.62129 
37.25 1.6216 
37.26 1.62192 
37.27 1.62224 
37.28 1.62255 
37.29 1.62287 
37.3 1.62318 
37.31 1.6235 
37.32 1.62382 
37.33 1.62413 
37.34 1.62445 
37.35 1.62477 
37.36 1.62509 
37.37 1.6254 
37.38 1.62572 
37.39 1.62604 
37.4 1.62635 
37.41 1.62667 
37.42 1.62699 
37.43 1.62731 
37.44 1.62762 
37.45 1.62794 
37.46 1.62826 
37.47 1.62858 
37.48 1.62889 
37.49 1.62921 
37.5 1.62953 
37.51 1.62985 
37.52 1.63017 
37.53 1.63048 
37.54 1.6308 
37.55 1.63112 
37.56 1.63144 
37.57 1.63176 
37.58 1.63207 
37.59 1.63239 
37.6 1.63271 
37.61 1.63303 
37.62 1.63335 
37.63 1.63367 
37.64 1.63399 
37.65 1.63431 
37.66 1.63462 
37.67 1.63494 
37.68 1.63526 
37.69 1.63558 
37.7 1.6359 
37.71 1.63622 
37.72 1.63654 
37.73 1.63686 
37.74 1.63718 
37.75 1.6375 
37.76 1.63782 
37.77 1.63814 
37.78 1.63846 
37.79 1.63878 
37.8 1.6391 
37.81 1.63942 
37.82 1.63974 
37.83 1.64006 
37.84 1.64038 
37.85 1.6407 
37.86 1.64102 
37.87 1.64134 
37.88 1.64166 
37.89 1.64198 
37.9 1.6423 
37.91 1.64262 
37.92 1.64294 
37.93 1.64326 
37.94 1.64358 
37.95 1.6439 
37.96 1.64422 
37.97 1.64454 
37.98 1.64486 
37.99 1.64519 
38 1.64551 
38.01 1.64583 
38.02 1.64615 
38.03 1.64647 
38.04 1.64679 
38.05 1.64711 
38.06 1.64744 
38.07 1.64776 
38.08 1.64808 
38.09 1.6484 
38.1 1.64872 
38.11 1.64904 
38.12 1.64937 
38.13 1.64969 
38.14 1.65001 
38.15 1.65033 
38.16 1.65066 
38.17 1.65098 
38.18 1.6513 
38.19 1.65162 
38.2 1.65194 
38.21 1.65227 
38.22 1.65259 
38.23 1.65291 
38.24 1.65324 
38.25 1.65356 
38.26 1.65388 
38.27 1.6542 
38.28 1.65453 
38.29 1.65485 
38.3 1.65517 
38.31 1.6555 
38.32 1.65582 
38.33 1.65614 
38.34 1.65647 
38.35 1.65679 
38.36 1.65711 
38.37 1.65744 
38.38 1.65776 
38.39 1.65809 
38.4 1.65841 
38.41 1.65873 
38.42 1.65906 
38.43 1.65938 
38.44 1.65971 
38.45 1.66003 
38.46 1.66035 
38.47 1.66068 
38.48 1.661 
38.49 1.66133 
38.5 1.66165 
38.51 1.66198 
38.52 1.6623 
38.53 1.66263 
38.54 1.66295 
38.55 1.66328 
38.56 1.6636 
38.57 1.66392 
38.58 1.66425 
38.59 1.66458 
38.6 1.6649 
38.61 1.66523 
38.62 1.66555 
38.63 1.66588 
38.64 1.6662 
38.65 1.66653 
38.66 1.66685 
38.67 1.66718 
38.68 1.6675 
38.69 1.66783 
38.7 1.66816 
38.71 1.66848 
38.72 1.66881 
38.73 1.66913 
38.74 1.66946 
38.75 1.66979 
38.76 1.67011 
38.77 1.67044 
38.78 1.67077 
38.79 1.67109 
38.8 1.67142 
38.81 1.67175 
38.82 1.67207 
38.83 1.6724 
38.84 1.67273 
38.85 1.67305 
38.86 1.67338 
38.87 1.67371 
38.88 1.67403 
38.89 1.67436 
38.9 1.67469 
38.91 1.67501 
38.92 1.67534 
38.93 1.67567 
38.94 1.676 
38.95 1.67632 
38.96 1.67665 
38.97 1.67698 
38.98 1.67731 
38.99 1.67764 
39 1.67796 
39.01 1.67829 
39.02 1.67862 
39.03 1.67895 
39.04 1.67928 
39.05 1.6796 
39.06 1.67993 
39.07 1.68026 
39.08 1.68059 
39.09 1.68092 
39.1 1.68125 
39.11 1.68158 
39.12 1.6819 
39.13 1.68223 
39.14 1.68256 
39.15 1.68289 
39.16 1.68322 
39.17 1.68355 
39.18 1.68388 
39.19 1.68421 
39.2 1.68454 
39.21 1.68487 
39.22 1.68519 
39.23 1.68552 
39.24 1.68585 
39.25 1.68618 
39.26 1.68651 
39.27 1.68684 
39.28 1.68717 
39.29 1.6875 
39.3 1.68783 
39.31 1.68816 
39.32 1.68849 
39.33 1.68882 
39.34 1.68915 
39.35 1.68948 
39.36 1.68981 
39.37 1.69014 
39.38 1.69047 
39.39 1.69081 
39.4 1.69114 
39.41 1.69147 
39.42 1.6918 
39.43 1.69213 
39.44 1.69246 
39.45 1.69279 
39.46 1.69312 
39.47 1.69345 
39.48 1.69378 
39.49 1.69411 
39.5 1.69445 
39.51 1.69478 
39.52 1.69511 
39.53 1.69544 
39.54 1.69577 
39.55 1.6961 
39.56 1.69644 
39.57 1.69677 
39.58 1.6971 
39.59 1.69743 
39.6 1.69776 
39.61 1.6981 
39.62 1.69843 
39.63 1.69876 
39.64 1.69909 
39.65 1.69942 
39.66 1.69976 
39.67 1.70009 
39.68 1.70042 
39.69 1.70075 
39.7 1.70109 
39.71 1.70142 
39.72 1.70175 
39.73 1.70209 
39.74 1.70242 
39.75 1.70275 
39.76 1.70308 
39.77 1.70342 
39.78 1.70375 
39.79 1.70408 
39.8 1.70442 
39.81 1.70475 
39.82 1.70508 
39.83 1.70542 
39.84 1.70575 
39.85 1.70609 
39.86 1.70642 
39.87 1.70675 
39.88 1.70709 
39.89 1.70742 
39.9 1.70776 
39.91 1.70809 
39.92 1.70842 
39.93 1.70876 
39.94 1.70909 
39.95 1.70943 
39.96 1.70976 
39.97 1.7101 
39.98 1.71043 
39.99 1.71077 
40 1.7111 
40.01 1.71143 
40.02 1.71177 
40.03 1.7121 
40.04 1.71244 
40.05 1.71278 
40.06 1.71311 
40.07 1.71345 
40.08 1.71378 
40.09 1.71412 
40.1 1.71445 
40.11 1.71479 
40.12 1.71512 
40.13 1.71546 
40.14 1.71579 
40.15 1.71613 
40.16 1.71647 
40.17 1.7168 
40.18 1.71714 
40.19 1.71747 
40.2 1.71781 
40.21 1.71815 
40.22 1.71848 
40.23 1.71882 
40.24 1.71916 
40.25 1.71949 
40.26 1.71983 
40.27 1.72017 
40.28 1.7205 
40.29 1.72084 
40.3 1.72118 
40.31 1.72151 
40.32 1.72185 
40.33 1.72219 
40.34 1.72252 
40.35 1.72286 
40.36 1.7232 
40.37 1.72354 
40.38 1.72387 
40.39 1.72421 
40.4 1.72455 
40.41 1.72489 
40.42 1.72522 
40.43 1.72556 
40.44 1.7259 
40.45 1.72624 
40.46 1.72658 
40.47 1.72691 
40.48 1.72725 
40.49 1.72759 
40.5 1.72793 
40.51 1.72827 
40.52 1.7286 
40.53 1.72894 
40.54 1.72928 
40.55 1.72962 
40.56 1.72996 
40.57 1.7303 
40.58 1.73064 
40.59 1.73098 
40.6 1.73131 
40.61 1.73165 
40.62 1.73199 
40.63 1.73233 
40.64 1.73267 
40.65 1.73301 
40.66 1.73335 
40.67 1.73369 
40.68 1.73403 
40.69 1.73437 
40.7 1.73471 
40.71 1.73505 
40.72 1.73539 
40.73 1.73573 
40.74 1.73607 
40.75 1.73641 
40.76 1.73675 
40.77 1.73709 
40.78 1.73743 
40.79 1.73777 
40.8 1.73811 
40.81 1.73845 
40.82 1.73879 
40.83 1.73913 
40.84 1.73947 
40.85 1.73981 
40.86 1.74015 
40.87 1.74049 
40.88 1.74083 
40.89 1.74117 
40.9 1.74152 
40.91 1.74186 
40.92 1.7422 
40.93 1.74254 
40.94 1.74288 
40.95 1.74322 
40.96 1.74356 
40.97 1.74391 
40.98 1.74425 
40.99 1.74459 
41 1.74493 
41.01 1.74527 
41.02 1.74561 
41.03 1.74596 
41.04 1.7463 
41.05 1.74664 
41.06 1.74698 
41.07 1.74733 
41.08 1.74767 
41.09 1.74801 
41.1 1.74835 
41.11 1.7487 
41.12 1.74904 
41.13 1.74938 
41.14 1.74972 
41.15 1.75007 
41.16 1.75041 
41.17 1.75075 
41.18 1.7511 
41.19 1.75144 
41.2 1.75178 
41.21 1.75212 
41.22 1.75247 
41.23 1.75281 
41.24 1.75315 
41.25 1.7535 
41.26 1.75384 
41.27 1.75419 
41.28 1.75453 
41.29 1.75487 
41.3 1.75522 
41.31 1.75556 
41.32 1.75591 
41.33 1.75625 
41.34 1.75659 
41.35 1.75694 
41.36 1.75728 
41.37 1.75763 
41.38 1.75797 
41.39 1.75832 
41.4 1.75866 
41.41 1.75901 
41.42 1.75935 
41.43 1.75969 
41.44 1.76004 
41.45 1.76038 
41.46 1.76073 
41.47 1.76107 
41.48 1.76142 
41.49 1.76177 
41.5 1.76211 
41.51 1.76246 
41.52 1.7628 
41.53 1.76315 
41.54 1.76349 
41.55 1.76384 
41.56 1.76418 
41.57 1.76453 
41.58 1.76488 
41.59 1.76522 
41.6 1.76557 
41.61 1.76591 
41.62 1.76626 
41.63 1.76661 
41.64 1.76695 
41.65 1.7673 
41.66 1.76765 
41.67 1.76799 
41.68 1.76834 
41.69 1.76869 
41.7 1.76903 
41.71 1.76938 
41.72 1.76973 
41.73 1.77007 
41.74 1.77042 
41.75 1.77077 
41.76 1.77112 
41.77 1.77146 
41.78 1.77181 
41.79 1.77216 
41.8 1.7725 
41.81 1.77285 
41.82 1.7732 
41.83 1.77355 
41.84 1.7739 
41.85 1.77424 
41.86 1.77459 
41.87 1.77494 
41.88 1.77529 
41.89 1.77564 
41.9 1.77598 
41.91 1.77633 
41.92 1.77668 
41.93 1.77703 
41.94 1.77738 
41.95 1.77773 
41.96 1.77807 
41.97 1.77842 
41.98 1.77877 
41.99 1.77912 
42 1.77947 
42.01 1.77982 
42.02 1.78017 
42.03 1.78052 
42.04 1.78087 
42.05 1.78122 
42.06 1.78157 
42.07 1.78191 
42.08 1.78226 
42.09 1.78261 
42.1 1.78296 
42.11 1.78331 
42.12 1.78366 
42.13 1.78401 
42.14 1.78436 
42.15 1.78471 
42.16 1.78506 
42.17 1.78541 
42.18 1.78576 
42.19 1.78611 
42.2 1.78646 
42.21 1.78681 
42.22 1.78717 
42.23 1.78752 
42.24 1.78787 
42.25 1.78822 
42.26 1.78857 
42.27 1.78892 
42.28 1.78927 
42.29 1.78962 
42.3 1.78997 
42.31 1.79032 
42.32 1.79067 
42.33 1.79103 
42.34 1.79138 
42.35 1.79173 
42.36 1.79208 
42.37 1.79243 
42.38 1.79278 
42.39 1.79314 
42.4 1.79349 
42.41 1.79384 
42.42 1.79419 
42.43 1.79454 
42.44 1.7949 
42.45 1.79525 
42.46 1.7956 
42.47 1.79595 
42.48 1.7963 
42.49 1.79666 
42.5 1.79701 
42.51 1.79736 
42.52 1.79772 
42.53 1.79807 
42.54 1.79842 
42.55 1.79877 
42.56 1.79913 
42.57 1.79948 
42.58 1.79983 
42.59 1.80019 
42.6 1.80054 
42.61 1.80089 
42.62 1.80125 
42.63 1.8016 
42.64 1.80195 
42.65 1.80231 
42.66 1.80266 
42.67 1.80301 
42.68 1.80337 
42.69 1.80372 
42.7 1.80408 
42.71 1.80443 
42.72 1.80479 
42.73 1.80514 
42.74 1.80549 
42.75 1.80585 
42.76 1.8062 
42.77 1.80656 
42.78 1.80691 
42.79 1.80727 
42.8 1.80762 
42.81 1.80798 
42.82 1.80833 
42.83 1.80869 
42.84 1.80904 
42.85 1.8094 
42.86 1.80975 
42.87 1.81011 
42.88 1.81046 
42.89 1.81082 
42.9 1.81117 
42.91 1.81153 
42.92 1.81188 
42.93 1.81224 
42.94 1.8126 
42.95 1.81295 
42.96 1.81331 
42.97 1.81366 
42.98 1.81402 
42.99 1.81438 
43 1.81473 
43.01 1.81509 
43.02 1.81545 
43.03 1.8158 
43.04 1.81616 
43.05 1.81651 
43.06 1.81687 
43.07 1.81723 
43.08 1.81759 
43.09 1.81794 
43.1 1.8183 
43.11 1.81866 
43.12 1.81901 
43.13 1.81937 
43.14 1.81973 
43.15 1.82009 
43.16 1.82044 
43.17 1.8208 
43.18 1.82116 
43.19 1.82152 
43.2 1.82187 
43.21 1.82223 
43.22 1.82259 
43.23 1.82295 
43.24 1.8233 
43.25 1.82366 
43.26 1.82402 
43.27 1.82438 
43.28 1.82474 
43.29 1.8251 
43.3 1.82545 
43.31 1.82581 
43.32 1.82617 
43.33 1.82653 
43.34 1.82689 
43.35 1.82725 
43.36 1.82761 
43.37 1.82797 
43.38 1.82833 
43.39 1.82868 
43.4 1.82904 
43.41 1.8294 
43.42 1.82976 
43.43 1.83012 
43.44 1.83048 
43.45 1.83084 
43.46 1.8312 
43.47 1.83156 
43.48 1.83192 
43.49 1.83228 
43.5 1.83264 
43.51 1.833 
43.52 1.83336 
43.53 1.83372 
43.54 1.83408 
43.55 1.83444 
43.56 1.8348 
43.57 1.83516 
43.58 1.83552 
43.59 1.83588 
43.6 1.83624 
43.61 1.8366 
43.62 1.83697 
43.63 1.83733 
43.64 1.83769 
43.65 1.83805 
43.66 1.83841 
43.67 1.83877 
43.68 1.83913 
43.69 1.83949 
43.7 1.83986 
43.71 1.84022 
43.72 1.84058 
43.73 1.84094 
43.74 1.8413 
43.75 1.84166 
43.76 1.84203 
43.77 1.84239 
43.78 1.84275 
43.79 1.84311 
43.8 1.84347 
43.81 1.84384 
43.82 1.8442 
43.83 1.84456 
43.84 1.84492 
43.85 1.84529 
43.86 1.84565 
43.87 1.84601 
43.88 1.84637 
43.89 1.84674 
43.9 1.8471 
43.91 1.84746 
43.92 1.84783 
43.93 1.84819 
43.94 1.84855 
43.95 1.84892 
43.96 1.84928 
43.97 1.84964 
43.98 1.85001 
43.99 1.85037 
44 1.85073 
44.01 1.8511 
44.02 1.85146 
44.03 1.85183 
44.04 1.85219 
44.05 1.85255 
44.06 1.85292 
44.07 1.85328 
44.08 1.85365 
44.09 1.85401 
44.1 1.85438 
44.11 1.85474 
44.12 1.8551 
44.13 1.85547 
44.14 1.85583 
44.15 1.8562 
44.16 1.85656 
44.17 1.85693 
44.18 1.85729 
44.19 1.85766 
44.2 1.85802 
44.21 1.85839 
44.22 1.85875 
44.23 1.85912 
44.24 1.85949 
44.25 1.85985 
44.26 1.86022 
44.27 1.86058 
44.28 1.86095 
44.29 1.86131 
44.3 1.86168 
44.31 1.86205 
44.32 1.86241 
44.33 1.86278 
44.34 1.86315 
44.35 1.86351 
44.36 1.86388 
44.37 1.86424 
44.38 1.86461 
44.39 1.86498 
44.4 1.86534 
44.41 1.86571 
44.42 1.86608 
44.43 1.86645 
44.44 1.86681 
44.45 1.86718 
44.46 1.86755 
44.47 1.86791 
44.48 1.86828 
44.49 1.86865 
44.5 1.86902 
44.51 1.86938 
44.52 1.86975 
44.53 1.87012 
44.54 1.87049 
44.55 1.87086 
44.56 1.87122 
44.57 1.87159 
44.58 1.87196 
44.59 1.87233 
44.6 1.8727 
44.61 1.87306 
44.62 1.87343 
44.63 1.8738 
44.64 1.87417 
44.65 1.87454 
44.66 1.87491 
44.67 1.87528 
44.68 1.87564 
44.69 1.87601 
44.7 1.87638 
44.71 1.87675 
44.72 1.87712 
44.73 1.87749 
44.74 1.87786 
44.75 1.87823 
44.76 1.8786 
44.77 1.87897 
44.78 1.87934 
44.79 1.87971 
44.8 1.88008 
44.81 1.88045 
44.82 1.88082 
44.83 1.88119 
44.84 1.88156 
44.85 1.88193 
44.86 1.8823 
44.87 1.88267 
44.88 1.88304 
44.89 1.88341 
44.9 1.88378 
44.91 1.88415 
44.92 1.88452 
44.93 1.88489 
44.94 1.88526 
44.95 1.88563 
44.96 1.886 
44.97 1.88638 
44.98 1.88675 
44.99 1.88712 
45 1.88749 
45.01 1.88786 
45.02 1.88823 
45.03 1.8886 
45.04 1.88898 
45.05 1.88935 
45.06 1.88972 
45.07 1.89009 
45.08 1.89046 
45.09 1.89083 
45.1 1.89121 
45.11 1.89158 
45.12 1.89195 
45.13 1.89232 
45.14 1.8927 
45.15 1.89307 
45.16 1.89344 
45.17 1.89381 
45.18 1.89419 
45.19 1.89456 
45.2 1.89493 
45.21 1.89531 
45.22 1.89568 
45.23 1.89605 
45.24 1.89642 
45.25 1.8968 
45.26 1.89717 
45.27 1.89754 
45.28 1.89792 
45.29 1.89829 
45.3 1.89867 
45.31 1.89904 
45.32 1.89941 
45.33 1.89979 
45.34 1.90016 
45.35 1.90053 
45.36 1.90091 
45.37 1.90128 
45.38 1.90166 
45.39 1.90203 
45.4 1.90241 
45.41 1.90278 
45.42 1.90316 
45.43 1.90353 
45.44 1.9039 
45.45 1.90428 
45.46 1.90465 
45.47 1.90503 
45.48 1.9054 
45.49 1.90578 
45.5 1.90615 
45.51 1.90653 
45.52 1.90691 
45.53 1.90728 
45.54 1.90766 
45.55 1.90803 
45.56 1.90841 
45.57 1.90878 
45.58 1.90916 
45.59 1.90954 
45.6 1.90991 
45.61 1.91029 
45.62 1.91066 
45.63 1.91104 
45.64 1.91142 
45.65 1.91179 
45.66 1.91217 
45.67 1.91255 
45.68 1.91292 
45.69 1.9133 
45.7 1.91368 
45.71 1.91405 
45.72 1.91443 
45.73 1.91481 
45.74 1.91518 
45.75 1.91556 
45.76 1.91594 
45.77 1.91631 
45.78 1.91669 
45.79 1.91707 
45.8 1.91745 
45.81 1.91782 
45.82 1.9182 
45.83 1.91858 
45.84 1.91896 
45.85 1.91934 
45.86 1.91971 
45.87 1.92009 
45.88 1.92047 
45.89 1.92085 
45.9 1.92123 
45.91 1.92161 
45.92 1.92198 
45.93 1.92236 
45.94 1.92274 
45.95 1.92312 
45.96 1.9235 
45.97 1.92388 
45.98 1.92426 
45.99 1.92464 
46 1.92501 
46.01 1.92539 
46.02 1.92577 
46.03 1.92615 
46.04 1.92653 
46.05 1.92691 
46.06 1.92729 
46.07 1.92767 
46.08 1.92805 
46.09 1.92843 
46.1 1.92881 
46.11 1.92919 
46.12 1.92957 
46.13 1.92995 
46.14 1.93033 
46.15 1.93071 
46.16 1.93109 
46.17 1.93147 
46.18 1.93185 
46.19 1.93223 
46.2 1.93261 
46.21 1.93299 
46.22 1.93338 
46.23 1.93376 
46.24 1.93414 
46.25 1.93452 
46.26 1.9349 
46.27 1.93528 
46.28 1.93566 
46.29 1.93604 
46.3 1.93642 
46.31 1.93681 
46.32 1.93719 
46.33 1.93757 
46.34 1.93795 
46.35 1.93833 
46.36 1.93872 
46.37 1.9391 
46.38 1.93948 
46.39 1.93986 
46.4 1.94024 
46.41 1.94063 
46.42 1.94101 
46.43 1.94139 
46.44 1.94177 
46.45 1.94216 
46.46 1.94254 
46.47 1.94292 
46.48 1.94331 
46.49 1.94369 
46.5 1.94407 
46.51 1.94445 
46.52 1.94484 
46.53 1.94522 
46.54 1.9456 
46.55 1.94599 
46.56 1.94637 
46.57 1.94675 
46.58 1.94714 
46.59 1.94752 
46.6 1.94791 
46.61 1.94829 
46.62 1.94867 
46.63 1.94906 
46.64 1.94944 
46.65 1.94983 
46.66 1.95021 
46.67 1.9506 
46.68 1.95098 
46.69 1.95136 
46.7 1.95175 
46.71 1.95213 
46.72 1.95252 
46.73 1.9529 
46.74 1.95329 
46.75 1.95367 
46.76 1.95406 
46.77 1.95444 
46.78 1.95483 
46.79 1.95521 
46.8 1.9556 
46.81 1.95599 
46.82 1.95637 
46.83 1.95676 
46.84 1.95714 
46.85 1.95753 
46.86 1.95791 
46.87 1.9583 
46.88 1.95869 
46.89 1.95907 
46.9 1.95946 
46.91 1.95985 
46.92 1.96023 
46.93 1.96062 
46.94 1.961 
46.95 1.96139 
46.96 1.96178 
46.97 1.96217 
46.98 1.96255 
46.99 1.96294 
47 1.96333 
47.01 1.96371 
47.02 1.9641 
47.03 1.96449 
47.04 1.96488 
47.05 1.96526 
47.06 1.96565 
47.07 1.96604 
47.08 1.96643 
47.09 1.96681 
47.1 1.9672 
47.11 1.96759 
47.12 1.96798 
47.13 1.96837 
47.14 1.96875 
47.15 1.96914 
47.16 1.96953 
47.17 1.96992 
47.18 1.97031 
47.19 1.9707 
47.2 1.97108 
47.21 1.97147 
47.22 1.97186 
47.23 1.97225 
47.24 1.97264 
47.25 1.97303 
47.26 1.97342 
47.27 1.97381 
47.28 1.9742 
47.29 1.97459 
47.3 1.97498 
47.31 1.97536 
47.32 1.97575 
47.33 1.97614 
47.34 1.97653 
47.35 1.97692 
47.36 1.97731 
47.37 1.9777 
47.38 1.97809 
47.39 1.97848 
47.4 1.97887 
47.41 1.97926 
47.42 1.97966 
47.43 1.98005 
47.44 1.98044 
47.45 1.98083 
47.46 1.98122 
47.47 1.98161 
47.48 1.982 
47.49 1.98239 
47.5 1.98278 
47.51 1.98317 
47.52 1.98356 
47.53 1.98396 
47.54 1.98435 
47.55 1.98474 
47.56 1.98513 
47.57 1.98552 
47.58 1.98591 
47.59 1.98631 
47.6 1.9867 
47.61 1.98709 
47.62 1.98748 
47.63 1.98787 
47.64 1.98827 
47.65 1.98866 
47.66 1.98905 
47.67 1.98944 
47.68 1.98984 
47.69 1.99023 
47.7 1.99062 
47.71 1.99101 
47.72 1.99141 
47.73 1.9918 
47.74 1.99219 
47.75 1.99259 
47.76 1.99298 
47.77 1.99337 
47.78 1.99377 
47.79 1.99416 
47.8 1.99455 
47.81 1.99495 
47.82 1.99534 
47.83 1.99573 
47.84 1.99613 
47.85 1.99652 
47.86 1.99692 
47.87 1.99731 
47.88 1.9977 
47.89 1.9981 
47.9 1.99849 
47.91 1.99889 
47.92 1.99928 
47.93 1.99968 
47.94 2.00007 
47.95 2.00046 
47.96 2.00086 
47.97 2.00125 
47.98 2.00165 
47.99 2.00204 
48 2.00244 
48.01 2.00284 
48.02 2.00323 
48.03 2.00363 
48.04 2.00402 
48.05 2.00442 
48.06 2.00481 
48.07 2.00521 
48.08 2.0056 
48.09 2.006 
48.1 2.0064 
48.11 2.00679 
48.12 2.00719 
48.13 2.00758 
48.14 2.00798 
48.15 2.00838 
48.16 2.00877 
48.17 2.00917 
48.18 2.00957 
48.19 2.00996 
48.2 2.01036 
48.21 2.01076 
48.22 2.01115 
48.23 2.01155 
48.24 2.01195 
48.25 2.01235 
48.26 2.01274 
48.27 2.01314 
48.28 2.01354 
48.29 2.01394 
48.3 2.01433 
48.31 2.01473 
48.32 2.01513 
48.33 2.01553 
48.34 2.01592 
48.35 2.01632 
48.36 2.01672 
48.37 2.01712 
48.38 2.01752 
48.39 2.01792 
48.4 2.01831 
48.41 2.01871 
48.42 2.01911 
48.43 2.01951 
48.44 2.01991 
48.45 2.02031 
48.46 2.02071 
48.47 2.02111 
48.48 2.0215 
48.49 2.0219 
48.5 2.0223 
48.51 2.0227 
48.52 2.0231 
48.53 2.0235 
48.54 2.0239 
48.55 2.0243 
48.56 2.0247 
48.57 2.0251 
48.58 2.0255 
48.59 2.0259 
48.6 2.0263 
48.61 2.0267 
48.62 2.0271 
48.63 2.0275 
48.64 2.0279 
48.65 2.0283 
48.66 2.0287 
48.67 2.0291 
48.68 2.0295 
48.69 2.02991 
48.7 2.03031 
48.71 2.03071 
48.72 2.03111 
48.73 2.03151 
48.74 2.03191 
48.75 2.03231 
48.76 2.03271 
48.77 2.03312 
48.78 2.03352 
48.79 2.03392 
48.8 2.03432 
48.81 2.03472 
48.82 2.03512 
48.83 2.03553 
48.84 2.03593 
48.85 2.03633 
48.86 2.03673 
48.87 2.03713 
48.88 2.03754 
48.89 2.03794 
48.9 2.03834 
48.91 2.03875 
48.92 2.03915 
48.93 2.03955 
48.94 2.03995 
48.95 2.04036 
48.96 2.04076 
48.97 2.04116 
48.98 2.04157 
48.99 2.04197 
49 2.04237 
49.01 2.04278 
49.02 2.04318 
49.03 2.04358 
49.04 2.04399 
49.05 2.04439 
49.06 2.0448 
49.07 2.0452 
49.08 2.0456 
49.09 2.04601 
49.1 2.04641 
49.11 2.04682 
49.12 2.04722 
49.13 2.04763 
49.14 2.04803 
49.15 2.04843 
49.16 2.04884 
49.17 2.04924 
49.18 2.04965 
49.19 2.05005 
49.2 2.05046 
49.21 2.05086 
49.22 2.05127 
49.23 2.05168 
49.24 2.05208 
49.25 2.05249 
49.26 2.05289 
49.27 2.0533 
49.28 2.0537 
49.29 2.05411 
49.3 2.05452 
49.31 2.05492 
49.32 2.05533 
49.33 2.05573 
49.34 2.05614 
49.35 2.05655 
49.36 2.05695 
49.37 2.05736 
49.38 2.05777 
49.39 2.05817 
49.4 2.05858 
49.41 2.05899 
49.42 2.05939 
49.43 2.0598 
49.44 2.06021 
49.45 2.06062 
49.46 2.06102 
49.47 2.06143 
49.48 2.06184 
49.49 2.06224 
49.5 2.06265 
49.51 2.06306 
49.52 2.06347 
49.53 2.06388 
49.54 2.06428 
49.55 2.06469 
49.56 2.0651 
49.57 2.06551 
49.58 2.06592 
49.59 2.06632 
49.6 2.06673 
49.61 2.06714 
49.62 2.06755 
49.63 2.06796 
49.64 2.06837 
49.65 2.06878 
49.66 2.06919 
49.67 2.0696 
49.68 2.07 
49.69 2.07041 
49.7 2.07082 
49.71 2.07123 
49.72 2.07164 
49.73 2.07205 
49.74 2.07246 
49.75 2.07287 
49.76 2.07328 
49.77 2.07369 
49.78 2.0741 
49.79 2.07451 
49.8 2.07492 
49.81 2.07533 
49.82 2.07574 
49.83 2.07615 
49.84 2.07656 
49.85 2.07697 
49.86 2.07738 
49.87 2.07779 
49.88 2.07821 
49.89 2.07862 
49.9 2.07903 
49.91 2.07944 
49.92 2.07985 
49.93 2.08026 
49.94 2.08067 
49.95 2.08108 
49.96 2.0815 
49.97 2.08191 
49.98 2.08232 
49.99 2.08273 
50 2.08314 
