0 0.25 
0.01 0.250043 
0.02 0.250086 
0.03 0.250129 
0.04 0.250172 
0.05 0.250215 
0.06 0.250258 
0.07 0.250302 
0.08 0.250345 
0.09 0.250388 
0.1 0.250432 
0.11 0.250475 
0.12 0.250519 
0.13 0.250562 
0.14 0.250606 
0.15 0.250649 
0.16 0.250693 
0.17 0.250737 
0.18 0.250781 
0.19 0.250824 
0.2 0.250868 
0.21 0.250912 
0.22 0.250956 
0.23 0.251 
0.24 0.251044 
0.25 0.251088 
0.26 0.251132 
0.27 0.251177 
0.28 0.251221 
0.29 0.251265 
0.3 0.25131 
0.31 0.251354 
0.32 0.251398 
0.33 0.251443 
0.34 0.251487 
0.35 0.251532 
0.36 0.251577 
0.37 0.251621 
0.38 0.251666 
0.39 0.251711 
0.4 0.251756 
0.41 0.251801 
0.42 0.251846 
0.43 0.251891 
0.44 0.251936 
0.45 0.251981 
0.46 0.252026 
0.47 0.252071 
0.48 0.252116 
0.49 0.252162 
0.5 0.252207 
0.51 0.252252 
0.52 0.252298 
0.53 0.252343 
0.54 0.252389 
0.55 0.252434 
0.56 0.25248 
0.57 0.252526 
0.58 0.252571 
0.59 0.252617 
0.6 0.252663 
0.61 0.252709 
0.62 0.252755 
0.63 0.252801 
0.64 0.252847 
0.65 0.252893 
0.66 0.252939 
0.67 0.252985 
0.68 0.253031 
0.69 0.253077 
0.7 0.253124 
0.71 0.25317 
0.72 0.253217 
0.73 0.253263 
0.74 0.25331 
0.75 0.253356 
0.76 0.253403 
0.77 0.253449 
0.78 0.253496 
0.79 0.253543 
0.8 0.25359 
0.81 0.253637 
0.82 0.253684 
0.83 0.253731 
0.84 0.253778 
0.85 0.253825 
0.86 0.253872 
0.87 0.253919 
0.88 0.253966 
0.89 0.254014 
0.9 0.254061 
0.91 0.254108 
0.92 0.254156 
0.93 0.254203 
0.94 0.254251 
0.95 0.254298 
0.96 0.254346 
0.97 0.254394 
0.98 0.254441 
0.99 0.254489 
1 0.254537 
1.01 0.254585 
1.02 0.254633 
1.03 0.254681 
1.04 0.254729 
1.05 0.254777 
1.06 0.254825 
1.07 0.254873 
1.08 0.254922 
1.09 0.25497 
1.1 0.255018 
1.11 0.255067 
1.12 0.255115 
1.13 0.255164 
1.14 0.255212 
1.15 0.255261 
1.16 0.25531 
1.17 0.255358 
1.18 0.255407 
1.19 0.255456 
1.2 0.255505 
1.21 0.255554 
1.22 0.255603 
1.23 0.255652 
1.24 0.255701 
1.25 0.25575 
1.26 0.255799 
1.27 0.255848 
1.28 0.255898 
1.29 0.255947 
1.3 0.255996 
1.31 0.256046 
1.32 0.256095 
1.33 0.256145 
1.34 0.256195 
1.35 0.256244 
1.36 0.256294 
1.37 0.256344 
1.38 0.256394 
1.39 0.256444 
1.4 0.256493 
1.41 0.256543 
1.42 0.256593 
1.43 0.256644 
1.44 0.256694 
1.45 0.256744 
1.46 0.256794 
1.47 0.256845 
1.48 0.256895 
1.49 0.256945 
1.5 0.256996 
1.51 0.257046 
1.52 0.257097 
1.53 0.257148 
1.54 0.257198 
1.55 0.257249 
1.56 0.2573 
1.57 0.257351 
1.58 0.257401 
1.59 0.257452 
1.6 0.257503 
1.61 0.257555 
1.62 0.257606 
1.63 0.257657 
1.64 0.257708 
1.65 0.257759 
1.66 0.257811 
1.67 0.257862 
1.68 0.257913 
1.69 0.257965 
1.7 0.258016 
1.71 0.258068 
1.72 0.25812 
1.73 0.258171 
1.74 0.258223 
1.75 0.258275 
1.76 0.258327 
1.77 0.258379 
1.78 0.258431 
1.79 0.258483 
1.8 0.258535 
1.81 0.258587 
1.82 0.258639 
1.83 0.258692 
1.84 0.258744 
1.85 0.258796 
1.86 0.258849 
1.87 0.258901 
1.88 0.258954 
1.89 0.259006 
1.9 0.259059 
1.91 0.259112 
1.92 0.259164 
1.93 0.259217 
1.94 0.25927 
1.95 0.259323 
1.96 0.259376 
1.97 0.259429 
1.98 0.259482 
1.99 0.259535 
2 0.259588 
2.01 0.259642 
2.02 0.259695 
2.03 0.259748 
2.04 0.259802 
2.05 0.259855 
2.06 0.259909 
2.07 0.259962 
2.08 0.260016 
2.09 0.26007 
2.1 0.260124 
2.11 0.260177 
2.12 0.260231 
2.13 0.260285 
2.14 0.260339 
2.15 0.260393 
2.16 0.260447 
2.17 0.260501 
2.18 0.260556 
2.19 0.26061 
2.2 0.260664 
2.21 0.260719 
2.22 0.260773 
2.23 0.260828 
2.24 0.260882 
2.25 0.260937 
2.26 0.260991 
2.27 0.261046 
2.28 0.261101 
2.29 0.261156 
2.3 0.261211 
2.31 0.261265 
2.32 0.26132 
2.33 0.261376 
2.34 0.261431 
2.35 0.261486 
2.36 0.261541 
2.37 0.261596 
2.38 0.261652 
2.39 0.261707 
2.4 0.261763 
2.41 0.261818 
2.42 0.261874 
2.43 0.261929 
2.44 0.261985 
2.45 0.262041 
2.46 0.262096 
2.47 0.262152 
2.48 0.262208 
2.49 0.262264 
2.5 0.26232 
2.51 0.262376 
2.52 0.262432 
2.53 0.262489 
2.54 0.262545 
2.55 0.262601 
2.56 0.262658 
2.57 0.262714 
2.58 0.262771 
2.59 0.262827 
2.6 0.262884 
2.61 0.26294 
2.62 0.262997 
2.63 0.263054 
2.64 0.263111 
2.65 0.263168 
2.66 0.263225 
2.67 0.263282 
2.68 0.263339 
2.69 0.263396 
2.7 0.263453 
2.71 0.26351 
2.72 0.263568 
2.73 0.263625 
2.74 0.263682 
2.75 0.26374 
2.76 0.263797 
2.77 0.263855 
2.78 0.263913 
2.79 0.26397 
2.8 0.264028 
2.81 0.264086 
2.82 0.264144 
2.83 0.264202 
2.84 0.26426 
2.85 0.264318 
2.86 0.264376 
2.87 0.264434 
2.88 0.264492 
2.89 0.264551 
2.9 0.264609 
2.91 0.264668 
2.92 0.264726 
2.93 0.264785 
2.94 0.264843 
2.95 0.264902 
2.96 0.26496 
2.97 0.265019 
2.98 0.265078 
2.99 0.265137 
3 0.265196 
3.01 0.265255 
3.02 0.265314 
3.03 0.265373 
3.04 0.265432 
3.05 0.265492 
3.06 0.265551 
3.07 0.26561 
3.08 0.26567 
3.09 0.265729 
3.1 0.265789 
3.11 0.265848 
3.12 0.265908 
3.13 0.265968 
3.14 0.266028 
3.15 0.266087 
3.16 0.266147 
3.17 0.266207 
3.18 0.266267 
3.19 0.266327 
3.2 0.266388 
3.21 0.266448 
3.22 0.266508 
3.23 0.266568 
3.24 0.266629 
3.25 0.266689 
3.26 0.26675 
3.27 0.26681 
3.28 0.266871 
3.29 0.266932 
3.3 0.266992 
3.31 0.267053 
3.32 0.267114 
3.33 0.267175 
3.34 0.267236 
3.35 0.267297 
3.36 0.267358 
3.37 0.267419 
3.38 0.267481 
3.39 0.267542 
3.4 0.267603 
3.41 0.267665 
3.42 0.267726 
3.43 0.267788 
3.44 0.267849 
3.45 0.267911 
3.46 0.267973 
3.47 0.268034 
3.48 0.268096 
3.49 0.268158 
3.5 0.26822 
3.51 0.268282 
3.52 0.268344 
3.53 0.268406 
3.54 0.268469 
3.55 0.268531 
3.56 0.268593 
3.57 0.268656 
3.58 0.268718 
3.59 0.268781 
3.6 0.268843 
3.61 0.268906 
3.62 0.268968 
3.63 0.269031 
3.64 0.269094 
3.65 0.269157 
3.66 0.26922 
3.67 0.269283 
3.68 0.269346 
3.69 0.269409 
3.7 0.269472 
3.71 0.269536 
3.72 0.269599 
3.73 0.269662 
3.74 0.269726 
3.75 0.269789 
3.76 0.269853 
3.77 0.269916 
3.78 0.26998 
3.79 0.270044 
3.8 0.270108 
3.81 0.270171 
3.82 0.270235 
3.83 0.270299 
3.84 0.270363 
3.85 0.270428 
3.86 0.270492 
3.87 0.270556 
3.88 0.27062 
3.89 0.270685 
3.9 0.270749 
3.91 0.270814 
3.92 0.270878 
3.93 0.270943 
3.94 0.271007 
3.95 0.271072 
3.96 0.271137 
3.97 0.271202 
3.98 0.271267 
3.99 0.271332 
4 0.271397 
4.01 0.271462 
4.02 0.271527 
4.03 0.271592 
4.04 0.271658 
4.05 0.271723 
4.06 0.271788 
4.07 0.271854 
4.08 0.271919 
4.09 0.271985 
4.1 0.272051 
4.11 0.272117 
4.12 0.272182 
4.13 0.272248 
4.14 0.272314 
4.15 0.27238 
4.16 0.272446 
4.17 0.272512 
4.18 0.272578 
4.19 0.272645 
4.2 0.272711 
4.21 0.272777 
4.22 0.272844 
4.23 0.27291 
4.24 0.272977 
4.25 0.273044 
4.26 0.27311 
4.27 0.273177 
4.28 0.273244 
4.29 0.273311 
4.3 0.273378 
4.31 0.273445 
4.32 0.273512 
4.33 0.273579 
4.34 0.273646 
4.35 0.273713 
4.36 0.273781 
4.37 0.273848 
4.38 0.273915 
4.39 0.273983 
4.4 0.27405 
4.41 0.274118 
4.42 0.274186 
4.43 0.274254 
4.44 0.274321 
4.45 0.274389 
4.46 0.274457 
4.47 0.274525 
4.48 0.274593 
4.49 0.274662 
4.5 0.27473 
4.51 0.274798 
4.52 0.274866 
4.53 0.274935 
4.54 0.275003 
4.55 0.275072 
4.56 0.27514 
4.57 0.275209 
4.58 0.275278 
4.59 0.275346 
4.6 0.275415 
4.61 0.275484 
4.62 0.275553 
4.63 0.275622 
4.64 0.275691 
4.65 0.275761 
4.66 0.27583 
4.67 0.275899 
4.68 0.275968 
4.69 0.276038 
4.7 0.276107 
4.71 0.276177 
4.72 0.276246 
4.73 0.276316 
4.74 0.276386 
4.75 0.276456 
4.76 0.276526 
4.77 0.276596 
4.78 0.276666 
4.79 0.276736 
4.8 0.276806 
4.81 0.276876 
4.82 0.276946 
4.83 0.277016 
4.84 0.277087 
4.85 0.277157 
4.86 0.277228 
4.87 0.277298 
4.88 0.277369 
4.89 0.27744 
4.9 0.277511 
4.91 0.277581 
4.92 0.277652 
4.93 0.277723 
4.94 0.277794 
4.95 0.277865 
4.96 0.277937 
4.97 0.278008 
4.98 0.278079 
4.99 0.27815 
5 0.278222 
5.01 0.278293 
5.02 0.278365 
5.03 0.278436 
5.04 0.278508 
5.05 0.27858 
5.06 0.278652 
5.07 0.278724 
5.08 0.278795 
5.09 0.278867 
5.1 0.27894 
5.11 0.279012 
5.12 0.279084 
5.13 0.279156 
5.14 0.279228 
5.15 0.279301 
5.16 0.279373 
5.17 0.279446 
5.18 0.279518 
5.19 0.279591 
5.2 0.279664 
5.21 0.279737 
5.22 0.279809 
5.23 0.279882 
5.24 0.279955 
5.25 0.280028 
5.26 0.280101 
5.27 0.280175 
5.28 0.280248 
5.29 0.280321 
5.3 0.280394 
5.31 0.280468 
5.32 0.280541 
5.33 0.280615 
5.34 0.280689 
5.35 0.280762 
5.36 0.280836 
5.37 0.28091 
5.38 0.280984 
5.39 0.281058 
5.4 0.281132 
5.41 0.281206 
5.42 0.28128 
5.43 0.281354 
5.44 0.281428 
5.45 0.281503 
5.46 0.281577 
5.47 0.281652 
5.48 0.281726 
5.49 0.281801 
5.5 0.281875 
5.51 0.28195 
5.52 0.282025 
5.53 0.2821 
5.54 0.282175 
5.55 0.28225 
5.56 0.282325 
5.57 0.2824 
5.58 0.282475 
5.59 0.28255 
5.6 0.282625 
5.61 0.282701 
5.62 0.282776 
5.63 0.282852 
5.64 0.282927 
5.65 0.283003 
5.66 0.283079 
5.67 0.283154 
5.68 0.28323 
5.69 0.283306 
5.7 0.283382 
5.71 0.283458 
5.72 0.283534 
5.73 0.28361 
5.74 0.283687 
5.75 0.283763 
5.76 0.283839 
5.77 0.283916 
5.78 0.283992 
5.79 0.284069 
5.8 0.284145 
5.81 0.284222 
5.82 0.284299 
5.83 0.284376 
5.84 0.284452 
5.85 0.284529 
5.86 0.284606 
5.87 0.284683 
5.88 0.284761 
5.89 0.284838 
5.9 0.284915 
5.91 0.284992 
5.92 0.28507 
5.93 0.285147 
5.94 0.285225 
5.95 0.285302 
5.96 0.28538 
5.97 0.285458 
5.98 0.285535 
5.99 0.285613 
6 0.285691 
6.01 0.285769 
6.02 0.285847 
6.03 0.285925 
6.04 0.286004 
6.05 0.286082 
6.06 0.28616 
6.07 0.286238 
6.08 0.286317 
6.09 0.286395 
6.1 0.286474 
6.11 0.286553 
6.12 0.286631 
6.13 0.28671 
6.14 0.286789 
6.15 0.286868 
6.16 0.286947 
6.17 0.287026 
6.18 0.287105 
6.19 0.287184 
6.2 0.287263 
6.21 0.287343 
6.22 0.287422 
6.23 0.287501 
6.24 0.287581 
6.25 0.28766 
6.26 0.28774 
6.27 0.28782 
6.28 0.287899 
6.29 0.287979 
6.3 0.288059 
6.31 0.288139 
6.32 0.288219 
6.33 0.288299 
6.34 0.288379 
6.35 0.288459 
6.36 0.28854 
6.37 0.28862 
6.38 0.2887 
6.39 0.288781 
6.4 0.288861 
6.41 0.288942 
6.42 0.289022 
6.43 0.289103 
6.44 0.289184 
6.45 0.289265 
6.46 0.289346 
6.47 0.289427 
6.48 0.289508 
6.49 0.289589 
6.5 0.28967 
6.51 0.289751 
6.52 0.289832 
6.53 0.289914 
6.54 0.289995 
6.55 0.290077 
6.56 0.290158 
6.57 0.29024 
6.58 0.290322 
6.59 0.290403 
6.6 0.290485 
6.61 0.290567 
6.62 0.290649 
6.63 0.290731 
6.64 0.290813 
6.65 0.290895 
6.66 0.290977 
6.67 0.29106 
6.68 0.291142 
6.69 0.291224 
6.7 0.291307 
6.71 0.291389 
6.72 0.291472 
6.73 0.291555 
6.74 0.291637 
6.75 0.29172 
6.76 0.291803 
6.77 0.291886 
6.78 0.291969 
6.79 0.292052 
6.8 0.292135 
6.81 0.292218 
6.82 0.292301 
6.83 0.292385 
6.84 0.292468 
6.85 0.292551 
6.86 0.292635 
6.87 0.292718 
6.88 0.292802 
6.89 0.292886 
6.9 0.292969 
6.91 0.293053 
6.92 0.293137 
6.93 0.293221 
6.94 0.293305 
6.95 0.293389 
6.96 0.293473 
6.97 0.293557 
6.98 0.293642 
6.99 0.293726 
7 0.29381 
7.01 0.293895 
7.02 0.293979 
7.03 0.294064 
7.04 0.294148 
7.05 0.294233 
7.06 0.294318 
7.07 0.294403 
7.08 0.294488 
7.09 0.294572 
7.1 0.294657 
7.11 0.294743 
7.12 0.294828 
7.13 0.294913 
7.14 0.294998 
7.15 0.295083 
7.16 0.295169 
7.17 0.295254 
7.18 0.29534 
7.19 0.295425 
7.2 0.295511 
7.21 0.295597 
7.22 0.295683 
7.23 0.295768 
7.24 0.295854 
7.25 0.29594 
7.26 0.296026 
7.27 0.296112 
7.28 0.296199 
7.29 0.296285 
7.3 0.296371 
7.31 0.296457 
7.32 0.296544 
7.33 0.29663 
7.34 0.296717 
7.35 0.296803 
7.36 0.29689 
7.37 0.296977 
7.38 0.297063 
7.39 0.29715 
7.4 0.297237 
7.41 0.297324 
7.42 0.297411 
7.43 0.297498 
7.44 0.297585 
7.45 0.297673 
7.46 0.29776 
7.47 0.297847 
7.48 0.297935 
7.49 0.298022 
7.5 0.29811 
7.51 0.298197 
7.52 0.298285 
7.53 0.298373 
7.54 0.29846 
7.55 0.298548 
7.56 0.298636 
7.57 0.298724 
7.58 0.298812 
7.59 0.2989 
7.6 0.298988 
7.61 0.299076 
7.62 0.299165 
7.63 0.299253 
7.64 0.299341 
7.65 0.29943 
7.66 0.299518 
7.67 0.299607 
7.68 0.299696 
7.69 0.299784 
7.7 0.299873 
7.71 0.299962 
7.72 0.300051 
7.73 0.30014 
7.74 0.300229 
7.75 0.300318 
7.76 0.300407 
7.77 0.300496 
7.78 0.300585 
7.79 0.300675 
7.8 0.300764 
7.81 0.300853 
7.82 0.300943 
7.83 0.301033 
7.84 0.301122 
7.85 0.301212 
7.86 0.301302 
7.87 0.301391 
7.88 0.301481 
7.89 0.301571 
7.9 0.301661 
7.91 0.301751 
7.92 0.301841 
7.93 0.301931 
7.94 0.302022 
7.95 0.302112 
7.96 0.302202 
7.97 0.302293 
7.98 0.302383 
7.99 0.302474 
8 0.302564 
8.01 0.302655 
8.02 0.302745 
8.03 0.302836 
8.04 0.302927 
8.05 0.303018 
8.06 0.303109 
8.07 0.3032 
8.08 0.303291 
8.09 0.303382 
8.1 0.303473 
8.11 0.303564 
8.12 0.303656 
8.13 0.303747 
8.14 0.303839 
8.15 0.30393 
8.16 0.304022 
8.17 0.304113 
8.18 0.304205 
8.19 0.304296 
8.2 0.304388 
8.21 0.30448 
8.22 0.304572 
8.23 0.304664 
8.24 0.304756 
8.25 0.304848 
8.26 0.30494 
8.27 0.305032 
8.28 0.305124 
8.29 0.305217 
8.3 0.305309 
8.31 0.305402 
8.32 0.305494 
8.33 0.305587 
8.34 0.305679 
8.35 0.305772 
8.36 0.305864 
8.37 0.305957 
8.38 0.30605 
8.39 0.306143 
8.4 0.306236 
8.41 0.306329 
8.42 0.306422 
8.43 0.306515 
8.44 0.306608 
8.45 0.306701 
8.46 0.306795 
8.47 0.306888 
8.48 0.306981 
8.49 0.307075 
8.5 0.307168 
8.51 0.307262 
8.52 0.307355 
8.53 0.307449 
8.54 0.307543 
8.55 0.307637 
8.56 0.30773 
8.57 0.307824 
8.58 0.307918 
8.59 0.308012 
8.6 0.308106 
8.61 0.308201 
8.62 0.308295 
8.63 0.308389 
8.64 0.308483 
8.65 0.308578 
8.66 0.308672 
8.67 0.308767 
8.68 0.308861 
8.69 0.308956 
8.7 0.30905 
8.71 0.309145 
8.72 0.30924 
8.73 0.309334 
8.74 0.309429 
8.75 0.309524 
8.76 0.309619 
8.77 0.309714 
8.78 0.309809 
8.79 0.309904 
8.8 0.31 
8.81 0.310095 
8.82 0.31019 
8.83 0.310285 
8.84 0.310381 
8.85 0.310476 
8.86 0.310572 
8.87 0.310667 
8.88 0.310763 
8.89 0.310859 
8.9 0.310954 
8.91 0.31105 
8.92 0.311146 
8.93 0.311242 
8.94 0.311338 
8.95 0.311434 
8.96 0.31153 
8.97 0.311626 
8.98 0.311722 
8.99 0.311818 
9 0.311915 
9.01 0.312011 
9.02 0.312107 
9.03 0.312204 
9.04 0.3123 
9.05 0.312397 
9.06 0.312493 
9.07 0.31259 
9.08 0.312687 
9.09 0.312783 
9.1 0.31288 
9.11 0.312977 
9.12 0.313074 
9.13 0.313171 
9.14 0.313268 
9.15 0.313365 
9.16 0.313462 
9.17 0.313559 
9.18 0.313656 
9.19 0.313754 
9.2 0.313851 
9.21 0.313948 
9.22 0.314046 
9.23 0.314143 
9.24 0.314241 
9.25 0.314338 
9.26 0.314436 
9.27 0.314534 
9.28 0.314631 
9.29 0.314729 
9.3 0.314827 
9.31 0.314925 
9.32 0.315023 
9.33 0.315121 
9.34 0.315219 
9.35 0.315317 
9.36 0.315415 
9.37 0.315513 
9.38 0.315612 
9.39 0.31571 
9.4 0.315808 
9.41 0.315907 
9.42 0.316005 
9.43 0.316103 
9.44 0.316202 
9.45 0.316301 
9.46 0.316399 
9.47 0.316498 
9.48 0.316597 
9.49 0.316695 
9.5 0.316794 
9.51 0.316893 
9.52 0.316992 
9.53 0.317091 
9.54 0.31719 
9.55 0.317289 
9.56 0.317388 
9.57 0.317487 
9.58 0.317587 
9.59 0.317686 
9.6 0.317785 
9.61 0.317885 
9.62 0.317984 
9.63 0.318083 
9.64 0.318183 
9.65 0.318283 
9.66 0.318382 
9.67 0.318482 
9.68 0.318581 
9.69 0.318681 
9.7 0.318781 
9.71 0.318881 
9.72 0.318981 
9.73 0.319081 
9.74 0.319181 
9.75 0.319281 
9.76 0.319381 
9.77 0.319481 
9.78 0.319581 
9.79 0.319681 
9.8 0.319781 
9.81 0.319882 
9.82 0.319982 
9.83 0.320083 
9.84 0.320183 
9.85 0.320283 
9.86 0.320384 
9.87 0.320485 
9.88 0.320585 
9.89 0.320686 
9.9 0.320787 
9.91 0.320887 
9.92 0.320988 
9.93 0.321089 
9.94 0.32119 
9.95 0.321291 
9.96 0.321392 
9.97 0.321493 
9.98 0.321594 
9.99 0.321695 
10 0.321796 
10.01 0.321897 
10.02 0.321999 
10.03 0.3221 
10.04 0.322201 
10.05 0.322303 
10.06 0.322404 
10.07 0.322506 
10.08 0.322607 
10.09 0.322709 
10.1 0.32281 
10.11 0.322912 
10.12 0.323014 
10.13 0.323115 
10.14 0.323217 
10.15 0.323319 
10.16 0.323421 
10.17 0.323523 
10.18 0.323625 
10.19 0.323727 
10.2 0.323829 
10.21 0.323931 
10.22 0.324033 
10.23 0.324135 
10.24 0.324237 
10.25 0.324339 
10.26 0.324442 
10.27 0.324544 
10.28 0.324646 
10.29 0.324749 
10.3 0.324851 
10.31 0.324953 
10.32 0.325056 
10.33 0.325159 
10.34 0.325261 
10.35 0.325364 
10.36 0.325466 
10.37 0.325569 
10.38 0.325672 
10.39 0.325775 
10.4 0.325878 
10.41 0.32598 
10.42 0.326083 
10.43 0.326186 
10.44 0.326289 
10.45 0.326392 
10.46 0.326495 
10.47 0.326599 
10.48 0.326702 
10.49 0.326805 
10.5 0.326908 
10.51 0.327011 
10.52 0.327115 
10.53 0.327218 
10.54 0.327321 
10.55 0.327425 
10.56 0.327528 
10.57 0.327632 
10.58 0.327735 
10.59 0.327839 
10.6 0.327942 
10.61 0.328046 
10.62 0.32815 
10.63 0.328253 
10.64 0.328357 
10.65 0.328461 
10.66 0.328565 
10.67 0.328669 
10.68 0.328773 
10.69 0.328877 
10.7 0.328981 
10.71 0.329085 
10.72 0.329189 
10.73 0.329293 
10.74 0.329397 
10.75 0.329501 
10.76 0.329605 
10.77 0.329709 
10.78 0.329814 
10.79 0.329918 
10.8 0.330022 
10.81 0.330127 
10.82 0.330231 
10.83 0.330335 
10.84 0.33044 
10.85 0.330544 
10.86 0.330649 
10.87 0.330753 
10.88 0.330858 
10.89 0.330963 
10.9 0.331067 
10.91 0.331172 
10.92 0.331277 
10.93 0.331381 
10.94 0.331486 
10.95 0.331591 
10.96 0.331696 
10.97 0.331801 
10.98 0.331906 
10.99 0.332011 
11 0.332116 
11.01 0.332221 
11.02 0.332326 
11.03 0.332431 
11.04 0.332536 
11.05 0.332641 
11.06 0.332746 
11.07 0.332852 
11.08 0.332957 
11.09 0.333062 
11.1 0.333167 
11.11 0.333273 
11.12 0.333378 
11.13 0.333483 
11.14 0.333589 
11.15 0.333694 
11.16 0.3338 
11.17 0.333905 
11.18 0.334011 
11.19 0.334117 
11.2 0.334222 
11.21 0.334328 
11.22 0.334433 
11.23 0.334539 
11.24 0.334645 
11.25 0.334751 
11.26 0.334856 
11.27 0.334962 
11.28 0.335068 
11.29 0.335174 
11.3 0.33528 
11.31 0.335386 
11.32 0.335492 
11.33 0.335598 
11.34 0.335704 
11.35 0.33581 
11.36 0.335916 
11.37 0.336022 
11.38 0.336128 
11.39 0.336234 
11.4 0.33634 
11.41 0.336447 
11.42 0.336553 
11.43 0.336659 
11.44 0.336765 
11.45 0.336872 
11.46 0.336978 
11.47 0.337084 
11.48 0.337191 
11.49 0.337297 
11.5 0.337403 
11.51 0.33751 
11.52 0.337616 
11.53 0.337723 
11.54 0.337829 
11.55 0.337936 
11.56 0.338043 
11.57 0.338149 
11.58 0.338256 
11.59 0.338362 
11.6 0.338469 
11.61 0.338576 
11.62 0.338683 
11.63 0.338789 
11.64 0.338896 
11.65 0.339003 
11.66 0.33911 
11.67 0.339217 
11.68 0.339323 
11.69 0.33943 
11.7 0.339537 
11.71 0.339644 
11.72 0.339751 
11.73 0.339858 
11.74 0.339965 
11.75 0.340072 
11.76 0.340179 
11.77 0.340286 
11.78 0.340393 
11.79 0.3405 
11.8 0.340608 
11.81 0.340715 
11.82 0.340822 
11.83 0.340929 
11.84 0.341036 
11.85 0.341144 
11.86 0.341251 
11.87 0.341358 
11.88 0.341465 
11.89 0.341573 
11.9 0.34168 
11.91 0.341787 
11.92 0.341895 
11.93 0.342002 
11.94 0.34211 
11.95 0.342217 
11.96 0.342324 
11.97 0.342432 
11.98 0.342539 
11.99 0.342647 
12 0.342754 
12.01 0.342862 
12.02 0.34297 
12.03 0.343077 
12.04 0.343185 
12.05 0.343292 
12.06 0.3434 
12.07 0.343508 
12.08 0.343615 
12.09 0.343723 
12.1 0.343831 
12.11 0.343938 
12.12 0.344046 
12.13 0.344154 
12.14 0.344262 
12.15 0.344369 
12.16 0.344477 
12.17 0.344585 
12.18 0.344693 
12.19 0.344801 
12.2 0.344909 
12.21 0.345016 
12.22 0.345124 
12.23 0.345232 
12.24 0.34534 
12.25 0.345448 
12.26 0.345556 
12.27 0.345664 
12.28 0.345772 
12.29 0.34588 
12.3 0.345988 
12.31 0.346096 
12.32 0.346204 
12.33 0.346312 
12.34 0.34642 
12.35 0.346528 
12.36 0.346636 
12.37 0.346744 
12.38 0.346852 
12.39 0.346961 
12.4 0.347069 
12.41 0.347177 
12.42 0.347285 
12.43 0.347393 
12.44 0.347501 
12.45 0.347609 
12.46 0.347718 
12.47 0.347826 
12.48 0.347934 
12.49 0.348042 
12.5 0.348151 
12.51 0.348259 
12.52 0.348367 
12.53 0.348475 
12.54 0.348584 
12.55 0.348692 
12.56 0.3488 
12.57 0.348909 
12.58 0.349017 
12.59 0.349125 
12.6 0.349234 
12.61 0.349342 
12.62 0.34945 
12.63 0.349559 
12.64 0.349667 
12.65 0.349776 
12.66 0.349884 
12.67 0.349992 
12.68 0.350101 
12.69 0.350209 
12.7 0.350318 
12.71 0.350426 
12.72 0.350534 
12.73 0.350643 
12.74 0.350751 
12.75 0.35086 
12.76 0.350968 
12.77 0.351077 
12.78 0.351185 
12.79 0.351294 
12.8 0.351402 
12.81 0.351511 
12.82 0.351619 
12.83 0.351728 
12.84 0.351836 
12.85 0.351945 
12.86 0.352053 
12.87 0.352162 
12.88 0.352271 
12.89 0.352379 
12.9 0.352488 
12.91 0.352596 
12.92 0.352705 
12.93 0.352813 
12.94 0.352922 
12.95 0.353031 
12.96 0.353139 
12.97 0.353248 
12.98 0.353356 
12.99 0.353465 
13 0.353573 
13.01 0.353682 
13.02 0.353791 
13.03 0.353899 
13.04 0.354008 
13.05 0.354116 
13.06 0.354225 
13.07 0.354334 
13.08 0.354442 
13.09 0.354551 
13.1 0.354659 
13.11 0.354768 
13.12 0.354877 
13.13 0.354985 
13.14 0.355094 
13.15 0.355203 
13.16 0.355311 
13.17 0.35542 
13.18 0.355528 
13.19 0.355637 
13.2 0.355746 
13.21 0.355854 
13.22 0.355963 
13.23 0.356072 
13.24 0.35618 
13.25 0.356289 
13.26 0.356397 
13.27 0.356506 
13.28 0.356615 
13.29 0.356723 
13.3 0.356832 
13.31 0.356941 
13.32 0.357049 
13.33 0.357158 
13.34 0.357266 
13.35 0.357375 
13.36 0.357484 
13.37 0.357592 
13.38 0.357701 
13.39 0.357809 
13.4 0.357918 
13.41 0.358027 
13.42 0.358135 
13.43 0.358244 
13.44 0.358352 
13.45 0.358461 
13.46 0.358569 
13.47 0.358678 
13.48 0.358787 
13.49 0.358895 
13.5 0.359004 
13.51 0.359112 
13.52 0.359221 
13.53 0.359329 
13.54 0.359438 
13.55 0.359546 
13.56 0.359655 
13.57 0.359763 
13.58 0.359872 
13.59 0.35998 
13.6 0.360089 
13.61 0.360197 
13.62 0.360306 
13.63 0.360414 
13.64 0.360523 
13.65 0.360631 
13.66 0.36074 
13.67 0.360848 
13.68 0.360957 
13.69 0.361065 
13.7 0.361174 
13.71 0.361282 
13.72 0.36139 
13.73 0.361499 
13.74 0.361607 
13.75 0.361716 
13.76 0.361824 
13.77 0.361932 
13.78 0.362041 
13.79 0.362149 
13.8 0.362257 
13.81 0.362366 
13.82 0.362474 
13.83 0.362582 
13.84 0.362691 
13.85 0.362799 
13.86 0.362907 
13.87 0.363016 
13.88 0.363124 
13.89 0.363232 
13.9 0.36334 
13.91 0.363449 
13.92 0.363557 
13.93 0.363665 
13.94 0.363773 
13.95 0.363881 
13.96 0.36399 
13.97 0.364098 
13.98 0.364206 
13.99 0.364314 
14 0.364422 
14.01 0.36453 
14.02 0.364638 
14.03 0.364747 
14.04 0.364855 
14.05 0.364963 
14.06 0.365071 
14.07 0.365179 
14.08 0.365287 
14.09 0.365395 
14.1 0.365503 
14.11 0.365611 
14.12 0.365719 
14.13 0.365827 
14.14 0.365935 
14.15 0.366043 
14.16 0.366151 
14.17 0.366258 
14.18 0.366366 
14.19 0.366474 
14.2 0.366582 
14.21 0.36669 
14.22 0.366798 
14.23 0.366906 
14.24 0.367013 
14.25 0.367121 
14.26 0.367229 
14.27 0.367337 
14.28 0.367444 
14.29 0.367552 
14.3 0.36766 
14.31 0.367767 
14.32 0.367875 
14.33 0.367983 
14.34 0.36809 
14.35 0.368198 
14.36 0.368306 
14.37 0.368413 
14.38 0.368521 
14.39 0.368628 
14.4 0.368736 
14.41 0.368843 
14.42 0.368951 
14.43 0.369058 
14.44 0.369166 
14.45 0.369273 
14.46 0.369381 
14.47 0.369488 
14.48 0.369595 
14.49 0.369703 
14.5 0.36981 
14.51 0.369917 
14.52 0.370025 
14.53 0.370132 
14.54 0.370239 
14.55 0.370346 
14.56 0.370454 
14.57 0.370561 
14.58 0.370668 
14.59 0.370775 
14.6 0.370882 
14.61 0.370989 
14.62 0.371097 
14.63 0.371204 
14.64 0.371311 
14.65 0.371418 
14.66 0.371525 
14.67 0.371632 
14.68 0.371739 
14.69 0.371846 
14.7 0.371952 
14.71 0.372059 
14.72 0.372166 
14.73 0.372273 
14.74 0.37238 
14.75 0.372487 
14.76 0.372593 
14.77 0.3727 
14.78 0.372807 
14.79 0.372914 
14.8 0.37302 
14.81 0.373127 
14.82 0.373234 
14.83 0.37334 
14.84 0.373447 
14.85 0.373553 
14.86 0.37366 
14.87 0.373766 
14.88 0.373873 
14.89 0.373979 
14.9 0.374086 
14.91 0.374192 
14.92 0.374299 
14.93 0.374405 
14.94 0.374511 
14.95 0.374618 
14.96 0.374724 
14.97 0.37483 
14.98 0.374936 
14.99 0.375043 
15 0.375149 
15.01 0.375255 
15.02 0.375361 
15.03 0.375467 
15.04 0.375573 
15.05 0.375679 
15.06 0.375785 
15.07 0.375891 
15.08 0.375997 
15.09 0.376103 
15.1 0.376209 
15.11 0.376315 
15.12 0.376421 
15.13 0.376527 
15.14 0.376633 
15.15 0.376738 
15.16 0.376844 
15.17 0.37695 
15.18 0.377055 
15.19 0.377161 
15.2 0.377267 
15.21 0.377372 
15.22 0.377478 
15.23 0.377583 
15.24 0.377689 
15.25 0.377794 
15.26 0.3779 
15.27 0.378005 
15.28 0.378111 
15.29 0.378216 
15.3 0.378321 
15.31 0.378427 
15.32 0.378532 
15.33 0.378637 
15.34 0.378742 
15.35 0.378847 
15.36 0.378953 
15.37 0.379058 
15.38 0.379163 
15.39 0.379268 
15.4 0.379373 
15.41 0.379478 
15.42 0.379583 
15.43 0.379688 
15.44 0.379792 
15.45 0.379897 
15.46 0.380002 
15.47 0.380107 
15.48 0.380212 
15.49 0.380316 
15.5 0.380421 
15.51 0.380526 
15.52 0.38063 
15.53 0.380735 
15.54 0.380839 
15.55 0.380944 
15.56 0.381048 
15.57 0.381153 
15.58 0.381257 
15.59 0.381362 
15.6 0.381466 
15.61 0.38157 
15.62 0.381675 
15.63 0.381779 
15.64 0.381883 
15.65 0.381987 
15.66 0.382091 
15.67 0.382196 
15.68 0.3823 
15.69 0.382404 
15.7 0.382508 
15.71 0.382612 
15.72 0.382715 
15.73 0.382819 
15.74 0.382923 
15.75 0.383027 
15.76 0.383131 
15.77 0.383235 
15.78 0.383338 
15.79 0.383442 
15.8 0.383546 
15.81 0.383649 
15.82 0.383753 
15.83 0.383856 
15.84 0.38396 
15.85 0.384063 
15.86 0.384167 
15.87 0.38427 
15.88 0.384373 
15.89 0.384477 
15.9 0.38458 
15.91 0.384683 
15.92 0.384786 
15.93 0.384889 
15.94 0.384992 
15.95 0.385096 
15.96 0.385199 
15.97 0.385302 
15.98 0.385404 
15.99 0.385507 
16 0.38561 
16.01 0.385713 
16.02 0.385816 
16.03 0.385919 
16.04 0.386021 
16.05 0.386124 
16.06 0.386227 
16.07 0.386329 
16.08 0.386432 
16.09 0.386534 
16.1 0.386637 
16.11 0.386739 
16.12 0.386842 
16.13 0.386944 
16.14 0.387046 
16.15 0.387149 
16.16 0.387251 
16.17 0.387353 
16.18 0.387455 
16.19 0.387557 
16.2 0.387659 
16.21 0.387761 
16.22 0.387863 
16.23 0.387965 
16.24 0.388067 
16.25 0.388169 
16.26 0.388271 
16.27 0.388373 
16.28 0.388474 
16.29 0.388576 
16.3 0.388678 
16.31 0.388779 
16.32 0.388881 
16.33 0.388982 
16.34 0.389084 
16.35 0.389185 
16.36 0.389287 
16.37 0.389388 
16.38 0.389489 
16.39 0.389591 
16.4 0.389692 
16.41 0.389793 
16.42 0.389894 
16.43 0.389995 
16.44 0.390096 
16.45 0.390197 
16.46 0.390298 
16.47 0.390399 
16.48 0.3905 
16.49 0.390601 
16.5 0.390702 
16.51 0.390802 
16.52 0.390903 
16.53 0.391004 
16.54 0.391104 
16.55 0.391205 
16.56 0.391305 
16.57 0.391406 
16.58 0.391506 
16.59 0.391607 
16.6 0.391707 
16.61 0.391807 
16.62 0.391907 
16.63 0.392008 
16.64 0.392108 
16.65 0.392208 
16.66 0.392308 
16.67 0.392408 
16.68 0.392508 
16.69 0.392608 
16.7 0.392708 
16.71 0.392807 
16.72 0.392907 
16.73 0.393007 
16.74 0.393107 
16.75 0.393206 
16.76 0.393306 
16.77 0.393405 
16.78 0.393505 
16.79 0.393604 
16.8 0.393704 
16.81 0.393803 
16.82 0.393902 
16.83 0.394001 
16.84 0.394101 
16.85 0.3942 
16.86 0.394299 
16.87 0.394398 
16.88 0.394497 
16.89 0.394596 
16.9 0.394695 
16.91 0.394794 
16.92 0.394893 
16.93 0.394991 
16.94 0.39509 
16.95 0.395189 
16.96 0.395287 
16.97 0.395386 
16.98 0.395484 
16.99 0.395583 
17 0.395681 
17.01 0.39578 
17.02 0.395878 
17.03 0.395976 
17.04 0.396075 
17.05 0.396173 
17.06 0.396271 
17.07 0.396369 
17.08 0.396467 
17.09 0.396565 
17.1 0.396663 
17.11 0.396761 
17.12 0.396859 
17.13 0.396956 
17.14 0.397054 
17.15 0.397152 
17.16 0.397249 
17.17 0.397347 
17.18 0.397444 
17.19 0.397542 
17.2 0.397639 
17.21 0.397737 
17.22 0.397834 
17.23 0.397931 
17.24 0.398029 
17.25 0.398126 
17.26 0.398223 
17.27 0.39832 
17.28 0.398417 
17.29 0.398514 
17.3 0.398611 
17.31 0.398708 
17.32 0.398804 
17.33 0.398901 
17.34 0.398998 
17.35 0.399094 
17.36 0.399191 
17.37 0.399288 
17.38 0.399384 
17.39 0.399481 
17.4 0.399577 
17.41 0.399673 
17.42 0.39977 
17.43 0.399866 
17.44 0.399962 
17.45 0.400058 
17.46 0.400154 
17.47 0.40025 
17.48 0.400346 
17.49 0.400442 
17.5 0.400538 
17.51 0.400634 
17.52 0.400729 
17.53 0.400825 
17.54 0.400921 
17.55 0.401016 
17.56 0.401112 
17.57 0.401207 
17.58 0.401303 
17.59 0.401398 
17.6 0.401493 
17.61 0.401589 
17.62 0.401684 
17.63 0.401779 
17.64 0.401874 
17.65 0.401969 
17.66 0.402064 
17.67 0.402159 
17.68 0.402254 
17.69 0.402349 
17.7 0.402444 
17.71 0.402538 
17.72 0.402633 
17.73 0.402728 
17.74 0.402822 
17.75 0.402917 
17.76 0.403011 
17.77 0.403105 
17.78 0.4032 
17.79 0.403294 
17.8 0.403388 
17.81 0.403482 
17.82 0.403576 
17.83 0.403671 
17.84 0.403765 
17.85 0.403858 
17.86 0.403952 
17.87 0.404046 
17.88 0.40414 
17.89 0.404234 
17.9 0.404327 
17.91 0.404421 
17.92 0.404514 
17.93 0.404608 
17.94 0.404701 
17.95 0.404795 
17.96 0.404888 
17.97 0.404981 
17.98 0.405075 
17.99 0.405168 
18 0.405261 
18.01 0.405354 
18.02 0.405447 
18.03 0.40554 
18.04 0.405633 
18.05 0.405725 
18.06 0.405818 
18.07 0.405911 
18.08 0.406004 
18.09 0.406096 
18.1 0.406189 
18.11 0.406281 
18.12 0.406374 
18.13 0.406466 
18.14 0.406558 
18.15 0.40665 
18.16 0.406743 
18.17 0.406835 
18.18 0.406927 
18.19 0.407019 
18.2 0.407111 
18.21 0.407203 
18.22 0.407294 
18.23 0.407386 
18.24 0.407478 
18.25 0.40757 
18.26 0.407661 
18.27 0.407753 
18.28 0.407844 
18.29 0.407936 
18.3 0.408027 
18.31 0.408118 
18.32 0.40821 
18.33 0.408301 
18.34 0.408392 
18.35 0.408483 
18.36 0.408574 
18.37 0.408665 
18.38 0.408756 
18.39 0.408847 
18.4 0.408937 
18.41 0.409028 
18.42 0.409119 
18.43 0.409209 
18.44 0.4093 
18.45 0.40939 
18.46 0.409481 
18.47 0.409571 
18.48 0.409662 
18.49 0.409752 
18.5 0.409842 
18.51 0.409932 
18.52 0.410022 
18.53 0.410112 
18.54 0.410202 
18.55 0.410292 
18.56 0.410382 
18.57 0.410472 
18.58 0.410561 
18.59 0.410651 
18.6 0.410741 
18.61 0.41083 
18.62 0.41092 
18.63 0.411009 
18.64 0.411098 
18.65 0.411188 
18.66 0.411277 
18.67 0.411366 
18.68 0.411455 
18.69 0.411544 
18.7 0.411633 
18.71 0.411722 
18.72 0.411811 
18.73 0.4119 
18.74 0.411989 
18.75 0.412077 
18.76 0.412166 
18.77 0.412254 
18.78 0.412343 
18.79 0.412431 
18.8 0.41252 
18.81 0.412608 
18.82 0.412696 
18.83 0.412784 
18.84 0.412873 
18.85 0.412961 
18.86 0.413049 
18.87 0.413137 
18.88 0.413225 
18.89 0.413312 
18.9 0.4134 
18.91 0.413488 
18.92 0.413576 
18.93 0.413663 
18.94 0.413751 
18.95 0.413838 
18.96 0.413926 
18.97 0.414013 
18.98 0.4141 
18.99 0.414187 
19 0.414275 
19.01 0.414362 
19.02 0.414449 
19.03 0.414536 
19.04 0.414623 
19.05 0.414709 
19.06 0.414796 
19.07 0.414883 
19.08 0.41497 
19.09 0.415056 
19.1 0.415143 
19.11 0.415229 
19.12 0.415316 
19.13 0.415402 
19.14 0.415488 
19.15 0.415574 
19.16 0.415661 
19.17 0.415747 
19.18 0.415833 
19.19 0.415919 
19.2 0.416005 
19.21 0.416091 
19.22 0.416176 
19.23 0.416262 
19.24 0.416348 
19.25 0.416433 
19.26 0.416519 
19.27 0.416604 
19.28 0.41669 
19.29 0.416775 
19.3 0.416861 
19.31 0.416946 
19.32 0.417031 
19.33 0.417116 
19.34 0.417201 
19.35 0.417286 
19.36 0.417371 
19.37 0.417456 
19.38 0.417541 
19.39 0.417625 
19.4 0.41771 
19.41 0.417795 
19.42 0.417879 
19.43 0.417964 
19.44 0.418048 
19.45 0.418132 
19.46 0.418217 
19.47 0.418301 
19.48 0.418385 
19.49 0.418469 
19.5 0.418553 
19.51 0.418637 
19.52 0.418721 
19.53 0.418805 
19.54 0.418889 
19.55 0.418973 
19.56 0.419056 
19.57 0.41914 
19.58 0.419223 
19.59 0.419307 
19.6 0.41939 
19.61 0.419474 
19.62 0.419557 
19.63 0.41964 
19.64 0.419723 
19.65 0.419806 
19.66 0.419889 
19.67 0.419972 
19.68 0.420055 
19.69 0.420138 
19.7 0.420221 
19.71 0.420304 
19.72 0.420386 
19.73 0.420469 
19.74 0.420551 
19.75 0.420634 
19.76 0.420716 
19.77 0.420799 
19.78 0.420881 
19.79 0.420963 
19.8 0.421045 
19.81 0.421127 
19.82 0.421209 
19.83 0.421291 
19.84 0.421373 
19.85 0.421455 
19.86 0.421537 
19.87 0.421619 
19.88 0.4217 
19.89 0.421782 
19.9 0.421863 
19.91 0.421945 
19.92 0.422026 
19.93 0.422107 
19.94 0.422189 
19.95 0.42227 
19.96 0.422351 
19.97 0.422432 
19.98 0.422513 
19.99 0.422594 
20 0.422675 
20.01 0.422756 
20.02 0.422836 
20.03 0.422917 
20.04 0.422998 
20.05 0.423078 
20.06 0.423159 
20.07 0.423239 
20.08 0.42332 
20.09 0.4234 
20.1 0.42348 
20.11 0.42356 
20.12 0.42364 
20.13 0.42372 
20.14 0.4238 
20.15 0.42388 
20.16 0.42396 
20.17 0.42404 
20.18 0.42412 
20.19 0.424199 
20.2 0.424279 
20.21 0.424358 
20.22 0.424438 
20.23 0.424517 
20.24 0.424597 
20.25 0.424676 
20.26 0.424755 
20.27 0.424834 
20.28 0.424913 
20.29 0.424992 
20.3 0.425071 
20.31 0.42515 
20.32 0.425229 
20.33 0.425308 
20.34 0.425387 
20.35 0.425465 
20.36 0.425544 
20.37 0.425622 
20.38 0.425701 
20.39 0.425779 
20.4 0.425857 
20.41 0.425936 
20.42 0.426014 
20.43 0.426092 
20.44 0.42617 
20.45 0.426248 
20.46 0.426326 
20.47 0.426404 
20.48 0.426482 
20.49 0.426559 
20.5 0.426637 
20.51 0.426715 
20.52 0.426792 
20.53 0.42687 
20.54 0.426947 
20.55 0.427024 
20.56 0.427102 
20.57 0.427179 
20.58 0.427256 
20.59 0.427333 
20.6 0.42741 
20.61 0.427487 
20.62 0.427564 
20.63 0.427641 
20.64 0.427718 
20.65 0.427794 
20.66 0.427871 
20.67 0.427948 
20.68 0.428024 
20.69 0.428101 
20.7 0.428177 
20.71 0.428253 
20.72 0.42833 
20.73 0.428406 
20.74 0.428482 
20.75 0.428558 
20.76 0.428634 
20.77 0.42871 
20.78 0.428786 
20.79 0.428862 
20.8 0.428937 
20.81 0.429013 
20.82 0.429089 
20.83 0.429164 
20.84 0.42924 
20.85 0.429315 
20.86 0.42939 
20.87 0.429466 
20.88 0.429541 
20.89 0.429616 
20.9 0.429691 
20.91 0.429766 
20.92 0.429841 
20.93 0.429916 
20.94 0.429991 
20.95 0.430066 
20.96 0.430141 
20.97 0.430215 
20.98 0.43029 
20.99 0.430364 
21 0.430439 
21.01 0.430513 
21.02 0.430588 
21.03 0.430662 
21.04 0.430736 
21.05 0.43081 
21.06 0.430884 
21.07 0.430958 
21.08 0.431032 
21.09 0.431106 
21.1 0.43118 
21.11 0.431254 
21.12 0.431327 
21.13 0.431401 
21.14 0.431475 
21.15 0.431548 
21.16 0.431622 
21.17 0.431695 
21.18 0.431768 
21.19 0.431841 
21.2 0.431915 
21.21 0.431988 
21.22 0.432061 
21.23 0.432134 
21.24 0.432207 
21.25 0.43228 
21.26 0.432352 
21.27 0.432425 
21.28 0.432498 
21.29 0.43257 
21.3 0.432643 
21.31 0.432716 
21.32 0.432788 
21.33 0.43286 
21.34 0.432933 
21.35 0.433005 
21.36 0.433077 
21.37 0.433149 
21.38 0.433221 
21.39 0.433293 
21.4 0.433365 
21.41 0.433437 
21.42 0.433509 
21.43 0.43358 
21.44 0.433652 
21.45 0.433724 
21.46 0.433795 
21.47 0.433867 
21.48 0.433938 
21.49 0.434009 
21.5 0.434081 
21.51 0.434152 
21.52 0.434223 
21.53 0.434294 
21.54 0.434365 
21.55 0.434436 
21.56 0.434507 
21.57 0.434578 
21.58 0.434649 
21.59 0.434719 
21.6 0.43479 
21.61 0.43486 
21.62 0.434931 
21.63 0.435001 
21.64 0.435072 
21.65 0.435142 
21.66 0.435212 
21.67 0.435283 
21.68 0.435353 
21.69 0.435423 
21.7 0.435493 
21.71 0.435563 
21.72 0.435633 
21.73 0.435702 
21.74 0.435772 
21.75 0.435842 
21.76 0.435912 
21.77 0.435981 
21.78 0.436051 
21.79 0.43612 
21.8 0.436189 
21.81 0.436259 
21.82 0.436328 
21.83 0.436397 
21.84 0.436466 
21.85 0.436535 
21.86 0.436604 
21.87 0.436673 
21.88 0.436742 
21.89 0.436811 
21.9 0.43688 
21.91 0.436948 
21.92 0.437017 
21.93 0.437086 
21.94 0.437154 
21.95 0.437223 
21.96 0.437291 
21.97 0.437359 
21.98 0.437427 
21.99 0.437496 
22 0.437564 
22.01 0.437632 
22.02 0.4377 
22.03 0.437768 
22.04 0.437836 
22.05 0.437903 
22.06 0.437971 
22.07 0.438039 
22.08 0.438107 
22.09 0.438174 
22.1 0.438242 
22.11 0.438309 
22.12 0.438376 
22.13 0.438444 
22.14 0.438511 
22.15 0.438578 
22.16 0.438645 
22.17 0.438712 
22.18 0.438779 
22.19 0.438846 
22.2 0.438913 
22.21 0.43898 
22.22 0.439047 
22.23 0.439113 
22.24 0.43918 
22.25 0.439247 
22.26 0.439313 
22.27 0.43938 
22.28 0.439446 
22.29 0.439512 
22.3 0.439578 
22.31 0.439645 
22.32 0.439711 
22.33 0.439777 
22.34 0.439843 
22.35 0.439909 
22.36 0.439975 
22.37 0.44004 
22.38 0.440106 
22.39 0.440172 
22.4 0.440238 
22.41 0.440303 
22.42 0.440369 
22.43 0.440434 
22.44 0.440499 
22.45 0.440565 
22.46 0.44063 
22.47 0.440695 
22.48 0.44076 
22.49 0.440825 
22.5 0.440891 
22.51 0.440955 
22.52 0.44102 
22.53 0.441085 
22.54 0.44115 
22.55 0.441215 
22.56 0.441279 
22.57 0.441344 
22.58 0.441408 
22.59 0.441473 
22.6 0.441537 
22.61 0.441602 
22.62 0.441666 
22.63 0.44173 
22.64 0.441794 
22.65 0.441858 
22.66 0.441922 
22.67 0.441986 
22.68 0.44205 
22.69 0.442114 
22.7 0.442178 
22.71 0.442242 
22.72 0.442305 
22.73 0.442369 
22.74 0.442433 
22.75 0.442496 
22.76 0.442559 
22.77 0.442623 
22.78 0.442686 
22.79 0.442749 
22.8 0.442813 
22.81 0.442876 
22.82 0.442939 
22.83 0.443002 
22.84 0.443065 
22.85 0.443128 
22.86 0.44319 
22.87 0.443253 
22.88 0.443316 
22.89 0.443378 
22.9 0.443441 
22.91 0.443504 
22.92 0.443566 
22.93 0.443628 
22.94 0.443691 
22.95 0.443753 
22.96 0.443815 
22.97 0.443877 
22.98 0.44394 
22.99 0.444002 
23 0.444064 
23.01 0.444125 
23.02 0.444187 
23.03 0.444249 
23.04 0.444311 
23.05 0.444373 
23.06 0.444434 
23.07 0.444496 
23.08 0.444557 
23.09 0.444619 
23.1 0.44468 
23.11 0.444741 
23.12 0.444803 
23.13 0.444864 
23.14 0.444925 
23.15 0.444986 
23.16 0.445047 
23.17 0.445108 
23.18 0.445169 
23.19 0.44523 
23.2 0.445291 
23.21 0.445351 
23.22 0.445412 
23.23 0.445473 
23.24 0.445533 
23.25 0.445594 
23.26 0.445654 
23.27 0.445714 
23.28 0.445775 
23.29 0.445835 
23.3 0.445895 
23.31 0.445955 
23.32 0.446015 
23.33 0.446075 
23.34 0.446135 
23.35 0.446195 
23.36 0.446255 
23.37 0.446315 
23.38 0.446375 
23.39 0.446434 
23.4 0.446494 
23.41 0.446553 
23.42 0.446613 
23.43 0.446672 
23.44 0.446732 
23.45 0.446791 
23.46 0.44685 
23.47 0.446909 
23.48 0.446968 
23.49 0.447028 
23.5 0.447087 
23.51 0.447146 
23.52 0.447204 
23.53 0.447263 
23.54 0.447322 
23.55 0.447381 
23.56 0.447439 
23.57 0.447498 
23.58 0.447557 
23.59 0.447615 
23.6 0.447674 
23.61 0.447732 
23.62 0.44779 
23.63 0.447848 
23.64 0.447907 
23.65 0.447965 
23.66 0.448023 
23.67 0.448081 
23.68 0.448139 
23.69 0.448197 
23.7 0.448255 
23.71 0.448312 
23.72 0.44837 
23.73 0.448428 
23.74 0.448486 
23.75 0.448543 
23.76 0.448601 
23.77 0.448658 
23.78 0.448715 
23.79 0.448773 
23.8 0.44883 
23.81 0.448887 
23.82 0.448944 
23.83 0.449002 
23.84 0.449059 
23.85 0.449116 
23.86 0.449173 
23.87 0.449229 
23.88 0.449286 
23.89 0.449343 
23.9 0.4494 
23.91 0.449456 
23.92 0.449513 
23.93 0.449569 
23.94 0.449626 
23.95 0.449682 
23.96 0.449739 
23.97 0.449795 
23.98 0.449851 
23.99 0.449907 
24 0.449964 
24.01 0.45002 
24.02 0.450076 
24.03 0.450132 
24.04 0.450188 
24.05 0.450243 
24.06 0.450299 
24.07 0.450355 
24.08 0.450411 
24.09 0.450466 
24.1 0.450522 
24.11 0.450577 
24.12 0.450633 
24.13 0.450688 
24.14 0.450744 
24.15 0.450799 
24.16 0.450854 
24.17 0.450909 
24.18 0.450964 
24.19 0.451019 
24.2 0.451074 
24.21 0.451129 
24.22 0.451184 
24.23 0.451239 
24.24 0.451294 
24.25 0.451349 
24.26 0.451403 
24.27 0.451458 
24.28 0.451513 
24.29 0.451567 
24.3 0.451622 
24.31 0.451676 
24.32 0.45173 
24.33 0.451785 
24.34 0.451839 
24.35 0.451893 
24.36 0.451947 
24.37 0.452001 
24.38 0.452055 
24.39 0.452109 
24.4 0.452163 
24.41 0.452217 
24.42 0.452271 
24.43 0.452324 
24.44 0.452378 
24.45 0.452432 
24.46 0.452485 
24.47 0.452539 
24.48 0.452592 
24.49 0.452646 
24.5 0.452699 
24.51 0.452752 
24.52 0.452805 
24.53 0.452859 
24.54 0.452912 
24.55 0.452965 
24.56 0.453018 
24.57 0.453071 
24.58 0.453124 
24.59 0.453177 
24.6 0.453229 
24.61 0.453282 
24.62 0.453335 
24.63 0.453387 
24.64 0.45344 
24.65 0.453493 
24.66 0.453545 
24.67 0.453597 
24.68 0.45365 
24.69 0.453702 
24.7 0.453754 
24.71 0.453807 
24.72 0.453859 
24.73 0.453911 
24.74 0.453963 
24.75 0.454015 
24.76 0.454067 
24.77 0.454119 
24.78 0.454171 
24.79 0.454222 
24.8 0.454274 
24.81 0.454326 
24.82 0.454377 
24.83 0.454429 
24.84 0.45448 
24.85 0.454532 
24.86 0.454583 
24.87 0.454635 
24.88 0.454686 
24.89 0.454737 
24.9 0.454788 
24.91 0.454839 
24.92 0.454891 
24.93 0.454942 
24.94 0.454993 
24.95 0.455043 
24.96 0.455094 
24.97 0.455145 
24.98 0.455196 
24.99 0.455247 
25 0.455297 
25.01 0.455348 
25.02 0.455398 
25.03 0.455449 
25.04 0.455499 
25.05 0.45555 
25.06 0.4556 
25.07 0.45565 
25.08 0.455701 
25.09 0.455751 
25.1 0.455801 
25.11 0.455851 
25.12 0.455901 
25.13 0.455951 
25.14 0.456001 
25.15 0.456051 
25.16 0.456101 
25.17 0.45615 
25.18 0.4562 
25.19 0.45625 
25.2 0.456299 
25.21 0.456349 
25.22 0.456398 
25.23 0.456448 
25.24 0.456497 
25.25 0.456547 
25.26 0.456596 
25.27 0.456645 
25.28 0.456694 
25.29 0.456744 
25.3 0.456793 
25.31 0.456842 
25.32 0.456891 
25.33 0.45694 
25.34 0.456988 
25.35 0.457037 
25.36 0.457086 
25.37 0.457135 
25.38 0.457184 
25.39 0.457232 
25.4 0.457281 
25.41 0.457329 
25.42 0.457378 
25.43 0.457426 
25.44 0.457475 
25.45 0.457523 
25.46 0.457571 
25.47 0.457619 
25.48 0.457667 
25.49 0.457716 
25.5 0.457764 
25.51 0.457812 
25.52 0.45786 
25.53 0.457908 
25.54 0.457955 
25.55 0.458003 
25.56 0.458051 
25.57 0.458099 
25.58 0.458146 
25.59 0.458194 
25.6 0.458242 
25.61 0.458289 
25.62 0.458337 
25.63 0.458384 
25.64 0.458431 
25.65 0.458479 
25.66 0.458526 
25.67 0.458573 
25.68 0.45862 
25.69 0.458667 
25.7 0.458714 
25.71 0.458761 
25.72 0.458808 
25.73 0.458855 
25.74 0.458902 
25.75 0.458949 
25.76 0.458996 
25.77 0.459042 
25.78 0.459089 
25.79 0.459136 
25.8 0.459182 
25.81 0.459229 
25.82 0.459275 
25.83 0.459322 
25.84 0.459368 
25.85 0.459414 
25.86 0.45946 
25.87 0.459507 
25.88 0.459553 
25.89 0.459599 
25.9 0.459645 
25.91 0.459691 
25.92 0.459737 
25.93 0.459783 
25.94 0.459829 
25.95 0.459875 
25.96 0.45992 
25.97 0.459966 
25.98 0.460012 
25.99 0.460057 
26 0.460103 
26.01 0.460149 
26.02 0.460194 
26.03 0.460239 
26.04 0.460285 
26.05 0.46033 
26.06 0.460375 
26.07 0.460421 
26.08 0.460466 
26.09 0.460511 
26.1 0.460556 
26.11 0.460601 
26.12 0.460646 
26.13 0.460691 
26.14 0.460736 
26.15 0.460781 
26.16 0.460826 
26.17 0.46087 
26.18 0.460915 
26.19 0.46096 
26.2 0.461004 
26.21 0.461049 
26.22 0.461093 
26.23 0.461138 
26.24 0.461182 
26.25 0.461227 
26.26 0.461271 
26.27 0.461315 
26.28 0.461359 
26.29 0.461404 
26.3 0.461448 
26.31 0.461492 
26.32 0.461536 
26.33 0.46158 
26.34 0.461624 
26.35 0.461668 
26.36 0.461712 
26.37 0.461755 
26.38 0.461799 
26.39 0.461843 
26.4 0.461886 
26.41 0.46193 
26.42 0.461974 
26.43 0.462017 
26.44 0.462061 
26.45 0.462104 
26.46 0.462147 
26.47 0.462191 
26.48 0.462234 
26.49 0.462277 
26.5 0.46232 
26.51 0.462364 
26.52 0.462407 
26.53 0.46245 
26.54 0.462493 
26.55 0.462536 
26.56 0.462579 
26.57 0.462621 
26.58 0.462664 
26.59 0.462707 
26.6 0.46275 
26.61 0.462792 
26.62 0.462835 
26.63 0.462878 
26.64 0.46292 
26.65 0.462963 
26.66 0.463005 
26.67 0.463048 
26.68 0.46309 
26.69 0.463132 
26.7 0.463174 
26.71 0.463217 
26.72 0.463259 
26.73 0.463301 
26.74 0.463343 
26.75 0.463385 
26.76 0.463427 
26.77 0.463469 
26.78 0.463511 
26.79 0.463553 
26.8 0.463595 
26.81 0.463636 
26.82 0.463678 
26.83 0.46372 
26.84 0.463761 
26.85 0.463803 
26.86 0.463844 
26.87 0.463886 
26.88 0.463927 
26.89 0.463969 
26.9 0.46401 
26.91 0.464051 
26.92 0.464093 
26.93 0.464134 
26.94 0.464175 
26.95 0.464216 
26.96 0.464257 
26.97 0.464298 
26.98 0.464339 
26.99 0.46438 
27 0.464421 
27.01 0.464462 
27.02 0.464503 
27.03 0.464544 
27.04 0.464584 
27.05 0.464625 
27.06 0.464666 
27.07 0.464706 
27.08 0.464747 
27.09 0.464787 
27.1 0.464828 
27.11 0.464868 
27.12 0.464909 
27.13 0.464949 
27.14 0.464989 
27.15 0.46503 
27.16 0.46507 
27.17 0.46511 
27.18 0.46515 
27.19 0.46519 
27.2 0.46523 
27.21 0.46527 
27.22 0.46531 
27.23 0.46535 
27.24 0.46539 
27.25 0.465429 
27.26 0.465469 
27.27 0.465509 
27.28 0.465549 
27.29 0.465588 
27.3 0.465628 
27.31 0.465667 
27.32 0.465707 
27.33 0.465746 
27.34 0.465786 
27.35 0.465825 
27.36 0.465864 
27.37 0.465904 
27.38 0.465943 
27.39 0.465982 
27.4 0.466021 
27.41 0.46606 
27.42 0.466099 
27.43 0.466138 
27.44 0.466177 
27.45 0.466216 
27.46 0.466255 
27.47 0.466294 
27.48 0.466333 
27.49 0.466372 
27.5 0.46641 
27.51 0.466449 
27.52 0.466488 
27.53 0.466526 
27.54 0.466565 
27.55 0.466603 
27.56 0.466642 
27.57 0.46668 
27.58 0.466719 
27.59 0.466757 
27.6 0.466795 
27.61 0.466834 
27.62 0.466872 
27.63 0.46691 
27.64 0.466948 
27.65 0.466986 
27.66 0.467024 
27.67 0.467062 
27.68 0.4671 
27.69 0.467138 
27.7 0.467176 
27.71 0.467214 
27.72 0.467252 
27.73 0.467289 
27.74 0.467327 
27.75 0.467365 
27.76 0.467402 
27.77 0.46744 
27.78 0.467477 
27.79 0.467515 
27.8 0.467552 
27.81 0.46759 
27.82 0.467627 
27.83 0.467665 
27.84 0.467702 
27.85 0.467739 
27.86 0.467776 
27.87 0.467813 
27.88 0.467851 
27.89 0.467888 
27.9 0.467925 
27.91 0.467962 
27.92 0.467999 
27.93 0.468036 
27.94 0.468073 
27.95 0.468109 
27.96 0.468146 
27.97 0.468183 
27.98 0.46822 
27.99 0.468256 
28 0.468293 
28.01 0.46833 
28.02 0.468366 
28.03 0.468403 
28.04 0.468439 
28.05 0.468476 
28.06 0.468512 
28.07 0.468548 
28.08 0.468585 
28.09 0.468621 
28.1 0.468657 
28.11 0.468693 
28.12 0.468729 
28.13 0.468766 
28.14 0.468802 
28.15 0.468838 
28.16 0.468874 
28.17 0.46891 
28.18 0.468946 
28.19 0.468981 
28.2 0.469017 
28.21 0.469053 
28.22 0.469089 
28.23 0.469124 
28.24 0.46916 
28.25 0.469196 
28.26 0.469231 
28.27 0.469267 
28.28 0.469303 
28.29 0.469338 
28.3 0.469373 
28.31 0.469409 
28.32 0.469444 
28.33 0.46948 
28.34 0.469515 
28.35 0.46955 
28.36 0.469585 
28.37 0.46962 
28.38 0.469655 
28.39 0.469691 
28.4 0.469726 
28.41 0.469761 
28.42 0.469796 
28.43 0.469831 
28.44 0.469865 
28.45 0.4699 
28.46 0.469935 
28.47 0.46997 
28.48 0.470005 
28.49 0.470039 
28.5 0.470074 
28.51 0.470109 
28.52 0.470143 
28.53 0.470178 
28.54 0.470212 
28.55 0.470247 
28.56 0.470281 
28.57 0.470315 
28.58 0.47035 
28.59 0.470384 
28.6 0.470418 
28.61 0.470453 
28.62 0.470487 
28.63 0.470521 
28.64 0.470555 
28.65 0.470589 
28.66 0.470623 
28.67 0.470657 
28.68 0.470691 
28.69 0.470725 
28.7 0.470759 
28.71 0.470793 
28.72 0.470827 
28.73 0.47086 
28.74 0.470894 
28.75 0.470928 
28.76 0.470962 
28.77 0.470995 
28.78 0.471029 
28.79 0.471062 
28.8 0.471096 
28.81 0.471129 
28.82 0.471163 
28.83 0.471196 
28.84 0.471229 
28.85 0.471263 
28.86 0.471296 
28.87 0.471329 
28.88 0.471363 
28.89 0.471396 
28.9 0.471429 
28.91 0.471462 
28.92 0.471495 
28.93 0.471528 
28.94 0.471561 
28.95 0.471594 
28.96 0.471627 
28.97 0.47166 
28.98 0.471693 
28.99 0.471725 
29 0.471758 
29.01 0.471791 
29.02 0.471824 
29.03 0.471856 
29.04 0.471889 
29.05 0.471922 
29.06 0.471954 
29.07 0.471987 
29.08 0.472019 
29.09 0.472052 
29.1 0.472084 
29.11 0.472116 
29.12 0.472149 
29.13 0.472181 
29.14 0.472213 
29.15 0.472245 
29.16 0.472278 
29.17 0.47231 
29.18 0.472342 
29.19 0.472374 
29.2 0.472406 
29.21 0.472438 
29.22 0.47247 
29.23 0.472502 
29.24 0.472534 
29.25 0.472566 
29.26 0.472597 
29.27 0.472629 
29.28 0.472661 
29.29 0.472693 
29.3 0.472724 
29.31 0.472756 
29.32 0.472788 
29.33 0.472819 
29.34 0.472851 
29.35 0.472882 
29.36 0.472914 
29.37 0.472945 
29.38 0.472977 
29.39 0.473008 
29.4 0.473039 
29.41 0.473071 
29.42 0.473102 
29.43 0.473133 
29.44 0.473164 
29.45 0.473195 
29.46 0.473226 
29.47 0.473258 
29.48 0.473289 
29.49 0.47332 
29.5 0.473351 
29.51 0.473381 
29.52 0.473412 
29.53 0.473443 
29.54 0.473474 
29.55 0.473505 
29.56 0.473536 
29.57 0.473566 
29.58 0.473597 
29.59 0.473628 
29.6 0.473658 
29.61 0.473689 
29.62 0.47372 
29.63 0.47375 
29.64 0.473781 
29.65 0.473811 
29.66 0.473841 
29.67 0.473872 
29.68 0.473902 
29.69 0.473932 
29.7 0.473963 
29.71 0.473993 
29.72 0.474023 
29.73 0.474053 
29.74 0.474083 
29.75 0.474114 
29.76 0.474144 
29.77 0.474174 
29.78 0.474204 
29.79 0.474234 
29.8 0.474264 
29.81 0.474294 
29.82 0.474323 
29.83 0.474353 
29.84 0.474383 
29.85 0.474413 
29.86 0.474443 
29.87 0.474472 
29.88 0.474502 
29.89 0.474532 
29.9 0.474561 
29.91 0.474591 
29.92 0.47462 
29.93 0.47465 
29.94 0.474679 
29.95 0.474709 
29.96 0.474738 
29.97 0.474768 
29.98 0.474797 
29.99 0.474826 
30 0.474855 
30.01 0.474885 
30.02 0.474914 
30.03 0.474943 
30.04 0.474972 
30.05 0.475001 
30.06 0.47503 
30.07 0.475059 
30.08 0.475088 
30.09 0.475117 
30.1 0.475146 
30.11 0.475175 
30.12 0.475204 
30.13 0.475233 
30.14 0.475262 
30.15 0.47529 
30.16 0.475319 
30.17 0.475348 
30.18 0.475377 
30.19 0.475405 
30.2 0.475434 
30.21 0.475462 
30.22 0.475491 
30.23 0.47552 
30.24 0.475548 
30.25 0.475576 
30.26 0.475605 
30.27 0.475633 
30.28 0.475662 
30.29 0.47569 
30.3 0.475718 
30.31 0.475746 
30.32 0.475775 
30.33 0.475803 
30.34 0.475831 
30.35 0.475859 
30.36 0.475887 
30.37 0.475915 
30.38 0.475943 
30.39 0.475971 
30.4 0.475999 
30.41 0.476027 
30.42 0.476055 
30.43 0.476083 
30.44 0.476111 
30.45 0.476139 
30.46 0.476166 
30.47 0.476194 
30.48 0.476222 
30.49 0.47625 
30.5 0.476277 
30.51 0.476305 
30.52 0.476332 
30.53 0.47636 
30.54 0.476388 
30.55 0.476415 
30.56 0.476442 
30.57 0.47647 
30.58 0.476497 
30.59 0.476525 
30.6 0.476552 
30.61 0.476579 
30.62 0.476607 
30.63 0.476634 
30.64 0.476661 
30.65 0.476688 
30.66 0.476715 
30.67 0.476743 
30.68 0.47677 
30.69 0.476797 
30.7 0.476824 
30.71 0.476851 
30.72 0.476878 
30.73 0.476905 
30.74 0.476931 
30.75 0.476958 
30.76 0.476985 
30.77 0.477012 
30.78 0.477039 
30.79 0.477066 
30.8 0.477092 
30.81 0.477119 
30.82 0.477146 
30.83 0.477172 
30.84 0.477199 
30.85 0.477225 
30.86 0.477252 
30.87 0.477278 
30.88 0.477305 
30.89 0.477331 
30.9 0.477358 
30.91 0.477384 
30.92 0.477411 
30.93 0.477437 
30.94 0.477463 
30.95 0.477489 
30.96 0.477516 
30.97 0.477542 
30.98 0.477568 
30.99 0.477594 
31 0.47762 
31.01 0.477646 
31.02 0.477672 
31.03 0.477699 
31.04 0.477724 
31.05 0.47775 
31.06 0.477776 
31.07 0.477802 
31.08 0.477828 
31.09 0.477854 
31.1 0.47788 
31.11 0.477906 
31.12 0.477931 
31.13 0.477957 
31.14 0.477983 
31.15 0.478009 
31.16 0.478034 
31.17 0.47806 
31.18 0.478085 
31.19 0.478111 
31.2 0.478136 
31.21 0.478162 
31.22 0.478187 
31.23 0.478213 
31.24 0.478238 
31.25 0.478264 
31.26 0.478289 
31.27 0.478314 
31.28 0.47834 
31.29 0.478365 
31.3 0.47839 
31.31 0.478415 
31.32 0.47844 
31.33 0.478466 
31.34 0.478491 
31.35 0.478516 
31.36 0.478541 
31.37 0.478566 
31.38 0.478591 
31.39 0.478616 
31.4 0.478641 
31.41 0.478666 
31.42 0.478691 
31.43 0.478716 
31.44 0.47874 
31.45 0.478765 
31.46 0.47879 
31.47 0.478815 
31.48 0.478839 
31.49 0.478864 
31.5 0.478889 
31.51 0.478913 
31.52 0.478938 
31.53 0.478963 
31.54 0.478987 
31.55 0.479012 
31.56 0.479036 
31.57 0.479061 
31.58 0.479085 
31.59 0.47911 
31.6 0.479134 
31.61 0.479158 
31.62 0.479183 
31.63 0.479207 
31.64 0.479231 
31.65 0.479255 
31.66 0.47928 
31.67 0.479304 
31.68 0.479328 
31.69 0.479352 
31.7 0.479376 
31.71 0.4794 
31.72 0.479424 
31.73 0.479448 
31.74 0.479472 
31.75 0.479496 
31.76 0.47952 
31.77 0.479544 
31.78 0.479568 
31.79 0.479592 
31.8 0.479616 
31.81 0.47964 
31.82 0.479663 
31.83 0.479687 
31.84 0.479711 
31.85 0.479735 
31.86 0.479758 
31.87 0.479782 
31.88 0.479805 
31.89 0.479829 
31.9 0.479853 
31.91 0.479876 
31.92 0.4799 
31.93 0.479923 
31.94 0.479947 
31.95 0.47997 
31.96 0.479993 
31.97 0.480017 
31.98 0.48004 
31.99 0.480063 
32 0.480087 
32.01 0.48011 
32.02 0.480133 
32.03 0.480156 
32.04 0.48018 
32.05 0.480203 
32.06 0.480226 
32.07 0.480249 
32.08 0.480272 
32.09 0.480295 
32.1 0.480318 
32.11 0.480341 
32.12 0.480364 
32.13 0.480387 
32.14 0.48041 
32.15 0.480433 
32.16 0.480456 
32.17 0.480479 
32.18 0.480501 
32.19 0.480524 
32.2 0.480547 
32.21 0.48057 
32.22 0.480592 
32.23 0.480615 
32.24 0.480638 
32.25 0.48066 
32.26 0.480683 
32.27 0.480705 
32.28 0.480728 
32.29 0.480751 
32.3 0.480773 
32.31 0.480796 
32.32 0.480818 
32.33 0.48084 
32.34 0.480863 
32.35 0.480885 
32.36 0.480907 
32.37 0.48093 
32.38 0.480952 
32.39 0.480974 
32.4 0.480997 
32.41 0.481019 
32.42 0.481041 
32.43 0.481063 
32.44 0.481085 
32.45 0.481107 
32.46 0.481129 
32.47 0.481152 
32.48 0.481174 
32.49 0.481196 
32.5 0.481218 
32.51 0.48124 
32.52 0.481261 
32.53 0.481283 
32.54 0.481305 
32.55 0.481327 
32.56 0.481349 
32.57 0.481371 
32.58 0.481393 
32.59 0.481414 
32.6 0.481436 
32.61 0.481458 
32.62 0.481479 
32.63 0.481501 
32.64 0.481523 
32.65 0.481544 
32.66 0.481566 
32.67 0.481587 
32.68 0.481609 
32.69 0.481631 
32.7 0.481652 
32.71 0.481673 
32.72 0.481695 
32.73 0.481716 
32.74 0.481738 
32.75 0.481759 
32.76 0.48178 
32.77 0.481802 
32.78 0.481823 
32.79 0.481844 
32.8 0.481865 
32.81 0.481887 
32.82 0.481908 
32.83 0.481929 
32.84 0.48195 
32.85 0.481971 
32.86 0.481992 
32.87 0.482013 
32.88 0.482034 
32.89 0.482055 
32.9 0.482076 
32.91 0.482097 
32.92 0.482118 
32.93 0.482139 
32.94 0.48216 
32.95 0.482181 
32.96 0.482202 
32.97 0.482223 
32.98 0.482243 
32.99 0.482264 
33 0.482285 
33.01 0.482306 
33.02 0.482326 
33.03 0.482347 
33.04 0.482368 
33.05 0.482388 
33.06 0.482409 
33.07 0.48243 
33.08 0.48245 
33.09 0.482471 
33.1 0.482491 
33.11 0.482512 
33.12 0.482532 
33.13 0.482553 
33.14 0.482573 
33.15 0.482593 
33.16 0.482614 
33.17 0.482634 
33.18 0.482654 
33.19 0.482675 
33.2 0.482695 
33.21 0.482715 
33.22 0.482735 
33.23 0.482756 
33.24 0.482776 
33.25 0.482796 
33.26 0.482816 
33.27 0.482836 
33.28 0.482856 
33.29 0.482876 
33.3 0.482896 
33.31 0.482916 
33.32 0.482936 
33.33 0.482956 
33.34 0.482976 
33.35 0.482996 
33.36 0.483016 
33.37 0.483036 
33.38 0.483056 
33.39 0.483076 
33.4 0.483095 
33.41 0.483115 
33.42 0.483135 
33.43 0.483155 
33.44 0.483175 
33.45 0.483194 
33.46 0.483214 
33.47 0.483234 
33.48 0.483253 
33.49 0.483273 
33.5 0.483292 
33.51 0.483312 
33.52 0.483331 
33.53 0.483351 
33.54 0.48337 
33.55 0.48339 
33.56 0.483409 
33.57 0.483429 
33.58 0.483448 
33.59 0.483468 
33.6 0.483487 
33.61 0.483506 
33.62 0.483526 
33.63 0.483545 
33.64 0.483564 
33.65 0.483583 
33.66 0.483603 
33.67 0.483622 
33.68 0.483641 
33.69 0.48366 
33.7 0.483679 
33.71 0.483698 
33.72 0.483717 
33.73 0.483736 
33.74 0.483756 
33.75 0.483775 
33.76 0.483794 
33.77 0.483813 
33.78 0.483831 
33.79 0.48385 
33.8 0.483869 
33.81 0.483888 
33.82 0.483907 
33.83 0.483926 
33.84 0.483945 
33.85 0.483964 
33.86 0.483982 
33.87 0.484001 
33.88 0.48402 
33.89 0.484039 
33.9 0.484057 
33.91 0.484076 
33.92 0.484095 
33.93 0.484113 
33.94 0.484132 
33.95 0.48415 
33.96 0.484169 
33.97 0.484188 
33.98 0.484206 
33.99 0.484225 
34 0.484243 
34.01 0.484261 
34.02 0.48428 
34.03 0.484298 
34.04 0.484317 
34.05 0.484335 
34.06 0.484353 
34.07 0.484372 
34.08 0.48439 
34.09 0.484408 
34.1 0.484427 
34.11 0.484445 
34.12 0.484463 
34.13 0.484481 
34.14 0.4845 
34.15 0.484518 
34.16 0.484536 
34.17 0.484554 
34.18 0.484572 
34.19 0.48459 
34.2 0.484608 
34.21 0.484626 
34.22 0.484644 
34.23 0.484662 
34.24 0.48468 
34.25 0.484698 
34.26 0.484716 
34.27 0.484734 
34.28 0.484752 
34.29 0.48477 
34.3 0.484788 
34.31 0.484805 
34.32 0.484823 
34.33 0.484841 
34.34 0.484859 
34.35 0.484877 
34.36 0.484894 
34.37 0.484912 
34.38 0.48493 
34.39 0.484947 
34.4 0.484965 
34.41 0.484983 
34.42 0.485 
34.43 0.485018 
34.44 0.485035 
34.45 0.485053 
34.46 0.48507 
34.47 0.485088 
34.48 0.485105 
34.49 0.485123 
34.5 0.48514 
34.51 0.485158 
34.52 0.485175 
34.53 0.485192 
34.54 0.48521 
34.55 0.485227 
34.56 0.485244 
34.57 0.485262 
34.58 0.485279 
34.59 0.485296 
34.6 0.485314 
34.61 0.485331 
34.62 0.485348 
34.63 0.485365 
34.64 0.485382 
34.65 0.485399 
34.66 0.485417 
34.67 0.485434 
34.68 0.485451 
34.69 0.485468 
34.7 0.485485 
34.71 0.485502 
34.72 0.485519 
34.73 0.485536 
34.74 0.485553 
34.75 0.48557 
34.76 0.485587 
34.77 0.485604 
34.78 0.48562 
34.79 0.485637 
34.8 0.485654 
34.81 0.485671 
34.82 0.485688 
34.83 0.485705 
34.84 0.485721 
34.85 0.485738 
34.86 0.485755 
34.87 0.485771 
34.88 0.485788 
34.89 0.485805 
34.9 0.485821 
34.91 0.485838 
34.92 0.485855 
34.93 0.485871 
34.94 0.485888 
34.95 0.485904 
34.96 0.485921 
34.97 0.485937 
34.98 0.485954 
34.99 0.48597 
35 0.485987 
35.01 0.486003 
35.02 0.48602 
35.03 0.486036 
35.04 0.486052 
35.05 0.486069 
35.06 0.486085 
35.07 0.486101 
35.08 0.486118 
35.09 0.486134 
35.1 0.48615 
35.11 0.486167 
35.12 0.486183 
35.13 0.486199 
35.14 0.486215 
35.15 0.486231 
35.16 0.486248 
35.17 0.486264 
35.18 0.48628 
35.19 0.486296 
35.2 0.486312 
35.21 0.486328 
35.22 0.486344 
35.23 0.48636 
35.24 0.486376 
35.25 0.486392 
35.26 0.486408 
35.27 0.486424 
35.28 0.48644 
35.29 0.486456 
35.3 0.486472 
35.31 0.486487 
35.32 0.486503 
35.33 0.486519 
35.34 0.486535 
35.35 0.486551 
35.36 0.486567 
35.37 0.486582 
35.38 0.486598 
35.39 0.486614 
35.4 0.486629 
35.41 0.486645 
35.42 0.486661 
35.43 0.486676 
35.44 0.486692 
35.45 0.486708 
35.46 0.486723 
35.47 0.486739 
35.48 0.486754 
35.49 0.48677 
35.5 0.486786 
35.51 0.486801 
35.52 0.486816 
35.53 0.486832 
35.54 0.486847 
35.55 0.486863 
35.56 0.486878 
35.57 0.486894 
35.58 0.486909 
35.59 0.486924 
35.6 0.48694 
35.61 0.486955 
35.62 0.48697 
35.63 0.486986 
35.64 0.487001 
35.65 0.487016 
35.66 0.487031 
35.67 0.487047 
35.68 0.487062 
35.69 0.487077 
35.7 0.487092 
35.71 0.487107 
35.72 0.487122 
35.73 0.487138 
35.74 0.487153 
35.75 0.487168 
35.76 0.487183 
35.77 0.487198 
35.78 0.487213 
35.79 0.487228 
35.8 0.487243 
35.81 0.487258 
35.82 0.487273 
35.83 0.487288 
35.84 0.487303 
35.85 0.487318 
35.86 0.487332 
35.87 0.487347 
35.88 0.487362 
35.89 0.487377 
35.9 0.487392 
35.91 0.487407 
35.92 0.487421 
35.93 0.487436 
35.94 0.487451 
35.95 0.487466 
35.96 0.48748 
35.97 0.487495 
35.98 0.48751 
35.99 0.487524 
36 0.487539 
36.01 0.487554 
36.02 0.487568 
36.03 0.487583 
36.04 0.487597 
36.05 0.487612 
36.06 0.487626 
36.07 0.487641 
36.08 0.487655 
36.09 0.48767 
36.1 0.487684 
36.11 0.487699 
36.12 0.487713 
36.13 0.487728 
36.14 0.487742 
36.15 0.487757 
36.16 0.487771 
36.17 0.487785 
36.18 0.4878 
36.19 0.487814 
36.2 0.487828 
36.21 0.487843 
36.22 0.487857 
36.23 0.487871 
36.24 0.487885 
36.25 0.487899 
36.26 0.487914 
36.27 0.487928 
36.28 0.487942 
36.29 0.487956 
36.3 0.48797 
36.31 0.487984 
36.32 0.487999 
36.33 0.488013 
36.34 0.488027 
36.35 0.488041 
36.36 0.488055 
36.37 0.488069 
36.38 0.488083 
36.39 0.488097 
36.4 0.488111 
36.41 0.488125 
36.42 0.488139 
36.43 0.488153 
36.44 0.488166 
36.45 0.48818 
36.46 0.488194 
36.47 0.488208 
36.48 0.488222 
36.49 0.488236 
36.5 0.48825 
36.51 0.488263 
36.52 0.488277 
36.53 0.488291 
36.54 0.488305 
36.55 0.488318 
36.56 0.488332 
36.57 0.488346 
36.58 0.488359 
36.59 0.488373 
36.6 0.488387 
36.61 0.4884 
36.62 0.488414 
36.63 0.488428 
36.64 0.488441 
36.65 0.488455 
36.66 0.488468 
36.67 0.488482 
36.68 0.488495 
36.69 0.488509 
36.7 0.488522 
36.71 0.488536 
36.72 0.488549 
36.73 0.488563 
36.74 0.488576 
36.75 0.48859 
36.76 0.488603 
36.77 0.488616 
36.78 0.48863 
36.79 0.488643 
36.8 0.488656 
36.81 0.48867 
36.82 0.488683 
36.83 0.488696 
36.84 0.48871 
36.85 0.488723 
36.86 0.488736 
36.87 0.488749 
36.88 0.488763 
36.89 0.488776 
36.9 0.488789 
36.91 0.488802 
36.92 0.488815 
36.93 0.488828 
36.94 0.488842 
36.95 0.488855 
36.96 0.488868 
36.97 0.488881 
36.98 0.488894 
36.99 0.488907 
37 0.48892 
37.01 0.488933 
37.02 0.488946 
37.03 0.488959 
37.04 0.488972 
37.05 0.488985 
37.06 0.488998 
37.07 0.489011 
37.08 0.489024 
37.09 0.489036 
37.1 0.489049 
37.11 0.489062 
37.12 0.489075 
37.13 0.489088 
37.14 0.489101 
37.15 0.489113 
37.16 0.489126 
37.17 0.489139 
37.18 0.489152 
37.19 0.489165 
37.2 0.489177 
37.21 0.48919 
37.22 0.489203 
37.23 0.489215 
37.24 0.489228 
37.25 0.489241 
37.26 0.489253 
37.27 0.489266 
37.28 0.489278 
37.29 0.489291 
37.3 0.489304 
37.31 0.489316 
37.32 0.489329 
37.33 0.489341 
37.34 0.489354 
37.35 0.489366 
37.36 0.489379 
37.37 0.489391 
37.38 0.489404 
37.39 0.489416 
37.4 0.489429 
37.41 0.489441 
37.42 0.489453 
37.43 0.489466 
37.44 0.489478 
37.45 0.489491 
37.46 0.489503 
37.47 0.489515 
37.48 0.489527 
37.49 0.48954 
37.5 0.489552 
37.51 0.489564 
37.52 0.489577 
37.53 0.489589 
37.54 0.489601 
37.55 0.489613 
37.56 0.489625 
37.57 0.489638 
37.58 0.48965 
37.59 0.489662 
37.6 0.489674 
37.61 0.489686 
37.62 0.489698 
37.63 0.48971 
37.64 0.489723 
37.65 0.489735 
37.66 0.489747 
37.67 0.489759 
37.68 0.489771 
37.69 0.489783 
37.7 0.489795 
37.71 0.489807 
37.72 0.489819 
37.73 0.489831 
37.74 0.489843 
37.75 0.489855 
37.76 0.489866 
37.77 0.489878 
37.78 0.48989 
37.79 0.489902 
37.8 0.489914 
37.81 0.489926 
37.82 0.489938 
37.83 0.48995 
37.84 0.489961 
37.85 0.489973 
37.86 0.489985 
37.87 0.489997 
37.88 0.490008 
37.89 0.49002 
37.9 0.490032 
37.91 0.490044 
37.92 0.490055 
37.93 0.490067 
37.94 0.490079 
37.95 0.49009 
37.96 0.490102 
37.97 0.490114 
37.98 0.490125 
37.99 0.490137 
38 0.490148 
38.01 0.49016 
38.02 0.490172 
38.03 0.490183 
38.04 0.490195 
38.05 0.490206 
38.06 0.490218 
38.07 0.490229 
38.08 0.490241 
38.09 0.490252 
38.1 0.490264 
38.11 0.490275 
38.12 0.490286 
38.13 0.490298 
38.14 0.490309 
38.15 0.490321 
38.16 0.490332 
38.17 0.490343 
38.18 0.490355 
38.19 0.490366 
38.2 0.490377 
38.21 0.490389 
38.22 0.4904 
38.23 0.490411 
38.24 0.490422 
38.25 0.490434 
38.26 0.490445 
38.27 0.490456 
38.28 0.490467 
38.29 0.490479 
38.3 0.49049 
38.31 0.490501 
38.32 0.490512 
38.33 0.490523 
38.34 0.490534 
38.35 0.490546 
38.36 0.490557 
38.37 0.490568 
38.38 0.490579 
38.39 0.49059 
38.4 0.490601 
38.41 0.490612 
38.42 0.490623 
38.43 0.490634 
38.44 0.490645 
38.45 0.490656 
38.46 0.490667 
38.47 0.490678 
38.48 0.490689 
38.49 0.4907 
38.5 0.490711 
38.51 0.490722 
38.52 0.490733 
38.53 0.490744 
38.54 0.490754 
38.55 0.490765 
38.56 0.490776 
38.57 0.490787 
38.58 0.490798 
38.59 0.490809 
38.6 0.490819 
38.61 0.49083 
38.62 0.490841 
38.63 0.490852 
38.64 0.490863 
38.65 0.490873 
38.66 0.490884 
38.67 0.490895 
38.68 0.490905 
38.69 0.490916 
38.7 0.490927 
38.71 0.490937 
38.72 0.490948 
38.73 0.490959 
38.74 0.490969 
38.75 0.49098 
38.76 0.490991 
38.77 0.491001 
38.78 0.491012 
38.79 0.491022 
38.8 0.491033 
38.81 0.491043 
38.82 0.491054 
38.83 0.491064 
38.84 0.491075 
38.85 0.491085 
38.86 0.491096 
38.87 0.491106 
38.88 0.491117 
38.89 0.491127 
38.9 0.491138 
38.91 0.491148 
38.92 0.491158 
38.93 0.491169 
38.94 0.491179 
38.95 0.49119 
38.96 0.4912 
38.97 0.49121 
38.98 0.491221 
38.99 0.491231 
39 0.491241 
39.01 0.491252 
39.02 0.491262 
39.03 0.491272 
39.04 0.491282 
39.05 0.491293 
39.06 0.491303 
39.07 0.491313 
39.08 0.491323 
39.09 0.491333 
39.1 0.491344 
39.11 0.491354 
39.12 0.491364 
39.13 0.491374 
39.14 0.491384 
39.15 0.491394 
39.16 0.491405 
39.17 0.491415 
39.18 0.491425 
39.19 0.491435 
39.2 0.491445 
39.21 0.491455 
39.22 0.491465 
39.23 0.491475 
39.24 0.491485 
39.25 0.491495 
39.26 0.491505 
39.27 0.491515 
39.28 0.491525 
39.29 0.491535 
39.3 0.491545 
39.31 0.491555 
39.32 0.491565 
39.33 0.491575 
39.34 0.491585 
39.35 0.491595 
39.36 0.491604 
39.37 0.491614 
39.38 0.491624 
39.39 0.491634 
39.4 0.491644 
39.41 0.491654 
39.42 0.491663 
39.43 0.491673 
39.44 0.491683 
39.45 0.491693 
39.46 0.491703 
39.47 0.491712 
39.48 0.491722 
39.49 0.491732 
39.5 0.491742 
39.51 0.491751 
39.52 0.491761 
39.53 0.491771 
39.54 0.49178 
39.55 0.49179 
39.56 0.4918 
39.57 0.491809 
39.58 0.491819 
39.59 0.491829 
39.6 0.491838 
39.61 0.491848 
39.62 0.491857 
39.63 0.491867 
39.64 0.491876 
39.65 0.491886 
39.66 0.491896 
39.67 0.491905 
39.68 0.491915 
39.69 0.491924 
39.7 0.491934 
39.71 0.491943 
39.72 0.491953 
39.73 0.491962 
39.74 0.491971 
39.75 0.491981 
39.76 0.49199 
39.77 0.492 
39.78 0.492009 
39.79 0.492019 
39.8 0.492028 
39.81 0.492037 
39.82 0.492047 
39.83 0.492056 
39.84 0.492065 
39.85 0.492075 
39.86 0.492084 
39.87 0.492093 
39.88 0.492103 
39.89 0.492112 
39.9 0.492121 
39.91 0.49213 
39.92 0.49214 
39.93 0.492149 
39.94 0.492158 
39.95 0.492167 
39.96 0.492177 
39.97 0.492186 
39.98 0.492195 
39.99 0.492204 
40 0.492213 
40.01 0.492223 
40.02 0.492232 
40.03 0.492241 
40.04 0.49225 
40.05 0.492259 
40.06 0.492268 
40.07 0.492277 
40.08 0.492286 
40.09 0.492295 
40.1 0.492304 
40.11 0.492314 
40.12 0.492323 
40.13 0.492332 
40.14 0.492341 
40.15 0.49235 
40.16 0.492359 
40.17 0.492368 
40.18 0.492377 
40.19 0.492386 
40.2 0.492395 
40.21 0.492403 
40.22 0.492412 
40.23 0.492421 
40.24 0.49243 
40.25 0.492439 
40.26 0.492448 
40.27 0.492457 
40.28 0.492466 
40.29 0.492475 
40.3 0.492483 
40.31 0.492492 
40.32 0.492501 
40.33 0.49251 
40.34 0.492519 
40.35 0.492528 
40.36 0.492536 
40.37 0.492545 
40.38 0.492554 
40.39 0.492563 
40.4 0.492571 
40.41 0.49258 
40.42 0.492589 
40.43 0.492598 
40.44 0.492606 
40.45 0.492615 
40.46 0.492624 
40.47 0.492632 
40.48 0.492641 
40.49 0.49265 
40.5 0.492658 
40.51 0.492667 
40.52 0.492676 
40.53 0.492684 
40.54 0.492693 
40.55 0.492701 
40.56 0.49271 
40.57 0.492718 
40.58 0.492727 
40.59 0.492736 
40.6 0.492744 
40.61 0.492753 
40.62 0.492761 
40.63 0.49277 
40.64 0.492778 
40.65 0.492787 
40.66 0.492795 
40.67 0.492804 
40.68 0.492812 
40.69 0.492821 
40.7 0.492829 
40.71 0.492837 
40.72 0.492846 
40.73 0.492854 
40.74 0.492863 
40.75 0.492871 
40.76 0.492879 
40.77 0.492888 
40.78 0.492896 
40.79 0.492905 
40.8 0.492913 
40.81 0.492921 
40.82 0.49293 
40.83 0.492938 
40.84 0.492946 
40.85 0.492954 
40.86 0.492963 
40.87 0.492971 
40.88 0.492979 
40.89 0.492988 
40.9 0.492996 
40.91 0.493004 
40.92 0.493012 
40.93 0.493021 
40.94 0.493029 
40.95 0.493037 
40.96 0.493045 
40.97 0.493053 
40.98 0.493061 
40.99 0.49307 
41 0.493078 
41.01 0.493086 
41.02 0.493094 
41.03 0.493102 
41.04 0.49311 
41.05 0.493118 
41.06 0.493127 
41.07 0.493135 
41.08 0.493143 
41.09 0.493151 
41.1 0.493159 
41.11 0.493167 
41.12 0.493175 
41.13 0.493183 
41.14 0.493191 
41.15 0.493199 
41.16 0.493207 
41.17 0.493215 
41.18 0.493223 
41.19 0.493231 
41.2 0.493239 
41.21 0.493247 
41.22 0.493255 
41.23 0.493263 
41.24 0.493271 
41.25 0.493279 
41.26 0.493286 
41.27 0.493294 
41.28 0.493302 
41.29 0.49331 
41.3 0.493318 
41.31 0.493326 
41.32 0.493334 
41.33 0.493342 
41.34 0.493349 
41.35 0.493357 
41.36 0.493365 
41.37 0.493373 
41.38 0.493381 
41.39 0.493388 
41.4 0.493396 
41.41 0.493404 
41.42 0.493412 
41.43 0.493419 
41.44 0.493427 
41.45 0.493435 
41.46 0.493443 
41.47 0.49345 
41.48 0.493458 
41.49 0.493466 
41.5 0.493473 
41.51 0.493481 
41.52 0.493489 
41.53 0.493496 
41.54 0.493504 
41.55 0.493512 
41.56 0.493519 
41.57 0.493527 
41.58 0.493535 
41.59 0.493542 
41.6 0.49355 
41.61 0.493557 
41.62 0.493565 
41.63 0.493573 
41.64 0.49358 
41.65 0.493588 
41.66 0.493595 
41.67 0.493603 
41.68 0.49361 
41.69 0.493618 
41.7 0.493625 
41.71 0.493633 
41.72 0.49364 
41.73 0.493648 
41.74 0.493655 
41.75 0.493663 
41.76 0.49367 
41.77 0.493678 
41.78 0.493685 
41.79 0.493692 
41.8 0.4937 
41.81 0.493707 
41.82 0.493715 
41.83 0.493722 
41.84 0.493729 
41.85 0.493737 
41.86 0.493744 
41.87 0.493752 
41.88 0.493759 
41.89 0.493766 
41.9 0.493774 
41.91 0.493781 
41.92 0.493788 
41.93 0.493796 
41.94 0.493803 
41.95 0.49381 
41.96 0.493817 
41.97 0.493825 
41.98 0.493832 
41.99 0.493839 
42 0.493846 
42.01 0.493854 
42.02 0.493861 
42.03 0.493868 
42.04 0.493875 
42.05 0.493883 
42.06 0.49389 
42.07 0.493897 
42.08 0.493904 
42.09 0.493911 
42.1 0.493918 
42.11 0.493926 
42.12 0.493933 
42.13 0.49394 
42.14 0.493947 
42.15 0.493954 
42.16 0.493961 
42.17 0.493968 
42.18 0.493975 
42.19 0.493983 
42.2 0.49399 
42.21 0.493997 
42.22 0.494004 
42.23 0.494011 
42.24 0.494018 
42.25 0.494025 
42.26 0.494032 
42.27 0.494039 
42.28 0.494046 
42.29 0.494053 
42.3 0.49406 
42.31 0.494067 
42.32 0.494074 
42.33 0.494081 
42.34 0.494088 
42.35 0.494095 
42.36 0.494102 
42.37 0.494109 
42.38 0.494116 
42.39 0.494123 
42.4 0.494129 
42.41 0.494136 
42.42 0.494143 
42.43 0.49415 
42.44 0.494157 
42.45 0.494164 
42.46 0.494171 
42.47 0.494178 
42.48 0.494184 
42.49 0.494191 
42.5 0.494198 
42.51 0.494205 
42.52 0.494212 
42.53 0.494219 
42.54 0.494225 
42.55 0.494232 
42.56 0.494239 
42.57 0.494246 
42.58 0.494253 
42.59 0.494259 
42.6 0.494266 
42.61 0.494273 
42.62 0.49428 
42.63 0.494286 
42.64 0.494293 
42.65 0.4943 
42.66 0.494306 
42.67 0.494313 
42.68 0.49432 
42.69 0.494326 
42.7 0.494333 
42.71 0.49434 
42.72 0.494346 
42.73 0.494353 
42.74 0.49436 
42.75 0.494366 
42.76 0.494373 
42.77 0.49438 
42.78 0.494386 
42.79 0.494393 
42.8 0.494399 
42.81 0.494406 
42.82 0.494413 
42.83 0.494419 
42.84 0.494426 
42.85 0.494432 
42.86 0.494439 
42.87 0.494445 
42.88 0.494452 
42.89 0.494458 
42.9 0.494465 
42.91 0.494471 
42.92 0.494478 
42.93 0.494484 
42.94 0.494491 
42.95 0.494497 
42.96 0.494504 
42.97 0.49451 
42.98 0.494517 
42.99 0.494523 
43 0.49453 
43.01 0.494536 
43.02 0.494543 
43.03 0.494549 
43.04 0.494555 
43.05 0.494562 
43.06 0.494568 
43.07 0.494575 
43.08 0.494581 
43.09 0.494587 
43.1 0.494594 
43.11 0.4946 
43.12 0.494606 
43.13 0.494613 
43.14 0.494619 
43.15 0.494625 
43.16 0.494632 
43.17 0.494638 
43.18 0.494644 
43.19 0.494651 
43.2 0.494657 
43.21 0.494663 
43.22 0.494669 
43.23 0.494676 
43.24 0.494682 
43.25 0.494688 
43.26 0.494695 
43.27 0.494701 
43.28 0.494707 
43.29 0.494713 
43.3 0.494719 
43.31 0.494726 
43.32 0.494732 
43.33 0.494738 
43.34 0.494744 
43.35 0.49475 
43.36 0.494757 
43.37 0.494763 
43.38 0.494769 
43.39 0.494775 
43.4 0.494781 
43.41 0.494787 
43.42 0.494793 
43.43 0.4948 
43.44 0.494806 
43.45 0.494812 
43.46 0.494818 
43.47 0.494824 
43.48 0.49483 
43.49 0.494836 
43.5 0.494842 
43.51 0.494848 
43.52 0.494854 
43.53 0.49486 
43.54 0.494867 
43.55 0.494873 
43.56 0.494879 
43.57 0.494885 
43.58 0.494891 
43.59 0.494897 
43.6 0.494903 
43.61 0.494909 
43.62 0.494915 
43.63 0.494921 
43.64 0.494927 
43.65 0.494933 
43.66 0.494938 
43.67 0.494944 
43.68 0.49495 
43.69 0.494956 
43.7 0.494962 
43.71 0.494968 
43.72 0.494974 
43.73 0.49498 
43.74 0.494986 
43.75 0.494992 
43.76 0.494998 
43.77 0.495004 
43.78 0.49501 
43.79 0.495015 
43.8 0.495021 
43.81 0.495027 
43.82 0.495033 
43.83 0.495039 
43.84 0.495045 
43.85 0.49505 
43.86 0.495056 
43.87 0.495062 
43.88 0.495068 
43.89 0.495074 
43.9 0.49508 
43.91 0.495085 
43.92 0.495091 
43.93 0.495097 
43.94 0.495103 
43.95 0.495108 
43.96 0.495114 
43.97 0.49512 
43.98 0.495126 
43.99 0.495131 
44 0.495137 
44.01 0.495143 
44.02 0.495149 
44.03 0.495154 
44.04 0.49516 
44.05 0.495166 
44.06 0.495171 
44.07 0.495177 
44.08 0.495183 
44.09 0.495188 
44.1 0.495194 
44.11 0.4952 
44.12 0.495205 
44.13 0.495211 
44.14 0.495217 
44.15 0.495222 
44.16 0.495228 
44.17 0.495233 
44.18 0.495239 
44.19 0.495245 
44.2 0.49525 
44.21 0.495256 
44.22 0.495261 
44.23 0.495267 
44.24 0.495273 
44.25 0.495278 
44.26 0.495284 
44.27 0.495289 
44.28 0.495295 
44.29 0.4953 
44.3 0.495306 
44.31 0.495311 
44.32 0.495317 
44.33 0.495322 
44.34 0.495328 
44.35 0.495333 
44.36 0.495339 
44.37 0.495344 
44.38 0.49535 
44.39 0.495355 
44.4 0.495361 
44.41 0.495366 
44.42 0.495372 
44.43 0.495377 
44.44 0.495383 
44.45 0.495388 
44.46 0.495393 
44.47 0.495399 
44.48 0.495404 
44.49 0.49541 
44.5 0.495415 
44.51 0.495421 
44.52 0.495426 
44.53 0.495431 
44.54 0.495437 
44.55 0.495442 
44.56 0.495447 
44.57 0.495453 
44.58 0.495458 
44.59 0.495463 
44.6 0.495469 
44.61 0.495474 
44.62 0.495479 
44.63 0.495485 
44.64 0.49549 
44.65 0.495495 
44.66 0.495501 
44.67 0.495506 
44.68 0.495511 
44.69 0.495517 
44.7 0.495522 
44.71 0.495527 
44.72 0.495532 
44.73 0.495538 
44.74 0.495543 
44.75 0.495548 
44.76 0.495553 
44.77 0.495559 
44.78 0.495564 
44.79 0.495569 
44.8 0.495574 
44.81 0.495579 
44.82 0.495585 
44.83 0.49559 
44.84 0.495595 
44.85 0.4956 
44.86 0.495605 
44.87 0.495611 
44.88 0.495616 
44.89 0.495621 
44.9 0.495626 
44.91 0.495631 
44.92 0.495636 
44.93 0.495641 
44.94 0.495647 
44.95 0.495652 
44.96 0.495657 
44.97 0.495662 
44.98 0.495667 
44.99 0.495672 
45 0.495677 
45.01 0.495682 
45.02 0.495687 
45.03 0.495692 
45.04 0.495698 
45.05 0.495703 
45.06 0.495708 
45.07 0.495713 
45.08 0.495718 
45.09 0.495723 
45.1 0.495728 
45.11 0.495733 
45.12 0.495738 
45.13 0.495743 
45.14 0.495748 
45.15 0.495753 
45.16 0.495758 
45.17 0.495763 
45.18 0.495768 
45.19 0.495773 
45.2 0.495778 
45.21 0.495783 
45.22 0.495788 
45.23 0.495793 
45.24 0.495798 
45.25 0.495803 
45.26 0.495808 
45.27 0.495812 
45.28 0.495817 
45.29 0.495822 
45.3 0.495827 
45.31 0.495832 
45.32 0.495837 
45.33 0.495842 
45.34 0.495847 
45.35 0.495852 
45.36 0.495857 
45.37 0.495861 
45.38 0.495866 
45.39 0.495871 
45.4 0.495876 
45.41 0.495881 
45.42 0.495886 
45.43 0.495891 
45.44 0.495895 
45.45 0.4959 
45.46 0.495905 
45.47 0.49591 
45.48 0.495915 
45.49 0.49592 
45.5 0.495924 
45.51 0.495929 
45.52 0.495934 
45.53 0.495939 
45.54 0.495943 
45.55 0.495948 
45.56 0.495953 
45.57 0.495958 
45.58 0.495963 
45.59 0.495967 
45.6 0.495972 
45.61 0.495977 
45.62 0.495981 
45.63 0.495986 
45.64 0.495991 
45.65 0.495996 
45.66 0.496 
45.67 0.496005 
45.68 0.49601 
45.69 0.496014 
45.7 0.496019 
45.71 0.496024 
45.72 0.496029 
45.73 0.496033 
45.74 0.496038 
45.75 0.496043 
45.76 0.496047 
45.77 0.496052 
45.78 0.496056 
45.79 0.496061 
45.8 0.496066 
45.81 0.49607 
45.82 0.496075 
45.83 0.49608 
45.84 0.496084 
45.85 0.496089 
45.86 0.496093 
45.87 0.496098 
45.88 0.496103 
45.89 0.496107 
45.9 0.496112 
45.91 0.496116 
45.92 0.496121 
45.93 0.496125 
45.94 0.49613 
45.95 0.496135 
45.96 0.496139 
45.97 0.496144 
45.98 0.496148 
45.99 0.496153 
46 0.496157 
46.01 0.496162 
46.02 0.496166 
46.03 0.496171 
46.04 0.496175 
46.05 0.49618 
46.06 0.496184 
46.07 0.496189 
46.08 0.496193 
46.09 0.496198 
46.1 0.496202 
46.11 0.496207 
46.12 0.496211 
46.13 0.496216 
46.14 0.49622 
46.15 0.496225 
46.16 0.496229 
46.17 0.496233 
46.18 0.496238 
46.19 0.496242 
46.2 0.496247 
46.21 0.496251 
46.22 0.496256 
46.23 0.49626 
46.24 0.496264 
46.25 0.496269 
46.26 0.496273 
46.27 0.496278 
46.28 0.496282 
46.29 0.496286 
46.3 0.496291 
46.31 0.496295 
46.32 0.496299 
46.33 0.496304 
46.34 0.496308 
46.35 0.496312 
46.36 0.496317 
46.37 0.496321 
46.38 0.496325 
46.39 0.49633 
46.4 0.496334 
46.41 0.496338 
46.42 0.496343 
46.43 0.496347 
46.44 0.496351 
46.45 0.496356 
46.46 0.49636 
46.47 0.496364 
46.48 0.496368 
46.49 0.496373 
46.5 0.496377 
46.51 0.496381 
46.52 0.496385 
46.53 0.49639 
46.54 0.496394 
46.55 0.496398 
46.56 0.496402 
46.57 0.496407 
46.58 0.496411 
46.59 0.496415 
46.6 0.496419 
46.61 0.496424 
46.62 0.496428 
46.63 0.496432 
46.64 0.496436 
46.65 0.49644 
46.66 0.496445 
46.67 0.496449 
46.68 0.496453 
46.69 0.496457 
46.7 0.496461 
46.71 0.496465 
46.72 0.49647 
46.73 0.496474 
46.74 0.496478 
46.75 0.496482 
46.76 0.496486 
46.77 0.49649 
46.78 0.496494 
46.79 0.496499 
46.8 0.496503 
46.81 0.496507 
46.82 0.496511 
46.83 0.496515 
46.84 0.496519 
46.85 0.496523 
46.86 0.496527 
46.87 0.496531 
46.88 0.496535 
46.89 0.49654 
46.9 0.496544 
46.91 0.496548 
46.92 0.496552 
46.93 0.496556 
46.94 0.49656 
46.95 0.496564 
46.96 0.496568 
46.97 0.496572 
46.98 0.496576 
46.99 0.49658 
47 0.496584 
47.01 0.496588 
47.02 0.496592 
47.03 0.496596 
47.04 0.4966 
47.05 0.496604 
47.06 0.496608 
47.07 0.496612 
47.08 0.496616 
47.09 0.49662 
47.1 0.496624 
47.11 0.496628 
47.12 0.496632 
47.13 0.496636 
47.14 0.49664 
47.15 0.496644 
47.16 0.496648 
47.17 0.496652 
47.18 0.496656 
47.19 0.49666 
47.2 0.496664 
47.21 0.496668 
47.22 0.496671 
47.23 0.496675 
47.24 0.496679 
47.25 0.496683 
47.26 0.496687 
47.27 0.496691 
47.28 0.496695 
47.29 0.496699 
47.3 0.496703 
47.31 0.496706 
47.32 0.49671 
47.33 0.496714 
47.34 0.496718 
47.35 0.496722 
47.36 0.496726 
47.37 0.49673 
47.38 0.496734 
47.39 0.496737 
47.4 0.496741 
47.41 0.496745 
47.42 0.496749 
47.43 0.496753 
47.44 0.496757 
47.45 0.49676 
47.46 0.496764 
47.47 0.496768 
47.48 0.496772 
47.49 0.496776 
47.5 0.496779 
47.51 0.496783 
47.52 0.496787 
47.53 0.496791 
47.54 0.496794 
47.55 0.496798 
47.56 0.496802 
47.57 0.496806 
47.58 0.49681 
47.59 0.496813 
47.6 0.496817 
47.61 0.496821 
47.62 0.496825 
47.63 0.496828 
47.64 0.496832 
47.65 0.496836 
47.66 0.496839 
47.67 0.496843 
47.68 0.496847 
47.69 0.496851 
47.7 0.496854 
47.71 0.496858 
47.72 0.496862 
47.73 0.496865 
47.74 0.496869 
47.75 0.496873 
47.76 0.496876 
47.77 0.49688 
47.78 0.496884 
47.79 0.496887 
47.8 0.496891 
47.81 0.496895 
47.82 0.496898 
47.83 0.496902 
47.84 0.496906 
47.85 0.496909 
47.86 0.496913 
47.87 0.496917 
47.88 0.49692 
47.89 0.496924 
47.9 0.496928 
47.91 0.496931 
47.92 0.496935 
47.93 0.496938 
47.94 0.496942 
47.95 0.496946 
47.96 0.496949 
47.97 0.496953 
47.98 0.496956 
47.99 0.49696 
48 0.496964 
48.01 0.496967 
48.02 0.496971 
48.03 0.496974 
48.04 0.496978 
48.05 0.496981 
48.06 0.496985 
48.07 0.496988 
48.08 0.496992 
48.09 0.496996 
48.1 0.496999 
48.11 0.497003 
48.12 0.497006 
48.13 0.49701 
48.14 0.497013 
48.15 0.497017 
48.16 0.49702 
48.17 0.497024 
48.18 0.497027 
48.19 0.497031 
48.2 0.497034 
48.21 0.497038 
48.22 0.497041 
48.23 0.497045 
48.24 0.497048 
48.25 0.497052 
48.26 0.497055 
48.27 0.497059 
48.28 0.497062 
48.29 0.497065 
48.3 0.497069 
48.31 0.497072 
48.32 0.497076 
48.33 0.497079 
48.34 0.497083 
48.35 0.497086 
48.36 0.49709 
48.37 0.497093 
48.38 0.497096 
48.39 0.4971 
48.4 0.497103 
48.41 0.497107 
48.42 0.49711 
48.43 0.497113 
48.44 0.497117 
48.45 0.49712 
48.46 0.497124 
48.47 0.497127 
48.48 0.49713 
48.49 0.497134 
48.5 0.497137 
48.51 0.497141 
48.52 0.497144 
48.53 0.497147 
48.54 0.497151 
48.55 0.497154 
48.56 0.497157 
48.57 0.497161 
48.58 0.497164 
48.59 0.497167 
48.6 0.497171 
48.61 0.497174 
48.62 0.497177 
48.63 0.497181 
48.64 0.497184 
48.65 0.497187 
48.66 0.497191 
48.67 0.497194 
48.68 0.497197 
48.69 0.497201 
48.7 0.497204 
48.71 0.497207 
48.72 0.49721 
48.73 0.497214 
48.74 0.497217 
48.75 0.49722 
48.76 0.497223 
48.77 0.497227 
48.78 0.49723 
48.79 0.497233 
48.8 0.497237 
48.81 0.49724 
48.82 0.497243 
48.83 0.497246 
48.84 0.49725 
48.85 0.497253 
48.86 0.497256 
48.87 0.497259 
48.88 0.497262 
48.89 0.497266 
48.9 0.497269 
48.91 0.497272 
48.92 0.497275 
48.93 0.497279 
48.94 0.497282 
48.95 0.497285 
48.96 0.497288 
48.97 0.497291 
48.98 0.497295 
48.99 0.497298 
49 0.497301 
49.01 0.497304 
49.02 0.497307 
49.03 0.49731 
49.04 0.497314 
49.05 0.497317 
49.06 0.49732 
49.07 0.497323 
49.08 0.497326 
49.09 0.497329 
49.1 0.497332 
49.11 0.497336 
49.12 0.497339 
49.13 0.497342 
49.14 0.497345 
49.15 0.497348 
49.16 0.497351 
49.17 0.497354 
49.18 0.497358 
49.19 0.497361 
49.2 0.497364 
49.21 0.497367 
49.22 0.49737 
49.23 0.497373 
49.24 0.497376 
49.25 0.497379 
49.26 0.497382 
49.27 0.497385 
49.28 0.497388 
49.29 0.497392 
49.3 0.497395 
49.31 0.497398 
49.32 0.497401 
49.33 0.497404 
49.34 0.497407 
49.35 0.49741 
49.36 0.497413 
49.37 0.497416 
49.38 0.497419 
49.39 0.497422 
49.4 0.497425 
49.41 0.497428 
49.42 0.497431 
49.43 0.497434 
49.44 0.497437 
49.45 0.49744 
49.46 0.497443 
49.47 0.497446 
49.48 0.497449 
49.49 0.497452 
49.5 0.497455 
49.51 0.497458 
49.52 0.497461 
49.53 0.497464 
49.54 0.497467 
49.55 0.49747 
49.56 0.497473 
49.57 0.497476 
49.58 0.497479 
49.59 0.497482 
49.6 0.497485 
49.61 0.497488 
49.62 0.497491 
49.63 0.497494 
49.64 0.497497 
49.65 0.4975 
49.66 0.497503 
49.67 0.497506 
49.68 0.497509 
49.69 0.497512 
49.7 0.497514 
49.71 0.497517 
49.72 0.49752 
49.73 0.497523 
49.74 0.497526 
49.75 0.497529 
49.76 0.497532 
49.77 0.497535 
49.78 0.497538 
49.79 0.497541 
49.8 0.497544 
49.81 0.497546 
49.82 0.497549 
49.83 0.497552 
49.84 0.497555 
49.85 0.497558 
49.86 0.497561 
49.87 0.497564 
49.88 0.497567 
49.89 0.497569 
49.9 0.497572 
49.91 0.497575 
49.92 0.497578 
49.93 0.497581 
49.94 0.497584 
49.95 0.497587 
49.96 0.497589 
49.97 0.497592 
49.98 0.497595 
49.99 0.497598 
50 0.497601 
