0 -5.13e-09 
0.001 7.60664e-06 
0.002 1.51838e-05 
0.003 2.26924e-05 
0.004 3.00989e-05 
0.005 3.73701e-05 
0.006 4.44736e-05 
0.007 5.13777e-05 
0.008 5.80513e-05 
0.009 6.44638e-05 
0.01 7.05845e-05 
0.011 7.63827e-05 
0.012 8.1826e-05 
0.013 8.68784e-05 
0.014 9.15009e-05 
0.015 9.5655e-05 
0.016 9.93086e-05 
0.017 0.000102439 
0.018 0.000105028 
0.019 0.000107053 
0.02 0.000108491 
0.021 0.000109317 
0.022 0.000109507 
0.023 0.000109037 
0.024 0.000107886 
0.025 0.000106035 
0.026 0.000103462 
0.027 0.000100155 
0.028 9.61016e-05 
0.029 9.12911e-05 
0.03 8.57152e-05 
0.031 7.93687e-05 
0.032 7.22492e-05 
0.033 6.43576e-05 
0.034 5.56973e-05 
0.035 4.62752e-05 
0.036 3.61014e-05 
0.037 2.5189e-05 
0.038 1.35521e-05 
0.039 1.2095e-06 
0.04 -1.18158e-05 
0.041 -2.55004e-05 
0.042 -3.98196e-05 
0.043 -5.4747e-05 
0.044 -7.02559e-05 
0.045 -8.63192e-05 
0.046 -0.00010291 
0.047 -0.000120002 
0.048 -0.00013757 
0.049 -0.000155593 
0.05 -0.000174047 
0.051 -0.000192919 
0.052 -0.000212189 
0.053 -0.000231843 
0.054 -0.000251874 
0.055 -0.000272274 
0.056 -0.000293038 
0.057 -0.000314165 
0.058 -0.000335654 
0.059 -0.000357509 
0.06 -0.000379734 
0.061 -0.000402332 
0.062 -0.000425311 
0.063 -0.000448676 
0.064 -0.000472435 
0.065 -0.00049659 
0.066 -0.000521146 
0.067 -0.000546108 
0.068 -0.000571478 
0.069 -0.000597257 
0.07 -0.000623444 
0.071 -0.000650041 
0.072 -0.000677044 
0.073 -0.00070445 
0.074 -0.00073226 
0.075 -0.000760467 
0.076 -0.000789071 
0.077 -0.000818069 
0.078 -0.000847457 
0.079 -0.000877236 
0.08 -0.000907403 
0.081 -0.00093796 
0.082 -0.000968906 
0.083 -0.00100025 
0.084 -0.00103198 
0.085 -0.00106411 
0.086 -0.00109665 
0.087 -0.0011296 
0.088 -0.00116297 
0.089 -0.00119675 
0.09 -0.00123096 
0.091 -0.0012656 
0.092 -0.00130069 
0.093 -0.00133622 
0.094 -0.00137221 
0.095 -0.00140866 
0.096 -0.00144557 
0.097 -0.00148296 
0.098 -0.00152083 
0.099 -0.00155918 
0.1 -0.00159802 
0.101 -0.00163736 
0.102 -0.0016772 
0.103 -0.00171754 
0.104 -0.00175839 
0.105 -0.00179975 
0.106 -0.00184161 
0.107 -0.00188399 
0.108 -0.00192688 
0.109 -0.00197029 
0.11 -0.0020142 
0.111 -0.00205864 
0.112 -0.00210357 
0.113 -0.00214902 
0.114 -0.00219498 
0.115 -0.00224145 
0.116 -0.00228841 
0.117 -0.00233586 
0.118 -0.00238381 
0.119 -0.00243225 
0.12 -0.00248117 
0.121 -0.00253056 
0.122 -0.00258043 
0.123 -0.00263075 
0.124 -0.00268154 
0.125 -0.00273277 
0.126 -0.00278446 
0.127 -0.00283657 
0.128 -0.00288911 
0.129 -0.00294208 
0.13 -0.00299545 
0.131 -0.00304922 
0.132 -0.00310338 
0.133 -0.00315794 
0.134 -0.00321286 
0.135 -0.00326815 
0.136 -0.00332381 
0.137 -0.0033798 
0.138 -0.00343613 
0.139 -0.00349279 
0.14 -0.00354977 
0.141 -0.00360706 
0.142 -0.00366464 
0.143 -0.0037225 
0.144 -0.00378066 
0.145 -0.00383908 
0.146 -0.00389775 
0.147 -0.00395667 
0.148 -0.00401582 
0.149 -0.0040752 
0.15 -0.00413479 
0.151 -0.0041946 
0.152 -0.00425459 
0.153 -0.00431479 
0.154 -0.00437514 
0.155 -0.00443566 
0.156 -0.00449633 
0.157 -0.00455714 
0.158 -0.00461809 
0.159 -0.00467917 
0.16 -0.00474036 
0.161 -0.00480165 
0.162 -0.00486304 
0.163 -0.00492453 
0.164 -0.00498607 
0.165 -0.00504766 
0.166 -0.00510933 
0.167 -0.00517102 
0.168 -0.00523276 
0.169 -0.00529451 
0.17 -0.00535629 
0.171 -0.00541806 
0.172 -0.00547984 
0.173 -0.00554159 
0.174 -0.00560333 
0.175 -0.00566504 
0.176 -0.0057267 
0.177 -0.00578831 
0.178 -0.00584986 
0.179 -0.00591135 
0.18 -0.00597275 
0.181 -0.00603407 
0.182 -0.00609529 
0.183 -0.00615642 
0.184 -0.00621744 
0.185 -0.00627831 
0.186 -0.00633905 
0.187 -0.00639965 
0.188 -0.0064601 
0.189 -0.00652041 
0.19 -0.00658055 
0.191 -0.00664051 
0.192 -0.00670027 
0.193 -0.00675986 
0.194 -0.00681925 
0.195 -0.00687843 
0.196 -0.00693741 
0.197 -0.00699617 
0.198 -0.00705467 
0.199 -0.00711295 
0.2 -0.007171 
0.201 -0.00722876 
0.202 -0.00728628 
0.203 -0.00734354 
0.204 -0.00740051 
0.205 -0.00745719 
0.206 -0.0075136 
0.207 -0.00756972 
0.208 -0.00762552 
0.209 -0.007681 
0.21 -0.00773617 
0.211 -0.00779101 
0.212 -0.00784552 
0.213 -0.00789971 
0.214 -0.00795352 
0.215 -0.00800698 
0.216 -0.00806009 
0.217 -0.00811285 
0.218 -0.00816522 
0.219 -0.00821721 
0.22 -0.00826883 
0.221 -0.00832004 
0.222 -0.00837087 
0.223 -0.00842126 
0.224 -0.00847128 
0.225 -0.00852086 
0.226 -0.00857003 
0.227 -0.00861876 
0.228 -0.00866707 
0.229 -0.00871492 
0.23 -0.00876235 
0.231 -0.00880931 
0.232 -0.00885582 
0.233 -0.00890188 
0.234 -0.00894743 
0.235 -0.00899254 
0.236 -0.00903717 
0.237 -0.00908132 
0.238 -0.00912498 
0.239 -0.00916812 
0.24 -0.00921079 
0.241 -0.00925294 
0.242 -0.00929459 
0.243 -0.00933574 
0.244 -0.00937635 
0.245 -0.00941642 
0.246 -0.00945599 
0.247 -0.00949503 
0.248 -0.00953351 
0.249 -0.00957146 
0.25 -0.00960888 
0.251 -0.00964572 
0.252 -0.00968203 
0.253 -0.00971777 
0.254 -0.00975293 
0.255 -0.00978754 
0.256 -0.00982158 
0.257 -0.00985504 
0.258 -0.00988792 
0.259 -0.00992023 
0.26 -0.00995195 
0.261 -0.00998305 
0.262 -0.0100136 
0.263 -0.0100435 
0.264 -0.0100728 
0.265 -0.0101016 
0.266 -0.0101297 
0.267 -0.0101572 
0.268 -0.010184 
0.269 -0.0102103 
0.27 -0.010236 
0.271 -0.010261 
0.272 -0.0102854 
0.273 -0.0103092 
0.274 -0.0103323 
0.275 -0.0103548 
0.276 -0.0103767 
0.277 -0.0103978 
0.278 -0.0104184 
0.279 -0.0104383 
0.28 -0.0104576 
0.281 -0.0104762 
0.282 -0.0104942 
0.283 -0.0105115 
0.284 -0.0105282 
0.285 -0.0105442 
0.286 -0.0105595 
0.287 -0.0105741 
0.288 -0.0105881 
0.289 -0.0106015 
0.29 -0.0106141 
0.291 -0.0106261 
0.292 -0.0106374 
0.293 -0.010648 
0.294 -0.010658 
0.295 -0.0106672 
0.296 -0.0106758 
0.297 -0.0106837 
0.298 -0.010691 
0.299 -0.0106975 
0.3 -0.0107033 
0.301 -0.0107085 
0.302 -0.010713 
0.303 -0.0107167 
0.304 -0.0107198 
0.305 -0.0107223 
0.306 -0.0107239 
0.307 -0.010725 
0.308 -0.0107253 
0.309 -0.0107249 
0.31 -0.0107238 
0.311 -0.010722 
0.312 -0.0107196 
0.313 -0.0107164 
0.314 -0.0107125 
0.315 -0.010708 
0.316 -0.0107027 
0.317 -0.0106967 
0.318 -0.01069 
0.319 -0.0106827 
0.32 -0.0106746 
0.321 -0.0106658 
0.322 -0.0106564 
0.323 -0.0106462 
0.324 -0.0106353 
0.325 -0.0106237 
0.326 -0.0106115 
0.327 -0.0105985 
0.328 -0.0105848 
0.329 -0.0105705 
0.33 -0.0105554 
0.331 -0.0105396 
0.332 -0.0105232 
0.333 -0.010506 
0.334 -0.0104881 
0.335 -0.0104696 
0.336 -0.0104503 
0.337 -0.0104304 
0.338 -0.0104098 
0.339 -0.0103885 
0.34 -0.0103664 
0.341 -0.0103438 
0.342 -0.0103203 
0.343 -0.0102963 
0.344 -0.0102715 
0.345 -0.0102461 
0.346 -0.0102199 
0.347 -0.0101931 
0.348 -0.0101656 
0.349 -0.0101375 
0.35 -0.0101087 
0.351 -0.0100791 
0.352 -0.0100489 
0.353 -0.010018 
0.354 -0.0099865 
0.355 -0.00995428 
0.356 -0.00992138 
0.357 -0.00988788 
0.358 -0.00985366 
0.359 -0.00981879 
0.36 -0.0097833 
0.361 -0.00974707 
0.362 -0.00971029 
0.363 -0.0096728 
0.364 -0.00963467 
0.365 -0.00959584 
0.366 -0.00955644 
0.367 -0.00951635 
0.368 -0.00947567 
0.369 -0.0094343 
0.37 -0.00939236 
0.371 -0.00934973 
0.372 -0.00930649 
0.373 -0.00926259 
0.374 -0.00921815 
0.375 -0.00917302 
0.376 -0.00912726 
0.377 -0.00908091 
0.378 -0.00903395 
0.379 -0.00898636 
0.38 -0.0089382 
0.381 -0.00888945 
0.382 -0.00884006 
0.383 -0.00879006 
0.384 -0.00873948 
0.385 -0.00868835 
0.386 -0.00863661 
0.387 -0.00858423 
0.388 -0.00853133 
0.389 -0.00847784 
0.39 -0.00842378 
0.391 -0.0083692 
0.392 -0.00831398 
0.393 -0.00825823 
0.394 -0.00820192 
0.395 -0.00814501 
0.396 -0.00808756 
0.397 -0.00802963 
0.398 -0.00797108 
0.399 -0.00791201 
0.4 -0.00785242 
0.401 -0.00779227 
0.402 -0.00773164 
0.403 -0.00767045 
0.404 -0.00760873 
0.405 -0.00754649 
0.406 -0.0074838 
0.407 -0.00742052 
0.408 -0.00735678 
0.409 -0.00729259 
0.41 -0.00722781 
0.411 -0.00716261 
0.412 -0.00709691 
0.413 -0.00703071 
0.414 -0.00696399 
0.415 -0.00689691 
0.416 -0.00682926 
0.417 -0.00676117 
0.418 -0.00669265 
0.419 -0.00662363 
0.42 -0.0065542 
0.421 -0.00648434 
0.422 -0.00641398 
0.423 -0.00634319 
0.424 -0.00627205 
0.425 -0.0062004 
0.426 -0.00612836 
0.427 -0.0060559 
0.428 -0.00598303 
0.429 -0.00590975 
0.43 -0.00583604 
0.431 -0.00576198 
0.432 -0.0056875 
0.433 -0.00561264 
0.434 -0.00553736 
0.435 -0.00546179 
0.436 -0.00538579 
0.437 -0.00530948 
0.438 -0.00523273 
0.439 -0.00515564 
0.44 -0.00507819 
0.441 -0.00500046 
0.442 -0.00492235 
0.443 -0.00484388 
0.444 -0.00476507 
0.445 -0.00468598 
0.446 -0.00460659 
0.447 -0.00452686 
0.448 -0.00444684 
0.449 -0.00436645 
0.45 -0.00428582 
0.451 -0.00420483 
0.452 -0.00412367 
0.453 -0.00404214 
0.454 -0.00396032 
0.455 -0.00387832 
0.456 -0.00379602 
0.457 -0.00371344 
0.458 -0.00363063 
0.459 -0.00354752 
0.46 -0.00346424 
0.461 -0.0033807 
0.462 -0.00329691 
0.463 -0.00321289 
0.464 -0.00312864 
0.465 -0.00304421 
0.466 -0.00295956 
0.467 -0.00287476 
0.468 -0.00278969 
0.469 -0.00270447 
0.47 -0.00261907 
0.471 -0.00253348 
0.472 -0.00244769 
0.473 -0.00236173 
0.474 -0.00227566 
0.475 -0.00218943 
0.476 -0.00210299 
0.477 -0.00201646 
0.478 -0.00192978 
0.479 -0.00184298 
0.48 -0.00175601 
0.481 -0.00166895 
0.482 -0.00158177 
0.483 -0.0014945 
0.484 -0.00140712 
0.485 -0.00131967 
0.486 -0.00123207 
0.487 -0.00114441 
0.488 -0.00105667 
0.489 -0.000968864 
0.49 -0.000881016 
0.491 -0.000793085 
0.492 -0.000705086 
0.493 -0.00061705 
0.494 -0.000528985 
0.495 -0.000440879 
0.496 -0.00035273 
0.497 -0.000264573 
0.498 -0.000176363 
0.499 -8.82568e-05 
0.5 3.62522e-17 
0.501 8.82568e-05 
0.502 0.000176363 
0.503 0.000264573 
0.504 0.00035273 
0.505 0.000440879 
0.506 0.000528985 
0.507 0.00061705 
0.508 0.000705086 
0.509 0.000793085 
0.51 0.000881016 
0.511 0.000968864 
0.512 0.00105667 
0.513 0.00114441 
0.514 0.00123207 
0.515 0.00131967 
0.516 0.00140712 
0.517 0.0014945 
0.518 0.00158177 
0.519 0.00166895 
0.52 0.00175601 
0.521 0.00184298 
0.522 0.00192978 
0.523 0.00201646 
0.524 0.00210299 
0.525 0.00218943 
0.526 0.00227566 
0.527 0.00236173 
0.528 0.00244769 
0.529 0.00253348 
0.53 0.00261907 
0.531 0.00270447 
0.532 0.00278969 
0.533 0.00287476 
0.534 0.00295956 
0.535 0.00304421 
0.536 0.00312864 
0.537 0.00321289 
0.538 0.00329691 
0.539 0.0033807 
0.54 0.00346424 
0.541 0.00354752 
0.542 0.00363063 
0.543 0.00371344 
0.544 0.00379602 
0.545 0.00387832 
0.546 0.00396032 
0.547 0.00404214 
0.548 0.00412367 
0.549 0.00420483 
0.55 0.00428582 
0.551 0.00436645 
0.552 0.00444684 
0.553 0.00452686 
0.554 0.00460659 
0.555 0.00468598 
0.556 0.00476507 
0.557 0.00484388 
0.558 0.00492235 
0.559 0.00500046 
0.56 0.00507819 
0.561 0.00515564 
0.562 0.00523273 
0.563 0.00530948 
0.564 0.00538579 
0.565 0.00546179 
0.566 0.00553736 
0.567 0.00561264 
0.568 0.0056875 
0.569 0.00576198 
0.57 0.00583604 
0.571 0.00590975 
0.572 0.00598303 
0.573 0.0060559 
0.574 0.00612836 
0.575 0.0062004 
0.576 0.00627205 
0.577 0.00634319 
0.578 0.00641398 
0.579 0.00648434 
0.58 0.0065542 
0.581 0.00662363 
0.582 0.00669265 
0.583 0.00676117 
0.584 0.00682926 
0.585 0.00689691 
0.586 0.00696399 
0.587 0.00703071 
0.588 0.00709691 
0.589 0.00716261 
0.59 0.00722781 
0.591 0.00729259 
0.592 0.00735678 
0.593 0.00742052 
0.594 0.0074838 
0.595 0.00754649 
0.596 0.00760873 
0.597 0.00767045 
0.598 0.00773164 
0.599 0.00779227 
0.6 0.00785242 
0.601 0.00791201 
0.602 0.00797108 
0.603 0.00802963 
0.604 0.00808756 
0.605 0.00814501 
0.606 0.00820192 
0.607 0.00825823 
0.608 0.00831398 
0.609 0.0083692 
0.61 0.00842378 
0.611 0.00847784 
0.612 0.00853133 
0.613 0.00858423 
0.614 0.00863661 
0.615 0.00868835 
0.616 0.00873948 
0.617 0.00879006 
0.618 0.00884006 
0.619 0.00888945 
0.62 0.0089382 
0.621 0.00898636 
0.622 0.00903395 
0.623 0.00908091 
0.624 0.00912726 
0.625 0.00917302 
0.626 0.00921815 
0.627 0.00926259 
0.628 0.00930649 
0.629 0.00934973 
0.63 0.00939236 
0.631 0.0094343 
0.632 0.00947567 
0.633 0.00951635 
0.634 0.00955644 
0.635 0.00959584 
0.636 0.00963467 
0.637 0.0096728 
0.638 0.00971029 
0.639 0.00974707 
0.64 0.0097833 
0.641 0.00981879 
0.642 0.00985366 
0.643 0.00988788 
0.644 0.00992138 
0.645 0.00995428 
0.646 0.0099865 
0.647 0.010018 
0.648 0.0100489 
0.649 0.0100791 
0.65 0.0101087 
0.651 0.0101375 
0.652 0.0101656 
0.653 0.0101931 
0.654 0.0102199 
0.655 0.0102461 
0.656 0.0102715 
0.657 0.0102963 
0.658 0.0103203 
0.659 0.0103438 
0.66 0.0103664 
0.661 0.0103885 
0.662 0.0104098 
0.663 0.0104304 
0.664 0.0104503 
0.665 0.0104696 
0.666 0.0104881 
0.667 0.010506 
0.668 0.0105232 
0.669 0.0105396 
0.67 0.0105554 
0.671 0.0105705 
0.672 0.0105848 
0.673 0.0105985 
0.674 0.0106115 
0.675 0.0106237 
0.676 0.0106353 
0.677 0.0106462 
0.678 0.0106564 
0.679 0.0106658 
0.68 0.0106746 
0.681 0.0106827 
0.682 0.01069 
0.683 0.0106967 
0.684 0.0107027 
0.685 0.010708 
0.686 0.0107125 
0.687 0.0107164 
0.688 0.0107196 
0.689 0.010722 
0.69 0.0107238 
0.691 0.0107249 
0.692 0.0107253 
0.693 0.010725 
0.694 0.0107239 
0.695 0.0107223 
0.696 0.0107198 
0.697 0.0107167 
0.698 0.010713 
0.699 0.0107085 
0.7 0.0107033 
0.701 0.0106975 
0.702 0.010691 
0.703 0.0106837 
0.704 0.0106758 
0.705 0.0106672 
0.706 0.010658 
0.707 0.010648 
0.708 0.0106374 
0.709 0.0106261 
0.71 0.0106141 
0.711 0.0106015 
0.712 0.0105881 
0.713 0.0105741 
0.714 0.0105595 
0.715 0.0105442 
0.716 0.0105282 
0.717 0.0105115 
0.718 0.0104942 
0.719 0.0104762 
0.72 0.0104576 
0.721 0.0104383 
0.722 0.0104184 
0.723 0.0103978 
0.724 0.0103767 
0.725 0.0103548 
0.726 0.0103323 
0.727 0.0103092 
0.728 0.0102854 
0.729 0.010261 
0.73 0.010236 
0.731 0.0102103 
0.732 0.010184 
0.733 0.0101572 
0.734 0.0101297 
0.735 0.0101016 
0.736 0.0100728 
0.737 0.0100435 
0.738 0.0100136 
0.739 0.00998305 
0.74 0.00995195 
0.741 0.00992023 
0.742 0.00988792 
0.743 0.00985504 
0.744 0.00982158 
0.745 0.00978754 
0.746 0.00975293 
0.747 0.00971777 
0.748 0.00968203 
0.749 0.00964572 
0.75 0.00960888 
0.751 0.00957146 
0.752 0.00953351 
0.753 0.00949503 
0.754 0.00945599 
0.755 0.00941642 
0.756 0.00937635 
0.757 0.00933574 
0.758 0.00929459 
0.759 0.00925294 
0.76 0.00921079 
0.761 0.00916812 
0.762 0.00912498 
0.763 0.00908132 
0.764 0.00903717 
0.765 0.00899254 
0.766 0.00894743 
0.767 0.00890188 
0.768 0.00885582 
0.769 0.00880931 
0.77 0.00876235 
0.771 0.00871492 
0.772 0.00866707 
0.773 0.00861876 
0.774 0.00857003 
0.775 0.00852086 
0.776 0.00847128 
0.777 0.00842126 
0.778 0.00837087 
0.779 0.00832004 
0.78 0.00826883 
0.781 0.00821721 
0.782 0.00816522 
0.783 0.00811285 
0.784 0.00806009 
0.785 0.00800698 
0.786 0.00795352 
0.787 0.00789971 
0.788 0.00784552 
0.789 0.00779101 
0.79 0.00773617 
0.791 0.007681 
0.792 0.00762552 
0.793 0.00756972 
0.794 0.0075136 
0.795 0.00745719 
0.796 0.00740051 
0.797 0.00734354 
0.798 0.00728628 
0.799 0.00722876 
0.8 0.007171 
0.801 0.00711295 
0.802 0.00705467 
0.803 0.00699617 
0.804 0.00693741 
0.805 0.00687843 
0.806 0.00681925 
0.807 0.00675986 
0.808 0.00670027 
0.809 0.00664051 
0.81 0.00658055 
0.811 0.00652041 
0.812 0.0064601 
0.813 0.00639965 
0.814 0.00633905 
0.815 0.00627831 
0.816 0.00621744 
0.817 0.00615642 
0.818 0.00609529 
0.819 0.00603407 
0.82 0.00597275 
0.821 0.00591135 
0.822 0.00584986 
0.823 0.00578831 
0.824 0.0057267 
0.825 0.00566504 
0.826 0.00560333 
0.827 0.00554159 
0.828 0.00547984 
0.829 0.00541806 
0.83 0.00535629 
0.831 0.00529451 
0.832 0.00523276 
0.833 0.00517102 
0.834 0.00510933 
0.835 0.00504766 
0.836 0.00498607 
0.837 0.00492453 
0.838 0.00486304 
0.839 0.00480165 
0.84 0.00474036 
0.841 0.00467917 
0.842 0.00461809 
0.843 0.00455714 
0.844 0.00449633 
0.845 0.00443566 
0.846 0.00437514 
0.847 0.00431479 
0.848 0.00425459 
0.849 0.0041946 
0.85 0.00413479 
0.851 0.0040752 
0.852 0.00401582 
0.853 0.00395667 
0.854 0.00389775 
0.855 0.00383908 
0.856 0.00378066 
0.857 0.0037225 
0.858 0.00366464 
0.859 0.00360706 
0.86 0.00354977 
0.861 0.00349279 
0.862 0.00343613 
0.863 0.0033798 
0.864 0.00332381 
0.865 0.00326815 
0.866 0.00321286 
0.867 0.00315794 
0.868 0.00310338 
0.869 0.00304922 
0.87 0.00299545 
0.871 0.00294208 
0.872 0.00288911 
0.873 0.00283657 
0.874 0.00278446 
0.875 0.00273277 
0.876 0.00268154 
0.877 0.00263075 
0.878 0.00258043 
0.879 0.00253056 
0.88 0.00248117 
0.881 0.00243225 
0.882 0.00238381 
0.883 0.00233586 
0.884 0.00228841 
0.885 0.00224145 
0.886 0.00219498 
0.887 0.00214902 
0.888 0.00210357 
0.889 0.00205864 
0.89 0.0020142 
0.891 0.00197029 
0.892 0.00192688 
0.893 0.00188399 
0.894 0.00184161 
0.895 0.00179975 
0.896 0.00175839 
0.897 0.00171754 
0.898 0.0016772 
0.899 0.00163736 
0.9 0.00159802 
0.901 0.00155918 
0.902 0.00152083 
0.903 0.00148296 
0.904 0.00144557 
0.905 0.00140866 
0.906 0.00137221 
0.907 0.00133622 
0.908 0.00130069 
0.909 0.0012656 
0.91 0.00123096 
0.911 0.00119675 
0.912 0.00116297 
0.913 0.0011296 
0.914 0.00109665 
0.915 0.00106411 
0.916 0.00103198 
0.917 0.00100025 
0.918 0.000968906 
0.919 0.00093796 
0.92 0.000907403 
0.921 0.000877236 
0.922 0.000847457 
0.923 0.000818069 
0.924 0.000789071 
0.925 0.000760467 
0.926 0.00073226 
0.927 0.00070445 
0.928 0.000677044 
0.929 0.000650041 
0.93 0.000623444 
0.931 0.000597257 
0.932 0.000571478 
0.933 0.000546108 
0.934 0.000521146 
0.935 0.00049659 
0.936 0.000472435 
0.937 0.000448676 
0.938 0.000425311 
0.939 0.000402332 
0.94 0.000379734 
0.941 0.000357509 
0.942 0.000335654 
0.943 0.000314165 
0.944 0.000293038 
0.945 0.000272274 
0.946 0.000251874 
0.947 0.000231843 
0.948 0.000212189 
0.949 0.000192919 
0.95 0.000174047 
0.951 0.000155593 
0.952 0.00013757 
0.953 0.000120002 
0.954 0.00010291 
0.955 8.63192e-05 
0.956 7.02559e-05 
0.957 5.4747e-05 
0.958 3.98196e-05 
0.959 2.55004e-05 
0.96 1.18158e-05 
0.961 -1.2095e-06 
0.962 -1.35521e-05 
0.963 -2.5189e-05 
0.964 -3.61014e-05 
0.965 -4.62752e-05 
0.966 -5.56973e-05 
0.967 -6.43576e-05 
0.968 -7.22492e-05 
0.969 -7.93687e-05 
0.97 -8.57152e-05 
0.971 -9.12911e-05 
0.972 -9.61016e-05 
0.973 -0.000100155 
0.974 -0.000103462 
0.975 -0.000106035 
0.976 -0.000107886 
0.977 -0.000109037 
0.978 -0.000109507 
0.979 -0.000109317 
0.98 -0.000108491 
0.981 -0.000107053 
0.982 -0.000105028 
0.983 -0.000102439 
0.984 -9.93086e-05 
0.985 -9.5655e-05 
0.986 -9.15009e-05 
0.987 -8.68784e-05 
0.988 -8.1826e-05 
0.989 -7.63827e-05 
0.99 -7.05845e-05 
0.991 -6.44638e-05 
0.992 -5.80513e-05 
0.993 -5.13777e-05 
0.994 -4.44736e-05 
0.995 -3.73701e-05 
0.996 -3.00989e-05 
0.997 -2.26924e-05 
0.998 -1.51838e-05 
0.999 -7.60664e-06 
1 5.13e-09 
