0 0.25 
0.01 0.251826 
0.02 0.253696 
0.03 0.255609 
0.04 0.257566 
0.05 0.25957 
0.06 0.261619 
0.07 0.263716 
0.08 0.26586 
0.09 0.268053 
0.1 0.270295 
0.11 0.272586 
0.12 0.274927 
0.13 0.277317 
0.14 0.279758 
0.15 0.282249 
0.16 0.28479 
0.17 0.28738 
0.18 0.29002 
0.19 0.292707 
0.2 0.295442 
0.21 0.298223 
0.22 0.301048 
0.23 0.303917 
0.24 0.306827 
0.25 0.309776 
0.26 0.312762 
0.27 0.315782 
0.28 0.318834 
0.29 0.321914 
0.3 0.32502 
0.31 0.328147 
0.32 0.331293 
0.33 0.334453 
0.34 0.337623 
0.35 0.340801 
0.36 0.343982 
0.37 0.347161 
0.38 0.350335 
0.39 0.3535 
0.4 0.356653 
0.41 0.359789 
0.42 0.362904 
0.43 0.365996 
0.44 0.369061 
0.45 0.372095 
0.46 0.375097 
0.47 0.378063 
0.48 0.380991 
0.49 0.383879 
0.5 0.386724 
0.51 0.389525 
0.52 0.392281 
0.53 0.39499 
0.54 0.397651 
0.55 0.400264 
0.56 0.402827 
0.57 0.40534 
0.58 0.407802 
0.59 0.410215 
0.6 0.412577 
0.61 0.414889 
0.62 0.417151 
0.63 0.419363 
0.64 0.421526 
0.65 0.42364 
0.66 0.425706 
0.67 0.427725 
0.68 0.429697 
0.69 0.431623 
0.7 0.433504 
0.71 0.435341 
0.72 0.437135 
0.73 0.438885 
0.74 0.440595 
0.75 0.442263 
0.76 0.443892 
0.77 0.445482 
0.78 0.447035 
0.79 0.44855 
0.8 0.450029 
0.81 0.451472 
0.82 0.452882 
0.83 0.454258 
0.84 0.455601 
0.85 0.456913 
0.86 0.458194 
0.87 0.459444 
0.88 0.460665 
0.89 0.461858 
0.9 0.463023 
0.91 0.464161 
0.92 0.465272 
0.93 0.466358 
0.94 0.467419 
0.95 0.468456 
0.96 0.469469 
0.97 0.470459 
0.98 0.471426 
0.99 0.472372 
1 0.473296 
1.01 0.4742 
1.02 0.475084 
1.03 0.475948 
1.04 0.476793 
1.05 0.47762 
1.06 0.478428 
1.07 0.479219 
1.08 0.479993 
1.09 0.48075 
1.1 0.48149 
1.11 0.482215 
1.12 0.482925 
1.13 0.483619 
1.14 0.484298 
1.15 0.484964 
1.16 0.485615 
1.17 0.486253 
1.18 0.486877 
1.19 0.487489 
1.2 0.488087 
1.21 0.488674 
1.22 0.489248 
1.23 0.489811 
1.24 0.490363 
1.25 0.490903 
1.26 0.491432 
1.27 0.491951 
1.28 0.492459 
1.29 0.492957 
1.3 0.493445 
1.31 0.493924 
1.32 0.494393 
1.33 0.494853 
1.34 0.495304 
1.35 0.495746 
1.36 0.496179 
1.37 0.496604 
1.38 0.497021 
1.39 0.49743 
1.4 0.497831 
1.41 0.498224 
1.42 0.49861 
1.43 0.498989 
1.44 0.49936 
1.45 0.499724 
1.46 0.500082 
1.47 0.500432 
1.48 0.500776 
1.49 0.501114 
1.5 0.501445 
1.51 0.501771 
1.52 0.50209 
1.53 0.502403 
1.54 0.502711 
1.55 0.503013 
1.56 0.503309 
1.57 0.5036 
1.58 0.503886 
1.59 0.504166 
1.6 0.504441 
1.61 0.504712 
1.62 0.504977 
1.63 0.505238 
1.64 0.505494 
1.65 0.505745 
1.66 0.505992 
1.67 0.506235 
1.68 0.506473 
1.69 0.506707 
1.7 0.506937 
1.71 0.507163 
1.72 0.507384 
1.73 0.507602 
1.74 0.507816 
1.75 0.508027 
1.76 0.508233 
1.77 0.508436 
1.78 0.508636 
1.79 0.508832 
1.8 0.509024 
1.81 0.509214 
1.82 0.5094 
1.83 0.509582 
1.84 0.509762 
1.85 0.509938 
1.86 0.510112 
1.87 0.510282 
1.88 0.51045 
1.89 0.510615 
1.9 0.510777 
1.91 0.510936 
1.92 0.511092 
1.93 0.511246 
1.94 0.511397 
1.95 0.511546 
1.96 0.511692 
1.97 0.511835 
1.98 0.511977 
1.99 0.512115 
2 0.512252 
2.01 0.512386 
2.02 0.512518 
2.03 0.512648 
2.04 0.512775 
2.05 0.512901 
2.06 0.513024 
2.07 0.513145 
2.08 0.513265 
2.09 0.513382 
2.1 0.513497 
2.11 0.513611 
2.12 0.513722 
2.13 0.513832 
2.14 0.51394 
2.15 0.514046 
2.16 0.51415 
2.17 0.514253 
2.18 0.514354 
2.19 0.514453 
2.2 0.514551 
2.21 0.514647 
2.22 0.514741 
2.23 0.514834 
2.24 0.514926 
2.25 0.515015 
2.26 0.515104 
2.27 0.515191 
2.28 0.515276 
2.29 0.515361 
2.3 0.515443 
2.31 0.515525 
2.32 0.515605 
2.33 0.515684 
2.34 0.515761 
2.35 0.515838 
2.36 0.515913 
2.37 0.515987 
2.38 0.516059 
2.39 0.516131 
2.4 0.516201 
2.41 0.51627 
2.42 0.516338 
2.43 0.516405 
2.44 0.516471 
2.45 0.516536 
2.46 0.5166 
2.47 0.516663 
2.48 0.516725 
2.49 0.516785 
2.5 0.516845 
2.51 0.516904 
2.52 0.516962 
2.53 0.517019 
2.54 0.517075 
2.55 0.51713 
2.56 0.517184 
2.57 0.517238 
2.58 0.51729 
2.59 0.517342 
2.6 0.517393 
2.61 0.517443 
2.62 0.517493 
2.63 0.517541 
2.64 0.517589 
2.65 0.517636 
2.66 0.517682 
2.67 0.517728 
2.68 0.517772 
2.69 0.517816 
2.7 0.51786 
2.71 0.517902 
2.72 0.517945 
2.73 0.517986 
2.74 0.518027 
2.75 0.518067 
2.76 0.518106 
2.77 0.518145 
2.78 0.518183 
2.79 0.518221 
2.8 0.518258 
2.81 0.518294 
2.82 0.51833 
2.83 0.518365 
2.84 0.5184 
2.85 0.518434 
2.86 0.518468 
2.87 0.518501 
2.88 0.518533 
2.89 0.518565 
2.9 0.518597 
2.91 0.518628 
2.92 0.518659 
2.93 0.518689 
2.94 0.518718 
2.95 0.518747 
2.96 0.518776 
2.97 0.518804 
2.98 0.518832 
2.99 0.51886 
3 0.518886 
3.01 0.518913 
3.02 0.518939 
3.03 0.518965 
3.04 0.51899 
3.05 0.519015 
3.06 0.519039 
3.07 0.519064 
3.08 0.519087 
3.09 0.519111 
3.1 0.519134 
3.11 0.519156 
3.12 0.519179 
3.13 0.519201 
3.14 0.519222 
3.15 0.519243 
3.16 0.519264 
3.17 0.519285 
3.18 0.519305 
3.19 0.519325 
3.2 0.519345 
3.21 0.519364 
3.22 0.519383 
3.23 0.519402 
3.24 0.519421 
3.25 0.519439 
3.26 0.519457 
3.27 0.519474 
3.28 0.519492 
3.29 0.519509 
3.3 0.519526 
3.31 0.519542 
3.32 0.519558 
3.33 0.519574 
3.34 0.51959 
3.35 0.519606 
3.36 0.519621 
3.37 0.519636 
3.38 0.519651 
3.39 0.519665 
3.4 0.51968 
3.41 0.519694 
3.42 0.519708 
3.43 0.519722 
3.44 0.519735 
3.45 0.519748 
3.46 0.519762 
3.47 0.519774 
3.48 0.519787 
3.49 0.5198 
3.5 0.519812 
3.51 0.519824 
3.52 0.519836 
3.53 0.519848 
3.54 0.519859 
3.55 0.51987 
3.56 0.519882 
3.57 0.519893 
3.58 0.519903 
3.59 0.519914 
3.6 0.519925 
3.61 0.519935 
3.62 0.519945 
3.63 0.519955 
3.64 0.519965 
3.65 0.519975 
3.66 0.519984 
3.67 0.519994 
3.68 0.520003 
3.69 0.520012 
3.7 0.520021 
3.71 0.52003 
3.72 0.520039 
3.73 0.520047 
3.74 0.520056 
3.75 0.520064 
3.76 0.520072 
3.77 0.52008 
3.78 0.520088 
3.79 0.520096 
3.8 0.520104 
3.81 0.520111 
3.82 0.520119 
3.83 0.520126 
3.84 0.520133 
3.85 0.520141 
3.86 0.520148 
3.87 0.520154 
3.88 0.520161 
3.89 0.520168 
3.9 0.520175 
3.91 0.520181 
3.92 0.520187 
3.93 0.520194 
3.94 0.5202 
3.95 0.520206 
3.96 0.520212 
3.97 0.520218 
3.98 0.520224 
3.99 0.520229 
4 0.520235 
4.01 0.520241 
4.02 0.520246 
4.03 0.520251 
4.04 0.520257 
4.05 0.520262 
4.06 0.520267 
4.07 0.520272 
4.08 0.520277 
4.09 0.520282 
4.1 0.520287 
4.11 0.520292 
4.12 0.520296 
4.13 0.520301 
4.14 0.520305 
4.15 0.52031 
4.16 0.520314 
4.17 0.520319 
4.18 0.520323 
4.19 0.520327 
4.2 0.520331 
4.21 0.520335 
4.22 0.520339 
4.23 0.520343 
4.24 0.520347 
4.25 0.520351 
4.26 0.520355 
4.27 0.520358 
4.28 0.520362 
4.29 0.520365 
4.3 0.520369 
4.31 0.520373 
4.32 0.520376 
4.33 0.520379 
4.34 0.520383 
4.35 0.520386 
4.36 0.520389 
4.37 0.520392 
4.38 0.520395 
4.39 0.520398 
4.4 0.520402 
4.41 0.520405 
4.42 0.520407 
4.43 0.52041 
4.44 0.520413 
4.45 0.520416 
4.46 0.520419 
4.47 0.520421 
4.48 0.520424 
4.49 0.520427 
4.5 0.520429 
4.51 0.520432 
4.52 0.520434 
4.53 0.520437 
4.54 0.520439 
4.55 0.520442 
4.56 0.520444 
4.57 0.520446 
4.58 0.520449 
4.59 0.520451 
4.6 0.520453 
4.61 0.520455 
4.62 0.520458 
4.63 0.52046 
4.64 0.520462 
4.65 0.520464 
4.66 0.520466 
4.67 0.520468 
4.68 0.52047 
4.69 0.520472 
4.7 0.520474 
4.71 0.520475 
4.72 0.520477 
4.73 0.520479 
4.74 0.520481 
4.75 0.520483 
4.76 0.520484 
4.77 0.520486 
4.78 0.520488 
4.79 0.520489 
4.8 0.520491 
4.81 0.520493 
4.82 0.520494 
4.83 0.520496 
4.84 0.520497 
4.85 0.520499 
4.86 0.5205 
4.87 0.520502 
4.88 0.520503 
4.89 0.520505 
4.9 0.520506 
4.91 0.520507 
4.92 0.520509 
4.93 0.52051 
4.94 0.520511 
4.95 0.520513 
4.96 0.520514 
4.97 0.520515 
4.98 0.520516 
4.99 0.520518 
5 0.520519 
5.01 0.52052 
5.02 0.520521 
5.03 0.520522 
5.04 0.520523 
5.05 0.520525 
5.06 0.520526 
5.07 0.520527 
5.08 0.520528 
5.09 0.520529 
5.1 0.52053 
5.11 0.520531 
5.12 0.520532 
5.13 0.520533 
5.14 0.520534 
5.15 0.520535 
5.16 0.520536 
5.17 0.520536 
5.18 0.520537 
5.19 0.520538 
5.2 0.520539 
5.21 0.52054 
5.22 0.520541 
5.23 0.520542 
5.24 0.520543 
5.25 0.520543 
5.26 0.520544 
5.27 0.520545 
5.28 0.520546 
5.29 0.520546 
5.3 0.520547 
5.31 0.520548 
5.32 0.520549 
5.33 0.520549 
5.34 0.52055 
5.35 0.520551 
5.36 0.520552 
5.37 0.520552 
5.38 0.520553 
5.39 0.520553 
5.4 0.520554 
5.41 0.520555 
5.42 0.520555 
5.43 0.520556 
5.44 0.520557 
5.45 0.520557 
5.46 0.520558 
5.47 0.520558 
5.48 0.520559 
5.49 0.520559 
5.5 0.52056 
5.51 0.520561 
5.52 0.520561 
5.53 0.520562 
5.54 0.520562 
5.55 0.520563 
5.56 0.520563 
5.57 0.520564 
5.58 0.520564 
5.59 0.520565 
5.6 0.520565 
5.61 0.520566 
5.62 0.520566 
5.63 0.520566 
5.64 0.520567 
5.65 0.520567 
5.66 0.520568 
5.67 0.520568 
5.68 0.520569 
5.69 0.520569 
5.7 0.520569 
5.71 0.52057 
5.72 0.52057 
5.73 0.520571 
5.74 0.520571 
5.75 0.520571 
5.76 0.520572 
5.77 0.520572 
5.78 0.520572 
5.79 0.520573 
5.8 0.520573 
5.81 0.520573 
5.82 0.520574 
5.83 0.520574 
5.84 0.520574 
5.85 0.520575 
5.86 0.520575 
5.87 0.520575 
5.88 0.520576 
5.89 0.520576 
5.9 0.520576 
5.91 0.520577 
5.92 0.520577 
5.93 0.520577 
5.94 0.520577 
5.95 0.520578 
5.96 0.520578 
5.97 0.520578 
5.98 0.520578 
5.99 0.520579 
6 0.520579 
6.01 0.520579 
6.02 0.520579 
6.03 0.52058 
6.04 0.52058 
6.05 0.52058 
6.06 0.52058 
6.07 0.520581 
6.08 0.520581 
6.09 0.520581 
6.1 0.520581 
6.11 0.520581 
6.12 0.520582 
6.13 0.520582 
6.14 0.520582 
6.15 0.520582 
6.16 0.520582 
6.17 0.520583 
6.18 0.520583 
6.19 0.520583 
6.2 0.520583 
6.21 0.520583 
6.22 0.520584 
6.23 0.520584 
6.24 0.520584 
6.25 0.520584 
6.26 0.520584 
6.27 0.520585 
6.28 0.520585 
6.29 0.520585 
6.3 0.520585 
6.31 0.520585 
6.32 0.520585 
6.33 0.520585 
6.34 0.520586 
6.35 0.520586 
6.36 0.520586 
6.37 0.520586 
6.38 0.520586 
6.39 0.520586 
6.4 0.520586 
6.41 0.520587 
6.42 0.520587 
6.43 0.520587 
6.44 0.520587 
6.45 0.520587 
6.46 0.520587 
6.47 0.520587 
6.48 0.520587 
6.49 0.520588 
6.5 0.520588 
6.51 0.520588 
6.52 0.520588 
6.53 0.520588 
6.54 0.520588 
6.55 0.520588 
6.56 0.520588 
6.57 0.520588 
6.58 0.520589 
6.59 0.520589 
6.6 0.520589 
6.61 0.520589 
6.62 0.520589 
6.63 0.520589 
6.64 0.520589 
6.65 0.520589 
6.66 0.520589 
6.67 0.520589 
6.68 0.52059 
6.69 0.52059 
6.7 0.52059 
6.71 0.52059 
6.72 0.52059 
6.73 0.52059 
6.74 0.52059 
6.75 0.52059 
6.76 0.52059 
6.77 0.52059 
6.78 0.52059 
6.79 0.52059 
6.8 0.52059 
6.81 0.520591 
6.82 0.520591 
6.83 0.520591 
6.84 0.520591 
6.85 0.520591 
6.86 0.520591 
6.87 0.520591 
6.88 0.520591 
6.89 0.520591 
6.9 0.520591 
6.91 0.520591 
6.92 0.520591 
6.93 0.520591 
6.94 0.520591 
6.95 0.520591 
6.96 0.520591 
6.97 0.520592 
6.98 0.520592 
6.99 0.520592 
7 0.520592 
7.01 0.520592 
7.02 0.520592 
7.03 0.520592 
7.04 0.520592 
7.05 0.520592 
7.06 0.520592 
7.07 0.520592 
7.08 0.520592 
7.09 0.520592 
7.1 0.520592 
7.11 0.520592 
7.12 0.520592 
7.13 0.520592 
7.14 0.520592 
7.15 0.520592 
7.16 0.520592 
7.17 0.520593 
7.18 0.520593 
7.19 0.520593 
7.2 0.520593 
7.21 0.520593 
7.22 0.520593 
7.23 0.520593 
7.24 0.520593 
7.25 0.520593 
7.26 0.520593 
7.27 0.520593 
7.28 0.520593 
7.29 0.520593 
7.3 0.520593 
7.31 0.520593 
7.32 0.520593 
7.33 0.520593 
7.34 0.520593 
7.35 0.520593 
7.36 0.520593 
7.37 0.520593 
7.38 0.520593 
7.39 0.520593 
7.4 0.520593 
7.41 0.520593 
7.42 0.520593 
7.43 0.520593 
7.44 0.520593 
7.45 0.520593 
7.46 0.520593 
7.47 0.520593 
7.48 0.520594 
7.49 0.520594 
7.5 0.520594 
7.51 0.520594 
7.52 0.520594 
7.53 0.520594 
7.54 0.520594 
7.55 0.520594 
7.56 0.520594 
7.57 0.520594 
7.58 0.520594 
7.59 0.520594 
7.6 0.520594 
7.61 0.520594 
7.62 0.520594 
7.63 0.520594 
7.64 0.520594 
7.65 0.520594 
7.66 0.520594 
7.67 0.520594 
7.68 0.520594 
7.69 0.520594 
7.7 0.520594 
7.71 0.520594 
7.72 0.520594 
7.73 0.520594 
7.74 0.520594 
7.75 0.520594 
7.76 0.520594 
7.77 0.520594 
7.78 0.520594 
7.79 0.520594 
7.8 0.520594 
7.81 0.520594 
7.82 0.520594 
7.83 0.520594 
7.84 0.520594 
7.85 0.520594 
7.86 0.520594 
7.87 0.520594 
7.88 0.520594 
7.89 0.520594 
7.9 0.520594 
7.91 0.520594 
7.92 0.520594 
7.93 0.520594 
7.94 0.520594 
7.95 0.520594 
7.96 0.520594 
7.97 0.520594 
7.98 0.520594 
7.99 0.520594 
8 0.520594 
8.01 0.520594 
8.02 0.520594 
8.03 0.520594 
8.04 0.520594 
8.05 0.520594 
8.06 0.520594 
8.07 0.520594 
8.08 0.520594 
8.09 0.520594 
8.1 0.520595 
8.11 0.520595 
8.12 0.520595 
8.13 0.520595 
8.14 0.520595 
8.15 0.520595 
8.16 0.520595 
8.17 0.520595 
8.18 0.520595 
8.19 0.520595 
8.2 0.520595 
8.21 0.520595 
8.22 0.520595 
8.23 0.520595 
8.24 0.520595 
8.25 0.520595 
8.26 0.520595 
8.27 0.520595 
8.28 0.520595 
8.29 0.520595 
8.3 0.520595 
8.31 0.520595 
8.32 0.520595 
8.33 0.520595 
8.34 0.520595 
8.35 0.520595 
8.36 0.520595 
8.37 0.520595 
8.38 0.520595 
8.39 0.520595 
8.4 0.520595 
8.41 0.520595 
8.42 0.520595 
8.43 0.520595 
8.44 0.520595 
8.45 0.520595 
8.46 0.520595 
8.47 0.520595 
8.48 0.520595 
8.49 0.520595 
8.5 0.520595 
8.51 0.520595 
8.52 0.520595 
8.53 0.520595 
8.54 0.520595 
8.55 0.520595 
8.56 0.520595 
8.57 0.520595 
8.58 0.520595 
8.59 0.520595 
8.6 0.520595 
8.61 0.520595 
8.62 0.520595 
8.63 0.520595 
8.64 0.520595 
8.65 0.520595 
8.66 0.520595 
8.67 0.520595 
8.68 0.520595 
8.69 0.520595 
8.7 0.520595 
8.71 0.520595 
8.72 0.520595 
8.73 0.520595 
8.74 0.520595 
8.75 0.520595 
8.76 0.520595 
8.77 0.520595 
8.78 0.520595 
8.79 0.520595 
8.8 0.520595 
8.81 0.520595 
8.82 0.520595 
8.83 0.520595 
8.84 0.520595 
8.85 0.520595 
8.86 0.520595 
8.87 0.520595 
8.88 0.520595 
8.89 0.520595 
8.9 0.520595 
8.91 0.520595 
8.92 0.520595 
8.93 0.520595 
8.94 0.520595 
8.95 0.520595 
8.96 0.520595 
8.97 0.520595 
8.98 0.520595 
8.99 0.520595 
9 0.520595 
9.01 0.520595 
9.02 0.520595 
9.03 0.520595 
9.04 0.520595 
9.05 0.520595 
9.06 0.520595 
9.07 0.520595 
9.08 0.520595 
9.09 0.520595 
9.1 0.520595 
9.11 0.520595 
9.12 0.520595 
9.13 0.520595 
9.14 0.520595 
9.15 0.520595 
9.16 0.520595 
9.17 0.520595 
9.18 0.520595 
9.19 0.520595 
9.2 0.520595 
9.21 0.520595 
9.22 0.520595 
9.23 0.520595 
9.24 0.520595 
9.25 0.520595 
9.26 0.520595 
9.27 0.520595 
9.28 0.520595 
9.29 0.520595 
9.3 0.520595 
9.31 0.520595 
9.32 0.520595 
9.33 0.520595 
9.34 0.520595 
9.35 0.520595 
9.36 0.520595 
9.37 0.520595 
9.38 0.520595 
9.39 0.520595 
9.4 0.520595 
9.41 0.520595 
9.42 0.520595 
9.43 0.520595 
9.44 0.520595 
9.45 0.520595 
9.46 0.520595 
9.47 0.520595 
9.48 0.520595 
9.49 0.520595 
9.5 0.520595 
9.51 0.520595 
9.52 0.520595 
9.53 0.520595 
9.54 0.520595 
9.55 0.520595 
9.56 0.520595 
9.57 0.520595 
9.58 0.520595 
9.59 0.520595 
9.6 0.520595 
9.61 0.520595 
9.62 0.520595 
9.63 0.520595 
9.64 0.520595 
9.65 0.520595 
9.66 0.520595 
9.67 0.520595 
9.68 0.520595 
9.69 0.520595 
9.7 0.520595 
9.71 0.520595 
9.72 0.520595 
9.73 0.520595 
9.74 0.520595 
9.75 0.520595 
9.76 0.520595 
9.77 0.520595 
9.78 0.520595 
9.79 0.520595 
9.8 0.520595 
9.81 0.520595 
9.82 0.520595 
9.83 0.520595 
9.84 0.520595 
9.85 0.520595 
9.86 0.520595 
9.87 0.520595 
9.88 0.520595 
9.89 0.520595 
9.9 0.520595 
9.91 0.520595 
9.92 0.520595 
9.93 0.520595 
9.94 0.520595 
9.95 0.520595 
9.96 0.520595 
9.97 0.520595 
9.98 0.520595 
9.99 0.520595 
10 0.520595 
10.01 0.520595 
10.02 0.520595 
10.03 0.520595 
10.04 0.520595 
10.05 0.520595 
10.06 0.520595 
10.07 0.520595 
10.08 0.520595 
10.09 0.520595 
10.1 0.520595 
10.11 0.520595 
10.12 0.520595 
10.13 0.520595 
10.14 0.520595 
10.15 0.520595 
10.16 0.520595 
10.17 0.520595 
10.18 0.520595 
10.19 0.520595 
10.2 0.520595 
10.21 0.520595 
10.22 0.520595 
10.23 0.520595 
10.24 0.520595 
10.25 0.520595 
10.26 0.520595 
10.27 0.520595 
10.28 0.520595 
10.29 0.520595 
10.3 0.520595 
10.31 0.520595 
10.32 0.520595 
10.33 0.520595 
10.34 0.520595 
10.35 0.520595 
10.36 0.520595 
10.37 0.520595 
10.38 0.520595 
10.39 0.520595 
10.4 0.520595 
10.41 0.520595 
10.42 0.520595 
10.43 0.520595 
10.44 0.520595 
10.45 0.520595 
10.46 0.520595 
10.47 0.520595 
10.48 0.520595 
10.49 0.520595 
10.5 0.520595 
10.51 0.520595 
10.52 0.520595 
10.53 0.520595 
10.54 0.520595 
10.55 0.520595 
10.56 0.520595 
10.57 0.520595 
10.58 0.520595 
10.59 0.520595 
10.6 0.520595 
10.61 0.520595 
10.62 0.520595 
10.63 0.520595 
10.64 0.520595 
10.65 0.520595 
10.66 0.520595 
10.67 0.520595 
10.68 0.520595 
10.69 0.520595 
10.7 0.520595 
10.71 0.520595 
10.72 0.520595 
10.73 0.520595 
10.74 0.520595 
10.75 0.520595 
10.76 0.520595 
10.77 0.520595 
10.78 0.520595 
10.79 0.520595 
10.8 0.520595 
10.81 0.520595 
10.82 0.520595 
10.83 0.520595 
10.84 0.520595 
10.85 0.520595 
10.86 0.520595 
10.87 0.520595 
10.88 0.520595 
10.89 0.520595 
10.9 0.520595 
10.91 0.520595 
10.92 0.520595 
10.93 0.520595 
10.94 0.520595 
10.95 0.520595 
10.96 0.520595 
10.97 0.520595 
10.98 0.520595 
10.99 0.520595 
11 0.520595 
11.01 0.520595 
11.02 0.520595 
11.03 0.520595 
11.04 0.520595 
11.05 0.520595 
11.06 0.520595 
11.07 0.520595 
11.08 0.520595 
11.09 0.520595 
11.1 0.520595 
11.11 0.520595 
11.12 0.520595 
11.13 0.520595 
11.14 0.520595 
11.15 0.520595 
11.16 0.520595 
11.17 0.520595 
11.18 0.520595 
11.19 0.520595 
11.2 0.520595 
11.21 0.520595 
11.22 0.520595 
11.23 0.520595 
11.24 0.520595 
11.25 0.520595 
11.26 0.520595 
11.27 0.520595 
11.28 0.520595 
11.29 0.520595 
11.3 0.520595 
11.31 0.520595 
11.32 0.520595 
11.33 0.520595 
11.34 0.520595 
11.35 0.520595 
11.36 0.520595 
11.37 0.520595 
11.38 0.520595 
11.39 0.520595 
11.4 0.520595 
11.41 0.520595 
11.42 0.520595 
11.43 0.520595 
11.44 0.520595 
11.45 0.520595 
11.46 0.520595 
11.47 0.520595 
11.48 0.520595 
11.49 0.520595 
11.5 0.520595 
11.51 0.520595 
11.52 0.520595 
11.53 0.520595 
11.54 0.520595 
11.55 0.520595 
11.56 0.520595 
11.57 0.520595 
11.58 0.520595 
11.59 0.520595 
11.6 0.520595 
11.61 0.520595 
11.62 0.520595 
11.63 0.520595 
11.64 0.520595 
11.65 0.520595 
11.66 0.520595 
11.67 0.520595 
11.68 0.520595 
11.69 0.520595 
11.7 0.520595 
11.71 0.520595 
11.72 0.520595 
11.73 0.520595 
11.74 0.520595 
11.75 0.520595 
11.76 0.520595 
11.77 0.520595 
11.78 0.520595 
11.79 0.520595 
11.8 0.520595 
11.81 0.520595 
11.82 0.520595 
11.83 0.520595 
11.84 0.520595 
11.85 0.520595 
11.86 0.520595 
11.87 0.520595 
11.88 0.520595 
11.89 0.520595 
11.9 0.520595 
11.91 0.520595 
11.92 0.520595 
11.93 0.520595 
11.94 0.520595 
11.95 0.520595 
11.96 0.520595 
11.97 0.520595 
11.98 0.520595 
11.99 0.520595 
12 0.520595 
12.01 0.520595 
12.02 0.520595 
12.03 0.520595 
12.04 0.520595 
12.05 0.520595 
12.06 0.520595 
12.07 0.520595 
12.08 0.520595 
12.09 0.520595 
12.1 0.520595 
12.11 0.520595 
12.12 0.520595 
12.13 0.520595 
12.14 0.520595 
12.15 0.520595 
12.16 0.520595 
12.17 0.520595 
12.18 0.520595 
12.19 0.520595 
12.2 0.520595 
12.21 0.520595 
12.22 0.520595 
12.23 0.520595 
12.24 0.520595 
12.25 0.520595 
12.26 0.520595 
12.27 0.520595 
12.28 0.520595 
12.29 0.520595 
12.3 0.520595 
12.31 0.520595 
12.32 0.520595 
12.33 0.520595 
12.34 0.520595 
12.35 0.520595 
12.36 0.520595 
12.37 0.520595 
12.38 0.520595 
12.39 0.520595 
12.4 0.520595 
12.41 0.520595 
12.42 0.520595 
12.43 0.520595 
12.44 0.520595 
12.45 0.520595 
12.46 0.520595 
12.47 0.520595 
12.48 0.520595 
12.49 0.520595 
12.5 0.520595 
12.51 0.520595 
12.52 0.520595 
12.53 0.520595 
12.54 0.520595 
12.55 0.520595 
12.56 0.520595 
12.57 0.520595 
12.58 0.520595 
12.59 0.520595 
12.6 0.520595 
12.61 0.520595 
12.62 0.520595 
12.63 0.520595 
12.64 0.520595 
12.65 0.520595 
12.66 0.520595 
12.67 0.520595 
12.68 0.520595 
12.69 0.520595 
12.7 0.520595 
12.71 0.520595 
12.72 0.520595 
12.73 0.520595 
12.74 0.520595 
12.75 0.520595 
12.76 0.520595 
12.77 0.520595 
12.78 0.520595 
12.79 0.520595 
12.8 0.520595 
12.81 0.520595 
12.82 0.520595 
12.83 0.520595 
12.84 0.520595 
12.85 0.520595 
12.86 0.520595 
12.87 0.520595 
12.88 0.520595 
12.89 0.520595 
12.9 0.520595 
12.91 0.520595 
12.92 0.520595 
12.93 0.520595 
12.94 0.520595 
12.95 0.520595 
12.96 0.520595 
12.97 0.520595 
12.98 0.520595 
12.99 0.520595 
13 0.520595 
13.01 0.520595 
13.02 0.520595 
13.03 0.520595 
13.04 0.520595 
13.05 0.520595 
13.06 0.520595 
13.07 0.520595 
13.08 0.520595 
13.09 0.520595 
13.1 0.520595 
13.11 0.520595 
13.12 0.520595 
13.13 0.520595 
13.14 0.520595 
13.15 0.520595 
13.16 0.520595 
13.17 0.520595 
13.18 0.520595 
13.19 0.520595 
13.2 0.520595 
13.21 0.520595 
13.22 0.520595 
13.23 0.520595 
13.24 0.520595 
13.25 0.520595 
13.26 0.520595 
13.27 0.520595 
13.28 0.520595 
13.29 0.520595 
13.3 0.520595 
13.31 0.520595 
13.32 0.520595 
13.33 0.520595 
13.34 0.520595 
13.35 0.520595 
13.36 0.520595 
13.37 0.520595 
13.38 0.520595 
13.39 0.520595 
13.4 0.520595 
13.41 0.520595 
13.42 0.520595 
13.43 0.520595 
13.44 0.520595 
13.45 0.520595 
13.46 0.520595 
13.47 0.520595 
13.48 0.520595 
13.49 0.520595 
13.5 0.520595 
13.51 0.520595 
13.52 0.520595 
13.53 0.520595 
13.54 0.520595 
13.55 0.520595 
13.56 0.520595 
13.57 0.520595 
13.58 0.520595 
13.59 0.520595 
13.6 0.520595 
13.61 0.520595 
13.62 0.520595 
13.63 0.520595 
13.64 0.520595 
13.65 0.520595 
13.66 0.520595 
13.67 0.520595 
13.68 0.520595 
13.69 0.520595 
13.7 0.520595 
13.71 0.520595 
13.72 0.520595 
13.73 0.520595 
13.74 0.520595 
13.75 0.520595 
13.76 0.520595 
13.77 0.520595 
13.78 0.520595 
13.79 0.520595 
13.8 0.520595 
13.81 0.520595 
13.82 0.520595 
13.83 0.520595 
13.84 0.520595 
13.85 0.520595 
13.86 0.520595 
13.87 0.520595 
13.88 0.520595 
13.89 0.520595 
13.9 0.520595 
13.91 0.520595 
13.92 0.520595 
13.93 0.520595 
13.94 0.520595 
13.95 0.520595 
13.96 0.520595 
13.97 0.520595 
13.98 0.520595 
13.99 0.520595 
14 0.520595 
14.01 0.520595 
14.02 0.520595 
14.03 0.520595 
14.04 0.520595 
14.05 0.520595 
14.06 0.520595 
14.07 0.520595 
14.08 0.520595 
14.09 0.520595 
14.1 0.520595 
14.11 0.520595 
14.12 0.520595 
14.13 0.520595 
14.14 0.520595 
14.15 0.520595 
14.16 0.520595 
14.17 0.520595 
14.18 0.520595 
14.19 0.520595 
14.2 0.520595 
14.21 0.520595 
14.22 0.520595 
14.23 0.520595 
14.24 0.520595 
14.25 0.520595 
14.26 0.520595 
14.27 0.520595 
14.28 0.520595 
14.29 0.520595 
14.3 0.520595 
14.31 0.520595 
14.32 0.520595 
14.33 0.520595 
14.34 0.520595 
14.35 0.520595 
14.36 0.520595 
14.37 0.520595 
14.38 0.520595 
14.39 0.520595 
14.4 0.520595 
14.41 0.520595 
14.42 0.520595 
14.43 0.520595 
14.44 0.520595 
14.45 0.520595 
14.46 0.520595 
14.47 0.520595 
14.48 0.520595 
14.49 0.520595 
14.5 0.520595 
14.51 0.520595 
14.52 0.520595 
14.53 0.520595 
14.54 0.520595 
14.55 0.520595 
14.56 0.520595 
14.57 0.520595 
14.58 0.520595 
14.59 0.520595 
14.6 0.520595 
14.61 0.520595 
14.62 0.520595 
14.63 0.520595 
14.64 0.520595 
14.65 0.520595 
14.66 0.520595 
14.67 0.520595 
14.68 0.520595 
14.69 0.520595 
14.7 0.520595 
14.71 0.520595 
14.72 0.520595 
14.73 0.520595 
14.74 0.520595 
14.75 0.520595 
14.76 0.520595 
14.77 0.520595 
14.78 0.520595 
14.79 0.520595 
14.8 0.520595 
14.81 0.520595 
14.82 0.520595 
14.83 0.520595 
14.84 0.520595 
14.85 0.520595 
14.86 0.520595 
14.87 0.520595 
14.88 0.520595 
14.89 0.520595 
14.9 0.520595 
14.91 0.520595 
14.92 0.520595 
14.93 0.520595 
14.94 0.520595 
14.95 0.520595 
14.96 0.520595 
14.97 0.520595 
14.98 0.520595 
14.99 0.520595 
15 0.520595 
15.01 0.520595 
15.02 0.520595 
15.03 0.520595 
15.04 0.520595 
15.05 0.520595 
15.06 0.520595 
15.07 0.520595 
15.08 0.520595 
15.09 0.520595 
15.1 0.520595 
15.11 0.520595 
15.12 0.520595 
15.13 0.520595 
15.14 0.520595 
15.15 0.520595 
15.16 0.520595 
15.17 0.520595 
15.18 0.520595 
15.19 0.520595 
15.2 0.520595 
15.21 0.520595 
15.22 0.520595 
15.23 0.520595 
15.24 0.520595 
15.25 0.520595 
15.26 0.520595 
15.27 0.520595 
15.28 0.520595 
15.29 0.520595 
15.3 0.520595 
15.31 0.520595 
15.32 0.520595 
15.33 0.520595 
15.34 0.520595 
15.35 0.520595 
15.36 0.520595 
15.37 0.520595 
15.38 0.520595 
15.39 0.520595 
15.4 0.520595 
15.41 0.520595 
15.42 0.520595 
15.43 0.520595 
15.44 0.520595 
15.45 0.520595 
15.46 0.520595 
15.47 0.520595 
15.48 0.520595 
15.49 0.520595 
15.5 0.520595 
15.51 0.520595 
15.52 0.520595 
15.53 0.520595 
15.54 0.520595 
15.55 0.520595 
15.56 0.520595 
15.57 0.520595 
15.58 0.520595 
15.59 0.520595 
15.6 0.520595 
15.61 0.520595 
15.62 0.520595 
15.63 0.520595 
15.64 0.520595 
15.65 0.520595 
15.66 0.520595 
15.67 0.520595 
15.68 0.520595 
15.69 0.520595 
15.7 0.520595 
15.71 0.520595 
15.72 0.520595 
15.73 0.520595 
15.74 0.520595 
15.75 0.520595 
15.76 0.520595 
15.77 0.520595 
15.78 0.520595 
15.79 0.520595 
15.8 0.520595 
15.81 0.520595 
15.82 0.520595 
15.83 0.520595 
15.84 0.520595 
15.85 0.520595 
15.86 0.520595 
15.87 0.520595 
15.88 0.520595 
15.89 0.520595 
15.9 0.520595 
15.91 0.520595 
15.92 0.520595 
15.93 0.520595 
15.94 0.520595 
15.95 0.520595 
15.96 0.520595 
15.97 0.520595 
15.98 0.520595 
15.99 0.520595 
16 0.520595 
16.01 0.520595 
16.02 0.520595 
16.03 0.520595 
16.04 0.520595 
16.05 0.520595 
16.06 0.520595 
16.07 0.520595 
16.08 0.520595 
16.09 0.520595 
16.1 0.520595 
16.11 0.520595 
16.12 0.520595 
16.13 0.520595 
16.14 0.520595 
16.15 0.520595 
16.16 0.520595 
16.17 0.520595 
16.18 0.520595 
16.19 0.520595 
16.2 0.520595 
16.21 0.520595 
16.22 0.520595 
16.23 0.520595 
16.24 0.520595 
16.25 0.520595 
16.26 0.520595 
16.27 0.520595 
16.28 0.520595 
16.29 0.520595 
16.3 0.520595 
16.31 0.520595 
16.32 0.520595 
16.33 0.520595 
16.34 0.520595 
16.35 0.520595 
16.36 0.520595 
16.37 0.520595 
16.38 0.520595 
16.39 0.520595 
16.4 0.520595 
16.41 0.520595 
16.42 0.520595 
16.43 0.520595 
16.44 0.520595 
16.45 0.520595 
16.46 0.520595 
16.47 0.520595 
16.48 0.520595 
16.49 0.520595 
16.5 0.520595 
16.51 0.520595 
16.52 0.520595 
16.53 0.520595 
16.54 0.520595 
16.55 0.520595 
16.56 0.520595 
16.57 0.520595 
16.58 0.520595 
16.59 0.520595 
16.6 0.520595 
16.61 0.520595 
16.62 0.520595 
16.63 0.520595 
16.64 0.520595 
16.65 0.520595 
16.66 0.520595 
16.67 0.520595 
16.68 0.520595 
16.69 0.520595 
16.7 0.520595 
16.71 0.520595 
16.72 0.520595 
16.73 0.520595 
16.74 0.520595 
16.75 0.520595 
16.76 0.520595 
16.77 0.520595 
16.78 0.520595 
16.79 0.520595 
16.8 0.520595 
16.81 0.520595 
16.82 0.520595 
16.83 0.520595 
16.84 0.520595 
16.85 0.520595 
16.86 0.520595 
16.87 0.520595 
16.88 0.520595 
16.89 0.520595 
16.9 0.520595 
16.91 0.520595 
16.92 0.520595 
16.93 0.520595 
16.94 0.520595 
16.95 0.520595 
16.96 0.520595 
16.97 0.520595 
16.98 0.520595 
16.99 0.520595 
17 0.520595 
17.01 0.520595 
17.02 0.520595 
17.03 0.520595 
17.04 0.520595 
17.05 0.520595 
17.06 0.520595 
17.07 0.520595 
17.08 0.520595 
17.09 0.520595 
17.1 0.520595 
17.11 0.520595 
17.12 0.520595 
17.13 0.520595 
17.14 0.520595 
17.15 0.520595 
17.16 0.520595 
17.17 0.520595 
17.18 0.520595 
17.19 0.520595 
17.2 0.520595 
17.21 0.520595 
17.22 0.520595 
17.23 0.520595 
17.24 0.520595 
17.25 0.520595 
17.26 0.520595 
17.27 0.520595 
17.28 0.520595 
17.29 0.520595 
17.3 0.520595 
17.31 0.520595 
17.32 0.520595 
17.33 0.520595 
17.34 0.520595 
17.35 0.520595 
17.36 0.520595 
17.37 0.520595 
17.38 0.520595 
17.39 0.520595 
17.4 0.520595 
17.41 0.520595 
17.42 0.520595 
17.43 0.520595 
17.44 0.520595 
17.45 0.520595 
17.46 0.520595 
17.47 0.520595 
17.48 0.520595 
17.49 0.520595 
17.5 0.520595 
17.51 0.520595 
17.52 0.520595 
17.53 0.520595 
17.54 0.520595 
17.55 0.520595 
17.56 0.520595 
17.57 0.520595 
17.58 0.520595 
17.59 0.520595 
17.6 0.520595 
17.61 0.520595 
17.62 0.520595 
17.63 0.520595 
17.64 0.520595 
17.65 0.520595 
17.66 0.520595 
17.67 0.520595 
17.68 0.520595 
17.69 0.520595 
17.7 0.520595 
17.71 0.520595 
17.72 0.520595 
17.73 0.520595 
17.74 0.520595 
17.75 0.520595 
17.76 0.520595 
17.77 0.520595 
17.78 0.520595 
17.79 0.520595 
17.8 0.520595 
17.81 0.520595 
17.82 0.520595 
17.83 0.520595 
17.84 0.520595 
17.85 0.520595 
17.86 0.520595 
17.87 0.520595 
17.88 0.520595 
17.89 0.520595 
17.9 0.520595 
17.91 0.520595 
17.92 0.520595 
17.93 0.520595 
17.94 0.520595 
17.95 0.520595 
17.96 0.520595 
17.97 0.520595 
17.98 0.520595 
17.99 0.520595 
18 0.520595 
18.01 0.520595 
18.02 0.520595 
18.03 0.520595 
18.04 0.520595 
18.05 0.520595 
18.06 0.520595 
18.07 0.520595 
18.08 0.520595 
18.09 0.520595 
18.1 0.520595 
18.11 0.520595 
18.12 0.520595 
18.13 0.520595 
18.14 0.520595 
18.15 0.520595 
18.16 0.520595 
18.17 0.520595 
18.18 0.520595 
18.19 0.520595 
18.2 0.520595 
18.21 0.520595 
18.22 0.520595 
18.23 0.520595 
18.24 0.520595 
18.25 0.520595 
18.26 0.520595 
18.27 0.520595 
18.28 0.520595 
18.29 0.520595 
18.3 0.520595 
18.31 0.520595 
18.32 0.520595 
18.33 0.520595 
18.34 0.520595 
18.35 0.520595 
18.36 0.520595 
18.37 0.520595 
18.38 0.520595 
18.39 0.520595 
18.4 0.520595 
18.41 0.520595 
18.42 0.520595 
18.43 0.520595 
18.44 0.520595 
18.45 0.520595 
18.46 0.520595 
18.47 0.520595 
18.48 0.520595 
18.49 0.520595 
18.5 0.520595 
18.51 0.520595 
18.52 0.520595 
18.53 0.520595 
18.54 0.520595 
18.55 0.520595 
18.56 0.520595 
18.57 0.520595 
18.58 0.520595 
18.59 0.520595 
18.6 0.520595 
18.61 0.520595 
18.62 0.520595 
18.63 0.520595 
18.64 0.520595 
18.65 0.520595 
18.66 0.520595 
18.67 0.520595 
18.68 0.520595 
18.69 0.520595 
18.7 0.520595 
18.71 0.520595 
18.72 0.520595 
18.73 0.520595 
18.74 0.520595 
18.75 0.520595 
18.76 0.520595 
18.77 0.520595 
18.78 0.520595 
18.79 0.520595 
18.8 0.520595 
18.81 0.520595 
18.82 0.520595 
18.83 0.520595 
18.84 0.520595 
18.85 0.520595 
18.86 0.520595 
18.87 0.520595 
18.88 0.520595 
18.89 0.520595 
18.9 0.520595 
18.91 0.520595 
18.92 0.520595 
18.93 0.520595 
18.94 0.520595 
18.95 0.520595 
18.96 0.520595 
18.97 0.520595 
18.98 0.520595 
18.99 0.520595 
19 0.520595 
19.01 0.520595 
19.02 0.520595 
19.03 0.520595 
19.04 0.520595 
19.05 0.520595 
19.06 0.520595 
19.07 0.520595 
19.08 0.520595 
19.09 0.520595 
19.1 0.520595 
19.11 0.520595 
19.12 0.520595 
19.13 0.520595 
19.14 0.520595 
19.15 0.520595 
19.16 0.520595 
19.17 0.520595 
19.18 0.520595 
19.19 0.520595 
19.2 0.520595 
19.21 0.520595 
19.22 0.520595 
19.23 0.520595 
19.24 0.520595 
19.25 0.520595 
19.26 0.520595 
19.27 0.520595 
19.28 0.520595 
19.29 0.520595 
19.3 0.520595 
19.31 0.520595 
19.32 0.520595 
19.33 0.520595 
19.34 0.520595 
19.35 0.520595 
19.36 0.520595 
19.37 0.520595 
19.38 0.520595 
19.39 0.520595 
19.4 0.520595 
19.41 0.520595 
19.42 0.520595 
19.43 0.520595 
19.44 0.520595 
19.45 0.520595 
19.46 0.520595 
19.47 0.520595 
19.48 0.520595 
19.49 0.520595 
19.5 0.520595 
19.51 0.520595 
19.52 0.520595 
19.53 0.520595 
19.54 0.520595 
19.55 0.520595 
19.56 0.520595 
19.57 0.520595 
19.58 0.520595 
19.59 0.520595 
19.6 0.520595 
19.61 0.520595 
19.62 0.520595 
19.63 0.520595 
19.64 0.520595 
19.65 0.520595 
19.66 0.520595 
19.67 0.520595 
19.68 0.520595 
19.69 0.520595 
19.7 0.520595 
19.71 0.520595 
19.72 0.520595 
19.73 0.520595 
19.74 0.520595 
19.75 0.520595 
19.76 0.520595 
19.77 0.520595 
19.78 0.520595 
19.79 0.520595 
19.8 0.520595 
19.81 0.520595 
19.82 0.520595 
19.83 0.520595 
19.84 0.520595 
19.85 0.520595 
19.86 0.520595 
19.87 0.520595 
19.88 0.520595 
19.89 0.520595 
19.9 0.520595 
19.91 0.520595 
19.92 0.520595 
19.93 0.520595 
19.94 0.520595 
19.95 0.520595 
19.96 0.520595 
19.97 0.520595 
19.98 0.520595 
19.99 0.520595 
20 0.520595 
20.01 0.520595 
20.02 0.520595 
20.03 0.520595 
20.04 0.520595 
20.05 0.520595 
20.06 0.520595 
20.07 0.520595 
20.08 0.520595 
20.09 0.520595 
20.1 0.520595 
20.11 0.520595 
20.12 0.520595 
20.13 0.520595 
20.14 0.520595 
20.15 0.520595 
20.16 0.520595 
20.17 0.520595 
20.18 0.520595 
20.19 0.520595 
20.2 0.520595 
20.21 0.520595 
20.22 0.520595 
20.23 0.520595 
20.24 0.520595 
20.25 0.520595 
20.26 0.520595 
20.27 0.520595 
20.28 0.520595 
20.29 0.520595 
20.3 0.520595 
20.31 0.520595 
20.32 0.520595 
20.33 0.520595 
20.34 0.520595 
20.35 0.520595 
20.36 0.520595 
20.37 0.520595 
20.38 0.520595 
20.39 0.520595 
20.4 0.520595 
20.41 0.520595 
20.42 0.520595 
20.43 0.520595 
20.44 0.520595 
20.45 0.520595 
20.46 0.520595 
20.47 0.520595 
20.48 0.520595 
20.49 0.520595 
20.5 0.520595 
20.51 0.520595 
20.52 0.520595 
20.53 0.520595 
20.54 0.520595 
20.55 0.520595 
20.56 0.520595 
20.57 0.520595 
20.58 0.520595 
20.59 0.520595 
20.6 0.520595 
20.61 0.520595 
20.62 0.520595 
20.63 0.520595 
20.64 0.520595 
20.65 0.520595 
20.66 0.520595 
20.67 0.520595 
20.68 0.520595 
20.69 0.520595 
20.7 0.520595 
20.71 0.520595 
20.72 0.520595 
20.73 0.520595 
20.74 0.520595 
20.75 0.520595 
20.76 0.520595 
20.77 0.520595 
20.78 0.520595 
20.79 0.520595 
20.8 0.520595 
20.81 0.520595 
20.82 0.520595 
20.83 0.520595 
20.84 0.520595 
20.85 0.520595 
20.86 0.520595 
20.87 0.520595 
20.88 0.520595 
20.89 0.520595 
20.9 0.520595 
20.91 0.520595 
20.92 0.520595 
20.93 0.520595 
20.94 0.520595 
20.95 0.520595 
20.96 0.520595 
20.97 0.520595 
20.98 0.520595 
20.99 0.520595 
21 0.520595 
21.01 0.520595 
21.02 0.520595 
21.03 0.520595 
21.04 0.520595 
21.05 0.520595 
21.06 0.520595 
21.07 0.520595 
21.08 0.520595 
21.09 0.520595 
21.1 0.520595 
21.11 0.520595 
21.12 0.520595 
21.13 0.520595 
21.14 0.520595 
21.15 0.520595 
21.16 0.520595 
21.17 0.520595 
21.18 0.520595 
21.19 0.520595 
21.2 0.520595 
21.21 0.520595 
21.22 0.520595 
21.23 0.520595 
21.24 0.520595 
21.25 0.520595 
21.26 0.520595 
21.27 0.520595 
21.28 0.520595 
21.29 0.520595 
21.3 0.520595 
21.31 0.520595 
21.32 0.520595 
21.33 0.520595 
21.34 0.520595 
21.35 0.520595 
21.36 0.520595 
21.37 0.520595 
21.38 0.520595 
21.39 0.520595 
21.4 0.520595 
21.41 0.520595 
21.42 0.520595 
21.43 0.520595 
21.44 0.520595 
21.45 0.520595 
21.46 0.520595 
21.47 0.520595 
21.48 0.520595 
21.49 0.520595 
21.5 0.520595 
21.51 0.520595 
21.52 0.520595 
21.53 0.520595 
21.54 0.520595 
21.55 0.520595 
21.56 0.520595 
21.57 0.520595 
21.58 0.520595 
21.59 0.520595 
21.6 0.520595 
21.61 0.520595 
21.62 0.520595 
21.63 0.520595 
21.64 0.520595 
21.65 0.520595 
21.66 0.520595 
21.67 0.520595 
21.68 0.520595 
21.69 0.520595 
21.7 0.520595 
21.71 0.520595 
21.72 0.520595 
21.73 0.520595 
21.74 0.520595 
21.75 0.520595 
21.76 0.520595 
21.77 0.520595 
21.78 0.520595 
21.79 0.520595 
21.8 0.520595 
21.81 0.520595 
21.82 0.520595 
21.83 0.520595 
21.84 0.520595 
21.85 0.520595 
21.86 0.520595 
21.87 0.520595 
21.88 0.520595 
21.89 0.520595 
21.9 0.520595 
21.91 0.520595 
21.92 0.520595 
21.93 0.520595 
21.94 0.520595 
21.95 0.520595 
21.96 0.520595 
21.97 0.520595 
21.98 0.520595 
21.99 0.520595 
22 0.520595 
22.01 0.520595 
22.02 0.520595 
22.03 0.520595 
22.04 0.520595 
22.05 0.520595 
22.06 0.520595 
22.07 0.520595 
22.08 0.520595 
22.09 0.520595 
22.1 0.520595 
22.11 0.520595 
22.12 0.520595 
22.13 0.520595 
22.14 0.520595 
22.15 0.520595 
22.16 0.520595 
22.17 0.520595 
22.18 0.520595 
22.19 0.520595 
22.2 0.520595 
22.21 0.520595 
22.22 0.520595 
22.23 0.520595 
22.24 0.520595 
22.25 0.520595 
22.26 0.520595 
22.27 0.520595 
22.28 0.520595 
22.29 0.520595 
22.3 0.520595 
22.31 0.520595 
22.32 0.520595 
22.33 0.520595 
22.34 0.520595 
22.35 0.520595 
22.36 0.520595 
22.37 0.520595 
22.38 0.520595 
22.39 0.520595 
22.4 0.520595 
22.41 0.520595 
22.42 0.520595 
22.43 0.520595 
22.44 0.520595 
22.45 0.520595 
22.46 0.520595 
22.47 0.520595 
22.48 0.520595 
22.49 0.520595 
22.5 0.520595 
22.51 0.520595 
22.52 0.520595 
22.53 0.520595 
22.54 0.520595 
22.55 0.520595 
22.56 0.520595 
22.57 0.520595 
22.58 0.520595 
22.59 0.520595 
22.6 0.520595 
22.61 0.520595 
22.62 0.520595 
22.63 0.520595 
22.64 0.520595 
22.65 0.520595 
22.66 0.520595 
22.67 0.520595 
22.68 0.520595 
22.69 0.520595 
22.7 0.520595 
22.71 0.520595 
22.72 0.520595 
22.73 0.520595 
22.74 0.520595 
22.75 0.520595 
22.76 0.520595 
22.77 0.520595 
22.78 0.520595 
22.79 0.520595 
22.8 0.520595 
22.81 0.520595 
22.82 0.520595 
22.83 0.520595 
22.84 0.520595 
22.85 0.520595 
22.86 0.520595 
22.87 0.520595 
22.88 0.520595 
22.89 0.520595 
22.9 0.520595 
22.91 0.520595 
22.92 0.520595 
22.93 0.520595 
22.94 0.520595 
22.95 0.520595 
22.96 0.520595 
22.97 0.520595 
22.98 0.520595 
22.99 0.520595 
23 0.520595 
23.01 0.520595 
23.02 0.520595 
23.03 0.520595 
23.04 0.520595 
23.05 0.520595 
23.06 0.520595 
23.07 0.520595 
23.08 0.520595 
23.09 0.520595 
23.1 0.520595 
23.11 0.520595 
23.12 0.520595 
23.13 0.520595 
23.14 0.520595 
23.15 0.520595 
23.16 0.520595 
23.17 0.520595 
23.18 0.520595 
23.19 0.520595 
23.2 0.520595 
23.21 0.520595 
23.22 0.520595 
23.23 0.520595 
23.24 0.520595 
23.25 0.520595 
23.26 0.520595 
23.27 0.520595 
23.28 0.520595 
23.29 0.520595 
23.3 0.520595 
23.31 0.520595 
23.32 0.520595 
23.33 0.520595 
23.34 0.520595 
23.35 0.520595 
23.36 0.520595 
23.37 0.520595 
23.38 0.520595 
23.39 0.520595 
23.4 0.520595 
23.41 0.520595 
23.42 0.520595 
23.43 0.520595 
23.44 0.520595 
23.45 0.520595 
23.46 0.520595 
23.47 0.520595 
23.48 0.520595 
23.49 0.520595 
23.5 0.520595 
23.51 0.520595 
23.52 0.520595 
23.53 0.520595 
23.54 0.520595 
23.55 0.520595 
23.56 0.520595 
23.57 0.520595 
23.58 0.520595 
23.59 0.520595 
23.6 0.520595 
23.61 0.520595 
23.62 0.520595 
23.63 0.520595 
23.64 0.520595 
23.65 0.520595 
23.66 0.520595 
23.67 0.520595 
23.68 0.520595 
23.69 0.520595 
23.7 0.520595 
23.71 0.520595 
23.72 0.520595 
23.73 0.520595 
23.74 0.520595 
23.75 0.520595 
23.76 0.520595 
23.77 0.520595 
23.78 0.520595 
23.79 0.520595 
23.8 0.520595 
23.81 0.520595 
23.82 0.520595 
23.83 0.520595 
23.84 0.520595 
23.85 0.520595 
23.86 0.520595 
23.87 0.520595 
23.88 0.520595 
23.89 0.520595 
23.9 0.520595 
23.91 0.520595 
23.92 0.520595 
23.93 0.520595 
23.94 0.520595 
23.95 0.520595 
23.96 0.520595 
23.97 0.520595 
23.98 0.520595 
23.99 0.520595 
24 0.520595 
24.01 0.520595 
24.02 0.520595 
24.03 0.520595 
24.04 0.520595 
24.05 0.520595 
24.06 0.520595 
24.07 0.520595 
24.08 0.520595 
24.09 0.520595 
24.1 0.520595 
24.11 0.520595 
24.12 0.520595 
24.13 0.520595 
24.14 0.520595 
24.15 0.520595 
24.16 0.520595 
24.17 0.520595 
24.18 0.520595 
24.19 0.520595 
24.2 0.520595 
24.21 0.520595 
24.22 0.520595 
24.23 0.520595 
24.24 0.520595 
24.25 0.520595 
24.26 0.520595 
24.27 0.520595 
24.28 0.520595 
24.29 0.520595 
24.3 0.520595 
24.31 0.520595 
24.32 0.520595 
24.33 0.520595 
24.34 0.520595 
24.35 0.520595 
24.36 0.520595 
24.37 0.520595 
24.38 0.520595 
24.39 0.520595 
24.4 0.520595 
24.41 0.520595 
24.42 0.520595 
24.43 0.520595 
24.44 0.520595 
24.45 0.520595 
24.46 0.520595 
24.47 0.520595 
24.48 0.520595 
24.49 0.520595 
24.5 0.520595 
24.51 0.520595 
24.52 0.520595 
24.53 0.520595 
24.54 0.520595 
24.55 0.520595 
24.56 0.520595 
24.57 0.520595 
24.58 0.520595 
24.59 0.520595 
24.6 0.520595 
24.61 0.520595 
24.62 0.520595 
24.63 0.520595 
24.64 0.520595 
24.65 0.520595 
24.66 0.520595 
24.67 0.520595 
24.68 0.520595 
24.69 0.520595 
24.7 0.520595 
24.71 0.520595 
24.72 0.520595 
24.73 0.520595 
24.74 0.520595 
24.75 0.520595 
24.76 0.520595 
24.77 0.520595 
24.78 0.520595 
24.79 0.520595 
24.8 0.520595 
24.81 0.520595 
24.82 0.520595 
24.83 0.520595 
24.84 0.520595 
24.85 0.520595 
24.86 0.520595 
24.87 0.520595 
24.88 0.520595 
24.89 0.520595 
24.9 0.520595 
24.91 0.520595 
24.92 0.520595 
24.93 0.520595 
24.94 0.520595 
24.95 0.520595 
24.96 0.520595 
24.97 0.520595 
24.98 0.520595 
24.99 0.520595 
25 0.520595 
25.01 0.520595 
25.02 0.520595 
25.03 0.520595 
25.04 0.520595 
25.05 0.520595 
25.06 0.520595 
25.07 0.520595 
25.08 0.520595 
25.09 0.520595 
25.1 0.520595 
25.11 0.520595 
25.12 0.520595 
25.13 0.520595 
25.14 0.520595 
25.15 0.520595 
25.16 0.520595 
25.17 0.520595 
25.18 0.520595 
25.19 0.520595 
25.2 0.520595 
25.21 0.520595 
25.22 0.520595 
25.23 0.520595 
25.24 0.520595 
25.25 0.520595 
25.26 0.520595 
25.27 0.520595 
25.28 0.520595 
25.29 0.520595 
25.3 0.520595 
25.31 0.520595 
25.32 0.520595 
25.33 0.520595 
25.34 0.520595 
25.35 0.520595 
25.36 0.520595 
25.37 0.520595 
25.38 0.520595 
25.39 0.520595 
25.4 0.520595 
25.41 0.520595 
25.42 0.520595 
25.43 0.520595 
25.44 0.520595 
25.45 0.520595 
25.46 0.520595 
25.47 0.520595 
25.48 0.520595 
25.49 0.520595 
25.5 0.520595 
25.51 0.520595 
25.52 0.520595 
25.53 0.520595 
25.54 0.520595 
25.55 0.520595 
25.56 0.520595 
25.57 0.520595 
25.58 0.520595 
25.59 0.520595 
25.6 0.520595 
25.61 0.520595 
25.62 0.520595 
25.63 0.520595 
25.64 0.520595 
25.65 0.520595 
25.66 0.520595 
25.67 0.520595 
25.68 0.520595 
25.69 0.520595 
25.7 0.520595 
25.71 0.520595 
25.72 0.520595 
25.73 0.520595 
25.74 0.520595 
25.75 0.520595 
25.76 0.520595 
25.77 0.520595 
25.78 0.520595 
25.79 0.520595 
25.8 0.520595 
25.81 0.520595 
25.82 0.520595 
25.83 0.520595 
25.84 0.520595 
25.85 0.520595 
25.86 0.520595 
25.87 0.520595 
25.88 0.520595 
25.89 0.520595 
25.9 0.520595 
25.91 0.520595 
25.92 0.520595 
25.93 0.520595 
25.94 0.520595 
25.95 0.520595 
25.96 0.520595 
25.97 0.520595 
25.98 0.520595 
25.99 0.520595 
26 0.520595 
26.01 0.520595 
26.02 0.520595 
26.03 0.520595 
26.04 0.520595 
26.05 0.520595 
26.06 0.520595 
26.07 0.520595 
26.08 0.520595 
26.09 0.520595 
26.1 0.520595 
26.11 0.520595 
26.12 0.520595 
26.13 0.520595 
26.14 0.520595 
26.15 0.520595 
26.16 0.520595 
26.17 0.520595 
26.18 0.520595 
26.19 0.520595 
26.2 0.520595 
26.21 0.520595 
26.22 0.520595 
26.23 0.520595 
26.24 0.520595 
26.25 0.520595 
26.26 0.520595 
26.27 0.520595 
26.28 0.520595 
26.29 0.520595 
26.3 0.520595 
26.31 0.520595 
26.32 0.520595 
26.33 0.520595 
26.34 0.520595 
26.35 0.520595 
26.36 0.520595 
26.37 0.520595 
26.38 0.520595 
26.39 0.520595 
26.4 0.520595 
26.41 0.520595 
26.42 0.520595 
26.43 0.520595 
26.44 0.520595 
26.45 0.520595 
26.46 0.520595 
26.47 0.520595 
26.48 0.520595 
26.49 0.520595 
26.5 0.520595 
26.51 0.520595 
26.52 0.520595 
26.53 0.520595 
26.54 0.520595 
26.55 0.520595 
26.56 0.520595 
26.57 0.520595 
26.58 0.520595 
26.59 0.520595 
26.6 0.520595 
26.61 0.520595 
26.62 0.520595 
26.63 0.520595 
26.64 0.520595 
26.65 0.520595 
26.66 0.520595 
26.67 0.520595 
26.68 0.520595 
26.69 0.520595 
26.7 0.520595 
26.71 0.520595 
26.72 0.520595 
26.73 0.520595 
26.74 0.520595 
26.75 0.520595 
26.76 0.520595 
26.77 0.520595 
26.78 0.520595 
26.79 0.520595 
26.8 0.520595 
26.81 0.520595 
26.82 0.520595 
26.83 0.520595 
26.84 0.520595 
26.85 0.520595 
26.86 0.520595 
26.87 0.520595 
26.88 0.520595 
26.89 0.520595 
26.9 0.520595 
26.91 0.520595 
26.92 0.520595 
26.93 0.520595 
26.94 0.520595 
26.95 0.520595 
26.96 0.520595 
26.97 0.520595 
26.98 0.520595 
26.99 0.520595 
27 0.520595 
27.01 0.520595 
27.02 0.520595 
27.03 0.520595 
27.04 0.520595 
27.05 0.520595 
27.06 0.520595 
27.07 0.520595 
27.08 0.520595 
27.09 0.520595 
27.1 0.520595 
27.11 0.520595 
27.12 0.520595 
27.13 0.520595 
27.14 0.520595 
27.15 0.520595 
27.16 0.520595 
27.17 0.520595 
27.18 0.520595 
27.19 0.520595 
27.2 0.520595 
27.21 0.520595 
27.22 0.520595 
27.23 0.520595 
27.24 0.520595 
27.25 0.520595 
27.26 0.520595 
27.27 0.520595 
27.28 0.520595 
27.29 0.520595 
27.3 0.520595 
27.31 0.520595 
27.32 0.520595 
27.33 0.520595 
27.34 0.520595 
27.35 0.520595 
27.36 0.520595 
27.37 0.520595 
27.38 0.520595 
27.39 0.520595 
27.4 0.520595 
27.41 0.520595 
27.42 0.520595 
27.43 0.520595 
27.44 0.520595 
27.45 0.520595 
27.46 0.520595 
27.47 0.520595 
27.48 0.520595 
27.49 0.520595 
27.5 0.520595 
27.51 0.520595 
27.52 0.520595 
27.53 0.520595 
27.54 0.520595 
27.55 0.520595 
27.56 0.520595 
27.57 0.520595 
27.58 0.520595 
27.59 0.520595 
27.6 0.520595 
27.61 0.520595 
27.62 0.520595 
27.63 0.520595 
27.64 0.520595 
27.65 0.520595 
27.66 0.520595 
27.67 0.520595 
27.68 0.520595 
27.69 0.520595 
27.7 0.520595 
27.71 0.520595 
27.72 0.520595 
27.73 0.520595 
27.74 0.520595 
27.75 0.520595 
27.76 0.520595 
27.77 0.520595 
27.78 0.520595 
27.79 0.520595 
27.8 0.520595 
27.81 0.520595 
27.82 0.520595 
27.83 0.520595 
27.84 0.520595 
27.85 0.520595 
27.86 0.520595 
27.87 0.520595 
27.88 0.520595 
27.89 0.520595 
27.9 0.520595 
27.91 0.520595 
27.92 0.520595 
27.93 0.520595 
27.94 0.520595 
27.95 0.520595 
27.96 0.520595 
27.97 0.520595 
27.98 0.520595 
27.99 0.520595 
28 0.520595 
28.01 0.520595 
28.02 0.520595 
28.03 0.520595 
28.04 0.520595 
28.05 0.520595 
28.06 0.520595 
28.07 0.520595 
28.08 0.520595 
28.09 0.520595 
28.1 0.520595 
28.11 0.520595 
28.12 0.520595 
28.13 0.520595 
28.14 0.520595 
28.15 0.520595 
28.16 0.520595 
28.17 0.520595 
28.18 0.520595 
28.19 0.520595 
28.2 0.520595 
28.21 0.520595 
28.22 0.520595 
28.23 0.520595 
28.24 0.520595 
28.25 0.520595 
28.26 0.520595 
28.27 0.520595 
28.28 0.520595 
28.29 0.520595 
28.3 0.520595 
28.31 0.520595 
28.32 0.520595 
28.33 0.520595 
28.34 0.520595 
28.35 0.520595 
28.36 0.520595 
28.37 0.520595 
28.38 0.520595 
28.39 0.520595 
28.4 0.520595 
28.41 0.520595 
28.42 0.520595 
28.43 0.520595 
28.44 0.520595 
28.45 0.520595 
28.46 0.520595 
28.47 0.520595 
28.48 0.520595 
28.49 0.520595 
28.5 0.520595 
28.51 0.520595 
28.52 0.520595 
28.53 0.520595 
28.54 0.520595 
28.55 0.520595 
28.56 0.520595 
28.57 0.520595 
28.58 0.520595 
28.59 0.520595 
28.6 0.520595 
28.61 0.520595 
28.62 0.520595 
28.63 0.520595 
28.64 0.520595 
28.65 0.520595 
28.66 0.520595 
28.67 0.520595 
28.68 0.520595 
28.69 0.520595 
28.7 0.520595 
28.71 0.520595 
28.72 0.520595 
28.73 0.520595 
28.74 0.520595 
28.75 0.520595 
28.76 0.520595 
28.77 0.520595 
28.78 0.520595 
28.79 0.520595 
28.8 0.520595 
28.81 0.520595 
28.82 0.520595 
28.83 0.520595 
28.84 0.520595 
28.85 0.520595 
28.86 0.520595 
28.87 0.520595 
28.88 0.520595 
28.89 0.520595 
28.9 0.520595 
28.91 0.520595 
28.92 0.520595 
28.93 0.520595 
28.94 0.520595 
28.95 0.520595 
28.96 0.520595 
28.97 0.520595 
28.98 0.520595 
28.99 0.520595 
29 0.520595 
29.01 0.520595 
29.02 0.520595 
29.03 0.520595 
29.04 0.520595 
29.05 0.520595 
29.06 0.520595 
29.07 0.520595 
29.08 0.520595 
29.09 0.520595 
29.1 0.520595 
29.11 0.520595 
29.12 0.520595 
29.13 0.520595 
29.14 0.520595 
29.15 0.520595 
29.16 0.520595 
29.17 0.520595 
29.18 0.520595 
29.19 0.520595 
29.2 0.520595 
29.21 0.520595 
29.22 0.520595 
29.23 0.520595 
29.24 0.520595 
29.25 0.520595 
29.26 0.520595 
29.27 0.520595 
29.28 0.520595 
29.29 0.520595 
29.3 0.520595 
29.31 0.520595 
29.32 0.520595 
29.33 0.520595 
29.34 0.520595 
29.35 0.520595 
29.36 0.520595 
29.37 0.520595 
29.38 0.520595 
29.39 0.520595 
29.4 0.520595 
29.41 0.520595 
29.42 0.520595 
29.43 0.520595 
29.44 0.520595 
29.45 0.520595 
29.46 0.520595 
29.47 0.520595 
29.48 0.520595 
29.49 0.520595 
29.5 0.520595 
29.51 0.520595 
29.52 0.520595 
29.53 0.520595 
29.54 0.520595 
29.55 0.520595 
29.56 0.520595 
29.57 0.520595 
29.58 0.520595 
29.59 0.520595 
29.6 0.520595 
29.61 0.520595 
29.62 0.520595 
29.63 0.520595 
29.64 0.520595 
29.65 0.520595 
29.66 0.520595 
29.67 0.520595 
29.68 0.520595 
29.69 0.520595 
29.7 0.520595 
29.71 0.520595 
29.72 0.520595 
29.73 0.520595 
29.74 0.520595 
29.75 0.520595 
29.76 0.520595 
29.77 0.520595 
29.78 0.520595 
29.79 0.520595 
29.8 0.520595 
29.81 0.520595 
29.82 0.520595 
29.83 0.520595 
29.84 0.520595 
29.85 0.520595 
29.86 0.520595 
29.87 0.520595 
29.88 0.520595 
29.89 0.520595 
29.9 0.520595 
29.91 0.520595 
29.92 0.520595 
29.93 0.520595 
29.94 0.520595 
29.95 0.520595 
29.96 0.520595 
29.97 0.520595 
29.98 0.520595 
29.99 0.520595 
30 0.520595 
30.01 0.520595 
30.02 0.520595 
30.03 0.520595 
30.04 0.520595 
30.05 0.520595 
30.06 0.520595 
30.07 0.520595 
30.08 0.520595 
30.09 0.520595 
30.1 0.520595 
30.11 0.520595 
30.12 0.520595 
30.13 0.520595 
30.14 0.520595 
30.15 0.520595 
30.16 0.520595 
30.17 0.520595 
30.18 0.520595 
30.19 0.520595 
30.2 0.520595 
30.21 0.520595 
30.22 0.520595 
30.23 0.520595 
30.24 0.520595 
30.25 0.520595 
30.26 0.520595 
30.27 0.520595 
30.28 0.520595 
30.29 0.520595 
30.3 0.520595 
30.31 0.520595 
30.32 0.520595 
30.33 0.520595 
30.34 0.520595 
30.35 0.520595 
30.36 0.520595 
30.37 0.520595 
30.38 0.520595 
30.39 0.520595 
30.4 0.520595 
30.41 0.520595 
30.42 0.520595 
30.43 0.520595 
30.44 0.520595 
30.45 0.520595 
30.46 0.520595 
30.47 0.520595 
30.48 0.520595 
30.49 0.520595 
30.5 0.520595 
30.51 0.520595 
30.52 0.520595 
30.53 0.520595 
30.54 0.520595 
30.55 0.520595 
30.56 0.520595 
30.57 0.520595 
30.58 0.520595 
30.59 0.520595 
30.6 0.520595 
30.61 0.520595 
30.62 0.520595 
30.63 0.520595 
30.64 0.520595 
30.65 0.520595 
30.66 0.520595 
30.67 0.520595 
30.68 0.520595 
30.69 0.520595 
30.7 0.520595 
30.71 0.520595 
30.72 0.520595 
30.73 0.520595 
30.74 0.520595 
30.75 0.520595 
30.76 0.520595 
30.77 0.520595 
30.78 0.520595 
30.79 0.520595 
30.8 0.520595 
30.81 0.520595 
30.82 0.520595 
30.83 0.520595 
30.84 0.520595 
30.85 0.520595 
30.86 0.520595 
30.87 0.520595 
30.88 0.520595 
30.89 0.520595 
30.9 0.520595 
30.91 0.520595 
30.92 0.520595 
30.93 0.520595 
30.94 0.520595 
30.95 0.520595 
30.96 0.520595 
30.97 0.520595 
30.98 0.520595 
30.99 0.520595 
31 0.520595 
31.01 0.520595 
31.02 0.520595 
31.03 0.520595 
31.04 0.520595 
31.05 0.520595 
31.06 0.520595 
31.07 0.520595 
31.08 0.520595 
31.09 0.520595 
31.1 0.520595 
31.11 0.520595 
31.12 0.520595 
31.13 0.520595 
31.14 0.520595 
31.15 0.520595 
31.16 0.520595 
31.17 0.520595 
31.18 0.520595 
31.19 0.520595 
31.2 0.520595 
31.21 0.520595 
31.22 0.520595 
31.23 0.520595 
31.24 0.520595 
31.25 0.520595 
31.26 0.520595 
31.27 0.520595 
31.28 0.520595 
31.29 0.520595 
31.3 0.520595 
31.31 0.520595 
31.32 0.520595 
31.33 0.520595 
31.34 0.520595 
31.35 0.520595 
31.36 0.520595 
31.37 0.520595 
31.38 0.520595 
31.39 0.520595 
31.4 0.520595 
31.41 0.520595 
31.42 0.520595 
31.43 0.520595 
31.44 0.520595 
31.45 0.520595 
31.46 0.520595 
31.47 0.520595 
31.48 0.520595 
31.49 0.520595 
31.5 0.520595 
31.51 0.520595 
31.52 0.520595 
31.53 0.520595 
31.54 0.520595 
31.55 0.520595 
31.56 0.520595 
31.57 0.520595 
31.58 0.520595 
31.59 0.520595 
31.6 0.520595 
31.61 0.520595 
31.62 0.520595 
31.63 0.520595 
31.64 0.520595 
31.65 0.520595 
31.66 0.520595 
31.67 0.520595 
31.68 0.520595 
31.69 0.520595 
31.7 0.520595 
31.71 0.520595 
31.72 0.520595 
31.73 0.520595 
31.74 0.520595 
31.75 0.520595 
31.76 0.520595 
31.77 0.520595 
31.78 0.520595 
31.79 0.520595 
31.8 0.520595 
31.81 0.520595 
31.82 0.520595 
31.83 0.520595 
31.84 0.520595 
31.85 0.520595 
31.86 0.520595 
31.87 0.520595 
31.88 0.520595 
31.89 0.520595 
31.9 0.520595 
31.91 0.520595 
31.92 0.520595 
31.93 0.520595 
31.94 0.520595 
31.95 0.520595 
31.96 0.520595 
31.97 0.520595 
31.98 0.520595 
31.99 0.520595 
32 0.520595 
32.01 0.520595 
32.02 0.520595 
32.03 0.520595 
32.04 0.520595 
32.05 0.520595 
32.06 0.520595 
32.07 0.520595 
32.08 0.520595 
32.09 0.520595 
32.1 0.520595 
32.11 0.520595 
32.12 0.520595 
32.13 0.520595 
32.14 0.520595 
32.15 0.520595 
32.16 0.520595 
32.17 0.520595 
32.18 0.520595 
32.19 0.520595 
32.2 0.520595 
32.21 0.520595 
32.22 0.520595 
32.23 0.520595 
32.24 0.520595 
32.25 0.520595 
32.26 0.520595 
32.27 0.520595 
32.28 0.520595 
32.29 0.520595 
32.3 0.520595 
32.31 0.520595 
32.32 0.520595 
32.33 0.520595 
32.34 0.520595 
32.35 0.520595 
32.36 0.520595 
32.37 0.520595 
32.38 0.520595 
32.39 0.520595 
32.4 0.520595 
32.41 0.520595 
32.42 0.520595 
32.43 0.520595 
32.44 0.520595 
32.45 0.520595 
32.46 0.520595 
32.47 0.520595 
32.48 0.520595 
32.49 0.520595 
32.5 0.520595 
32.51 0.520595 
32.52 0.520595 
32.53 0.520595 
32.54 0.520595 
32.55 0.520595 
32.56 0.520595 
32.57 0.520595 
32.58 0.520595 
32.59 0.520595 
32.6 0.520595 
32.61 0.520595 
32.62 0.520595 
32.63 0.520595 
32.64 0.520595 
32.65 0.520595 
32.66 0.520595 
32.67 0.520595 
32.68 0.520595 
32.69 0.520595 
32.7 0.520595 
32.71 0.520595 
32.72 0.520595 
32.73 0.520595 
32.74 0.520595 
32.75 0.520595 
32.76 0.520595 
32.77 0.520595 
32.78 0.520595 
32.79 0.520595 
32.8 0.520595 
32.81 0.520595 
32.82 0.520595 
32.83 0.520595 
32.84 0.520595 
32.85 0.520595 
32.86 0.520595 
32.87 0.520595 
32.88 0.520595 
32.89 0.520595 
32.9 0.520595 
32.91 0.520595 
32.92 0.520595 
32.93 0.520595 
32.94 0.520595 
32.95 0.520595 
32.96 0.520595 
32.97 0.520595 
32.98 0.520595 
32.99 0.520595 
33 0.520595 
33.01 0.520595 
33.02 0.520595 
33.03 0.520595 
33.04 0.520595 
33.05 0.520595 
33.06 0.520595 
33.07 0.520595 
33.08 0.520595 
33.09 0.520595 
33.1 0.520595 
33.11 0.520595 
33.12 0.520595 
33.13 0.520595 
33.14 0.520595 
33.15 0.520595 
33.16 0.520595 
33.17 0.520595 
33.18 0.520595 
33.19 0.520595 
33.2 0.520595 
33.21 0.520595 
33.22 0.520595 
33.23 0.520595 
33.24 0.520595 
33.25 0.520595 
33.26 0.520595 
33.27 0.520595 
33.28 0.520595 
33.29 0.520595 
33.3 0.520595 
33.31 0.520595 
33.32 0.520595 
33.33 0.520595 
33.34 0.520595 
33.35 0.520595 
33.36 0.520595 
33.37 0.520595 
33.38 0.520595 
33.39 0.520595 
33.4 0.520595 
33.41 0.520595 
33.42 0.520595 
33.43 0.520595 
33.44 0.520595 
33.45 0.520595 
33.46 0.520595 
33.47 0.520595 
33.48 0.520595 
33.49 0.520595 
33.5 0.520595 
33.51 0.520595 
33.52 0.520595 
33.53 0.520595 
33.54 0.520595 
33.55 0.520595 
33.56 0.520595 
33.57 0.520595 
33.58 0.520595 
33.59 0.520595 
33.6 0.520595 
33.61 0.520595 
33.62 0.520595 
33.63 0.520595 
33.64 0.520595 
33.65 0.520595 
33.66 0.520595 
33.67 0.520595 
33.68 0.520595 
33.69 0.520595 
33.7 0.520595 
33.71 0.520595 
33.72 0.520595 
33.73 0.520595 
33.74 0.520595 
33.75 0.520595 
33.76 0.520595 
33.77 0.520595 
33.78 0.520595 
33.79 0.520595 
33.8 0.520595 
33.81 0.520595 
33.82 0.520595 
33.83 0.520595 
33.84 0.520595 
33.85 0.520595 
33.86 0.520595 
33.87 0.520595 
33.88 0.520595 
33.89 0.520595 
33.9 0.520595 
33.91 0.520595 
33.92 0.520595 
33.93 0.520595 
33.94 0.520595 
33.95 0.520595 
33.96 0.520595 
33.97 0.520595 
33.98 0.520595 
33.99 0.520595 
34 0.520595 
34.01 0.520595 
34.02 0.520595 
34.03 0.520595 
34.04 0.520595 
34.05 0.520595 
34.06 0.520595 
34.07 0.520595 
34.08 0.520595 
34.09 0.520595 
34.1 0.520595 
34.11 0.520595 
34.12 0.520595 
34.13 0.520595 
34.14 0.520595 
34.15 0.520595 
34.16 0.520595 
34.17 0.520595 
34.18 0.520595 
34.19 0.520595 
34.2 0.520595 
34.21 0.520595 
34.22 0.520595 
34.23 0.520595 
34.24 0.520595 
34.25 0.520595 
34.26 0.520595 
34.27 0.520595 
34.28 0.520595 
34.29 0.520595 
34.3 0.520595 
34.31 0.520595 
34.32 0.520595 
34.33 0.520595 
34.34 0.520595 
34.35 0.520595 
34.36 0.520595 
34.37 0.520595 
34.38 0.520595 
34.39 0.520595 
34.4 0.520595 
34.41 0.520595 
34.42 0.520595 
34.43 0.520595 
34.44 0.520595 
34.45 0.520595 
34.46 0.520595 
34.47 0.520595 
34.48 0.520595 
34.49 0.520595 
34.5 0.520595 
34.51 0.520595 
34.52 0.520595 
34.53 0.520595 
34.54 0.520595 
34.55 0.520595 
34.56 0.520595 
34.57 0.520595 
34.58 0.520595 
34.59 0.520595 
34.6 0.520595 
34.61 0.520595 
34.62 0.520595 
34.63 0.520595 
34.64 0.520595 
34.65 0.520595 
34.66 0.520595 
34.67 0.520595 
34.68 0.520595 
34.69 0.520595 
34.7 0.520595 
34.71 0.520595 
34.72 0.520595 
34.73 0.520595 
34.74 0.520595 
34.75 0.520595 
34.76 0.520595 
34.77 0.520595 
34.78 0.520595 
34.79 0.520595 
34.8 0.520595 
34.81 0.520595 
34.82 0.520595 
34.83 0.520595 
34.84 0.520595 
34.85 0.520595 
34.86 0.520595 
34.87 0.520595 
34.88 0.520595 
34.89 0.520595 
34.9 0.520595 
34.91 0.520595 
34.92 0.520595 
34.93 0.520595 
34.94 0.520595 
34.95 0.520595 
34.96 0.520595 
34.97 0.520595 
34.98 0.520595 
34.99 0.520595 
35 0.520595 
35.01 0.520595 
35.02 0.520595 
35.03 0.520595 
35.04 0.520595 
35.05 0.520595 
35.06 0.520595 
35.07 0.520595 
35.08 0.520595 
35.09 0.520595 
35.1 0.520595 
35.11 0.520595 
35.12 0.520595 
35.13 0.520595 
35.14 0.520595 
35.15 0.520595 
35.16 0.520595 
35.17 0.520595 
35.18 0.520595 
35.19 0.520595 
35.2 0.520595 
35.21 0.520595 
35.22 0.520595 
35.23 0.520595 
35.24 0.520595 
35.25 0.520595 
35.26 0.520595 
35.27 0.520595 
35.28 0.520595 
35.29 0.520595 
35.3 0.520595 
35.31 0.520595 
35.32 0.520595 
35.33 0.520595 
35.34 0.520595 
35.35 0.520595 
35.36 0.520595 
35.37 0.520595 
35.38 0.520595 
35.39 0.520595 
35.4 0.520595 
35.41 0.520595 
35.42 0.520595 
35.43 0.520595 
35.44 0.520595 
35.45 0.520595 
35.46 0.520595 
35.47 0.520595 
35.48 0.520595 
35.49 0.520595 
35.5 0.520595 
35.51 0.520595 
35.52 0.520595 
35.53 0.520595 
35.54 0.520595 
35.55 0.520595 
35.56 0.520595 
35.57 0.520595 
35.58 0.520595 
35.59 0.520595 
35.6 0.520595 
35.61 0.520595 
35.62 0.520595 
35.63 0.520595 
35.64 0.520595 
35.65 0.520595 
35.66 0.520595 
35.67 0.520595 
35.68 0.520595 
35.69 0.520595 
35.7 0.520595 
35.71 0.520595 
35.72 0.520595 
35.73 0.520595 
35.74 0.520595 
35.75 0.520595 
35.76 0.520595 
35.77 0.520595 
35.78 0.520595 
35.79 0.520595 
35.8 0.520595 
35.81 0.520595 
35.82 0.520595 
35.83 0.520595 
35.84 0.520595 
35.85 0.520595 
35.86 0.520595 
35.87 0.520595 
35.88 0.520595 
35.89 0.520595 
35.9 0.520595 
35.91 0.520595 
35.92 0.520595 
35.93 0.520595 
35.94 0.520595 
35.95 0.520595 
35.96 0.520595 
35.97 0.520595 
35.98 0.520595 
35.99 0.520595 
36 0.520595 
36.01 0.520595 
36.02 0.520595 
36.03 0.520595 
36.04 0.520595 
36.05 0.520595 
36.06 0.520595 
36.07 0.520595 
36.08 0.520595 
36.09 0.520595 
36.1 0.520595 
36.11 0.520595 
36.12 0.520595 
36.13 0.520595 
36.14 0.520595 
36.15 0.520595 
36.16 0.520595 
36.17 0.520595 
36.18 0.520595 
36.19 0.520595 
36.2 0.520595 
36.21 0.520595 
36.22 0.520595 
36.23 0.520595 
36.24 0.520595 
36.25 0.520595 
36.26 0.520595 
36.27 0.520595 
36.28 0.520595 
36.29 0.520595 
36.3 0.520595 
36.31 0.520595 
36.32 0.520595 
36.33 0.520595 
36.34 0.520595 
36.35 0.520595 
36.36 0.520595 
36.37 0.520595 
36.38 0.520595 
36.39 0.520595 
36.4 0.520595 
36.41 0.520595 
36.42 0.520595 
36.43 0.520595 
36.44 0.520595 
36.45 0.520595 
36.46 0.520595 
36.47 0.520595 
36.48 0.520595 
36.49 0.520595 
36.5 0.520595 
36.51 0.520595 
36.52 0.520595 
36.53 0.520595 
36.54 0.520595 
36.55 0.520595 
36.56 0.520595 
36.57 0.520595 
36.58 0.520595 
36.59 0.520595 
36.6 0.520595 
36.61 0.520595 
36.62 0.520595 
36.63 0.520595 
36.64 0.520595 
36.65 0.520595 
36.66 0.520595 
36.67 0.520595 
36.68 0.520595 
36.69 0.520595 
36.7 0.520595 
36.71 0.520595 
36.72 0.520595 
36.73 0.520595 
36.74 0.520595 
36.75 0.520595 
36.76 0.520595 
36.77 0.520595 
36.78 0.520595 
36.79 0.520595 
36.8 0.520595 
36.81 0.520595 
36.82 0.520595 
36.83 0.520595 
36.84 0.520595 
36.85 0.520595 
36.86 0.520595 
36.87 0.520595 
36.88 0.520595 
36.89 0.520595 
36.9 0.520595 
36.91 0.520595 
36.92 0.520595 
36.93 0.520595 
36.94 0.520595 
36.95 0.520595 
36.96 0.520595 
36.97 0.520595 
36.98 0.520595 
36.99 0.520595 
37 0.520595 
37.01 0.520595 
37.02 0.520595 
37.03 0.520595 
37.04 0.520595 
37.05 0.520595 
37.06 0.520595 
37.07 0.520595 
37.08 0.520595 
37.09 0.520595 
37.1 0.520595 
37.11 0.520595 
37.12 0.520595 
37.13 0.520595 
37.14 0.520595 
37.15 0.520595 
37.16 0.520595 
37.17 0.520595 
37.18 0.520595 
37.19 0.520595 
37.2 0.520595 
37.21 0.520595 
37.22 0.520595 
37.23 0.520595 
37.24 0.520595 
37.25 0.520595 
37.26 0.520595 
37.27 0.520595 
37.28 0.520595 
37.29 0.520595 
37.3 0.520595 
37.31 0.520595 
37.32 0.520595 
37.33 0.520595 
37.34 0.520595 
37.35 0.520595 
37.36 0.520595 
37.37 0.520595 
37.38 0.520595 
37.39 0.520595 
37.4 0.520595 
37.41 0.520595 
37.42 0.520595 
37.43 0.520595 
37.44 0.520595 
37.45 0.520595 
37.46 0.520595 
37.47 0.520595 
37.48 0.520595 
37.49 0.520595 
37.5 0.520595 
37.51 0.520595 
37.52 0.520595 
37.53 0.520595 
37.54 0.520595 
37.55 0.520595 
37.56 0.520595 
37.57 0.520595 
37.58 0.520595 
37.59 0.520595 
37.6 0.520595 
37.61 0.520595 
37.62 0.520595 
37.63 0.520595 
37.64 0.520595 
37.65 0.520595 
37.66 0.520595 
37.67 0.520595 
37.68 0.520595 
37.69 0.520595 
37.7 0.520595 
37.71 0.520595 
37.72 0.520595 
37.73 0.520595 
37.74 0.520595 
37.75 0.520595 
37.76 0.520595 
37.77 0.520595 
37.78 0.520595 
37.79 0.520595 
37.8 0.520595 
37.81 0.520595 
37.82 0.520595 
37.83 0.520595 
37.84 0.520595 
37.85 0.520595 
37.86 0.520595 
37.87 0.520595 
37.88 0.520595 
37.89 0.520595 
37.9 0.520595 
37.91 0.520595 
37.92 0.520595 
37.93 0.520595 
37.94 0.520595 
37.95 0.520595 
37.96 0.520595 
37.97 0.520595 
37.98 0.520595 
37.99 0.520595 
38 0.520595 
38.01 0.520595 
38.02 0.520595 
38.03 0.520595 
38.04 0.520595 
38.05 0.520595 
38.06 0.520595 
38.07 0.520595 
38.08 0.520595 
38.09 0.520595 
38.1 0.520595 
38.11 0.520595 
38.12 0.520595 
38.13 0.520595 
38.14 0.520595 
38.15 0.520595 
38.16 0.520595 
38.17 0.520595 
38.18 0.520595 
38.19 0.520595 
38.2 0.520595 
38.21 0.520595 
38.22 0.520595 
38.23 0.520595 
38.24 0.520595 
38.25 0.520595 
38.26 0.520595 
38.27 0.520595 
38.28 0.520595 
38.29 0.520595 
38.3 0.520595 
38.31 0.520595 
38.32 0.520595 
38.33 0.520595 
38.34 0.520595 
38.35 0.520595 
38.36 0.520595 
38.37 0.520595 
38.38 0.520595 
38.39 0.520595 
38.4 0.520595 
38.41 0.520595 
38.42 0.520595 
38.43 0.520595 
38.44 0.520595 
38.45 0.520595 
38.46 0.520595 
38.47 0.520595 
38.48 0.520595 
38.49 0.520595 
38.5 0.520595 
38.51 0.520595 
38.52 0.520595 
38.53 0.520595 
38.54 0.520595 
38.55 0.520595 
38.56 0.520595 
38.57 0.520595 
38.58 0.520595 
38.59 0.520595 
38.6 0.520595 
38.61 0.520595 
38.62 0.520595 
38.63 0.520595 
38.64 0.520595 
38.65 0.520595 
38.66 0.520595 
38.67 0.520595 
38.68 0.520595 
38.69 0.520595 
38.7 0.520595 
38.71 0.520595 
38.72 0.520595 
38.73 0.520595 
38.74 0.520595 
38.75 0.520595 
38.76 0.520595 
38.77 0.520595 
38.78 0.520595 
38.79 0.520595 
38.8 0.520595 
38.81 0.520595 
38.82 0.520595 
38.83 0.520595 
38.84 0.520595 
38.85 0.520595 
38.86 0.520595 
38.87 0.520595 
38.88 0.520595 
38.89 0.520595 
38.9 0.520595 
38.91 0.520595 
38.92 0.520595 
38.93 0.520595 
38.94 0.520595 
38.95 0.520595 
38.96 0.520595 
38.97 0.520595 
38.98 0.520595 
38.99 0.520595 
39 0.520595 
39.01 0.520595 
39.02 0.520595 
39.03 0.520595 
39.04 0.520595 
39.05 0.520595 
39.06 0.520595 
39.07 0.520595 
39.08 0.520595 
39.09 0.520595 
39.1 0.520595 
39.11 0.520595 
39.12 0.520595 
39.13 0.520595 
39.14 0.520595 
39.15 0.520595 
39.16 0.520595 
39.17 0.520595 
39.18 0.520595 
39.19 0.520595 
39.2 0.520595 
39.21 0.520595 
39.22 0.520595 
39.23 0.520595 
39.24 0.520595 
39.25 0.520595 
39.26 0.520595 
39.27 0.520595 
39.28 0.520595 
39.29 0.520595 
39.3 0.520595 
39.31 0.520595 
39.32 0.520595 
39.33 0.520595 
39.34 0.520595 
39.35 0.520595 
39.36 0.520595 
39.37 0.520595 
39.38 0.520595 
39.39 0.520595 
39.4 0.520595 
39.41 0.520595 
39.42 0.520595 
39.43 0.520595 
39.44 0.520595 
39.45 0.520595 
39.46 0.520595 
39.47 0.520595 
39.48 0.520595 
39.49 0.520595 
39.5 0.520595 
39.51 0.520595 
39.52 0.520595 
39.53 0.520595 
39.54 0.520595 
39.55 0.520595 
39.56 0.520595 
39.57 0.520595 
39.58 0.520595 
39.59 0.520595 
39.6 0.520595 
39.61 0.520595 
39.62 0.520595 
39.63 0.520595 
39.64 0.520595 
39.65 0.520595 
39.66 0.520595 
39.67 0.520595 
39.68 0.520595 
39.69 0.520595 
39.7 0.520595 
39.71 0.520595 
39.72 0.520595 
39.73 0.520595 
39.74 0.520595 
39.75 0.520595 
39.76 0.520595 
39.77 0.520595 
39.78 0.520595 
39.79 0.520595 
39.8 0.520595 
39.81 0.520595 
39.82 0.520595 
39.83 0.520595 
39.84 0.520595 
39.85 0.520595 
39.86 0.520595 
39.87 0.520595 
39.88 0.520595 
39.89 0.520595 
39.9 0.520595 
39.91 0.520595 
39.92 0.520595 
39.93 0.520595 
39.94 0.520595 
39.95 0.520595 
39.96 0.520595 
39.97 0.520595 
39.98 0.520595 
39.99 0.520595 
40 0.520595 
40.01 0.520595 
40.02 0.520595 
40.03 0.520595 
40.04 0.520595 
40.05 0.520595 
40.06 0.520595 
40.07 0.520595 
40.08 0.520595 
40.09 0.520595 
40.1 0.520595 
40.11 0.520595 
40.12 0.520595 
40.13 0.520595 
40.14 0.520595 
40.15 0.520595 
40.16 0.520595 
40.17 0.520595 
40.18 0.520595 
40.19 0.520595 
40.2 0.520595 
40.21 0.520595 
40.22 0.520595 
40.23 0.520595 
40.24 0.520595 
40.25 0.520595 
40.26 0.520595 
40.27 0.520595 
40.28 0.520595 
40.29 0.520595 
40.3 0.520595 
40.31 0.520595 
40.32 0.520595 
40.33 0.520595 
40.34 0.520595 
40.35 0.520595 
40.36 0.520595 
40.37 0.520595 
40.38 0.520595 
40.39 0.520595 
40.4 0.520595 
40.41 0.520595 
40.42 0.520595 
40.43 0.520595 
40.44 0.520595 
40.45 0.520595 
40.46 0.520595 
40.47 0.520595 
40.48 0.520595 
40.49 0.520595 
40.5 0.520595 
40.51 0.520595 
40.52 0.520595 
40.53 0.520595 
40.54 0.520595 
40.55 0.520595 
40.56 0.520595 
40.57 0.520595 
40.58 0.520595 
40.59 0.520595 
40.6 0.520595 
40.61 0.520595 
40.62 0.520595 
40.63 0.520595 
40.64 0.520595 
40.65 0.520595 
40.66 0.520595 
40.67 0.520595 
40.68 0.520595 
40.69 0.520595 
40.7 0.520595 
40.71 0.520595 
40.72 0.520595 
40.73 0.520595 
40.74 0.520595 
40.75 0.520595 
40.76 0.520595 
40.77 0.520595 
40.78 0.520595 
40.79 0.520595 
40.8 0.520595 
40.81 0.520595 
40.82 0.520595 
40.83 0.520595 
40.84 0.520595 
40.85 0.520595 
40.86 0.520595 
40.87 0.520595 
40.88 0.520595 
40.89 0.520595 
40.9 0.520595 
40.91 0.520595 
40.92 0.520595 
40.93 0.520595 
40.94 0.520595 
40.95 0.520595 
40.96 0.520595 
40.97 0.520595 
40.98 0.520595 
40.99 0.520595 
41 0.520595 
41.01 0.520595 
41.02 0.520595 
41.03 0.520595 
41.04 0.520595 
41.05 0.520595 
41.06 0.520595 
41.07 0.520595 
41.08 0.520595 
41.09 0.520595 
41.1 0.520595 
41.11 0.520595 
41.12 0.520595 
41.13 0.520595 
41.14 0.520595 
41.15 0.520595 
41.16 0.520595 
41.17 0.520595 
41.18 0.520595 
41.19 0.520595 
41.2 0.520595 
41.21 0.520595 
41.22 0.520595 
41.23 0.520595 
41.24 0.520595 
41.25 0.520595 
41.26 0.520595 
41.27 0.520595 
41.28 0.520595 
41.29 0.520595 
41.3 0.520595 
41.31 0.520595 
41.32 0.520595 
41.33 0.520595 
41.34 0.520595 
41.35 0.520595 
41.36 0.520595 
41.37 0.520595 
41.38 0.520595 
41.39 0.520595 
41.4 0.520595 
41.41 0.520595 
41.42 0.520595 
41.43 0.520595 
41.44 0.520595 
41.45 0.520595 
41.46 0.520595 
41.47 0.520595 
41.48 0.520595 
41.49 0.520595 
41.5 0.520595 
41.51 0.520595 
41.52 0.520595 
41.53 0.520595 
41.54 0.520595 
41.55 0.520595 
41.56 0.520595 
41.57 0.520595 
41.58 0.520595 
41.59 0.520595 
41.6 0.520595 
41.61 0.520595 
41.62 0.520595 
41.63 0.520595 
41.64 0.520595 
41.65 0.520595 
41.66 0.520595 
41.67 0.520595 
41.68 0.520595 
41.69 0.520595 
41.7 0.520595 
41.71 0.520595 
41.72 0.520595 
41.73 0.520595 
41.74 0.520595 
41.75 0.520595 
41.76 0.520595 
41.77 0.520595 
41.78 0.520595 
41.79 0.520595 
41.8 0.520595 
41.81 0.520595 
41.82 0.520595 
41.83 0.520595 
41.84 0.520595 
41.85 0.520595 
41.86 0.520595 
41.87 0.520595 
41.88 0.520595 
41.89 0.520595 
41.9 0.520595 
41.91 0.520595 
41.92 0.520595 
41.93 0.520595 
41.94 0.520595 
41.95 0.520595 
41.96 0.520595 
41.97 0.520595 
41.98 0.520595 
41.99 0.520595 
42 0.520595 
42.01 0.520595 
42.02 0.520595 
42.03 0.520595 
42.04 0.520595 
42.05 0.520595 
42.06 0.520595 
42.07 0.520595 
42.08 0.520595 
42.09 0.520595 
42.1 0.520595 
42.11 0.520595 
42.12 0.520595 
42.13 0.520595 
42.14 0.520595 
42.15 0.520595 
42.16 0.520595 
42.17 0.520595 
42.18 0.520595 
42.19 0.520595 
42.2 0.520595 
42.21 0.520595 
42.22 0.520595 
42.23 0.520595 
42.24 0.520595 
42.25 0.520595 
42.26 0.520595 
42.27 0.520595 
42.28 0.520595 
42.29 0.520595 
42.3 0.520595 
42.31 0.520595 
42.32 0.520595 
42.33 0.520595 
42.34 0.520595 
42.35 0.520595 
42.36 0.520595 
42.37 0.520595 
42.38 0.520595 
42.39 0.520595 
42.4 0.520595 
42.41 0.520595 
42.42 0.520595 
42.43 0.520595 
42.44 0.520595 
42.45 0.520595 
42.46 0.520595 
42.47 0.520595 
42.48 0.520595 
42.49 0.520595 
42.5 0.520595 
42.51 0.520595 
42.52 0.520595 
42.53 0.520595 
42.54 0.520595 
42.55 0.520595 
42.56 0.520595 
42.57 0.520595 
42.58 0.520595 
42.59 0.520595 
42.6 0.520595 
42.61 0.520595 
42.62 0.520595 
42.63 0.520595 
42.64 0.520595 
42.65 0.520595 
42.66 0.520595 
42.67 0.520595 
42.68 0.520595 
42.69 0.520595 
42.7 0.520595 
42.71 0.520595 
42.72 0.520595 
42.73 0.520595 
42.74 0.520595 
42.75 0.520595 
42.76 0.520595 
42.77 0.520595 
42.78 0.520595 
42.79 0.520595 
42.8 0.520595 
42.81 0.520595 
42.82 0.520595 
42.83 0.520595 
42.84 0.520595 
42.85 0.520595 
42.86 0.520595 
42.87 0.520595 
42.88 0.520595 
42.89 0.520595 
42.9 0.520595 
42.91 0.520595 
42.92 0.520595 
42.93 0.520595 
42.94 0.520595 
42.95 0.520595 
42.96 0.520595 
42.97 0.520595 
42.98 0.520595 
42.99 0.520595 
43 0.520595 
43.01 0.520595 
43.02 0.520595 
43.03 0.520595 
43.04 0.520595 
43.05 0.520595 
43.06 0.520595 
43.07 0.520595 
43.08 0.520595 
43.09 0.520595 
43.1 0.520595 
43.11 0.520595 
43.12 0.520595 
43.13 0.520595 
43.14 0.520595 
43.15 0.520595 
43.16 0.520595 
43.17 0.520595 
43.18 0.520595 
43.19 0.520595 
43.2 0.520595 
43.21 0.520595 
43.22 0.520595 
43.23 0.520595 
43.24 0.520595 
43.25 0.520595 
43.26 0.520595 
43.27 0.520595 
43.28 0.520595 
43.29 0.520595 
43.3 0.520595 
43.31 0.520595 
43.32 0.520595 
43.33 0.520595 
43.34 0.520595 
43.35 0.520595 
43.36 0.520595 
43.37 0.520595 
43.38 0.520595 
43.39 0.520595 
43.4 0.520595 
43.41 0.520595 
43.42 0.520595 
43.43 0.520595 
43.44 0.520595 
43.45 0.520595 
43.46 0.520595 
43.47 0.520595 
43.48 0.520595 
43.49 0.520595 
43.5 0.520595 
43.51 0.520595 
43.52 0.520595 
43.53 0.520595 
43.54 0.520595 
43.55 0.520595 
43.56 0.520595 
43.57 0.520595 
43.58 0.520595 
43.59 0.520595 
43.6 0.520595 
43.61 0.520595 
43.62 0.520595 
43.63 0.520595 
43.64 0.520595 
43.65 0.520595 
43.66 0.520595 
43.67 0.520595 
43.68 0.520595 
43.69 0.520595 
43.7 0.520595 
43.71 0.520595 
43.72 0.520595 
43.73 0.520595 
43.74 0.520595 
43.75 0.520595 
43.76 0.520595 
43.77 0.520595 
43.78 0.520595 
43.79 0.520595 
43.8 0.520595 
43.81 0.520595 
43.82 0.520595 
43.83 0.520595 
43.84 0.520595 
43.85 0.520595 
43.86 0.520595 
43.87 0.520595 
43.88 0.520595 
43.89 0.520595 
43.9 0.520595 
43.91 0.520595 
43.92 0.520595 
43.93 0.520595 
43.94 0.520595 
43.95 0.520595 
43.96 0.520595 
43.97 0.520595 
43.98 0.520595 
43.99 0.520595 
44 0.520595 
44.01 0.520595 
44.02 0.520595 
44.03 0.520595 
44.04 0.520595 
44.05 0.520595 
44.06 0.520595 
44.07 0.520595 
44.08 0.520595 
44.09 0.520595 
44.1 0.520595 
44.11 0.520595 
44.12 0.520595 
44.13 0.520595 
44.14 0.520595 
44.15 0.520595 
44.16 0.520595 
44.17 0.520595 
44.18 0.520595 
44.19 0.520595 
44.2 0.520595 
44.21 0.520595 
44.22 0.520595 
44.23 0.520595 
44.24 0.520595 
44.25 0.520595 
44.26 0.520595 
44.27 0.520595 
44.28 0.520595 
44.29 0.520595 
44.3 0.520595 
44.31 0.520595 
44.32 0.520595 
44.33 0.520595 
44.34 0.520595 
44.35 0.520595 
44.36 0.520595 
44.37 0.520595 
44.38 0.520595 
44.39 0.520595 
44.4 0.520595 
44.41 0.520595 
44.42 0.520595 
44.43 0.520595 
44.44 0.520595 
44.45 0.520595 
44.46 0.520595 
44.47 0.520595 
44.48 0.520595 
44.49 0.520595 
44.5 0.520595 
44.51 0.520595 
44.52 0.520595 
44.53 0.520595 
44.54 0.520595 
44.55 0.520595 
44.56 0.520595 
44.57 0.520595 
44.58 0.520595 
44.59 0.520595 
44.6 0.520595 
44.61 0.520595 
44.62 0.520595 
44.63 0.520595 
44.64 0.520595 
44.65 0.520595 
44.66 0.520595 
44.67 0.520595 
44.68 0.520595 
44.69 0.520595 
44.7 0.520595 
44.71 0.520595 
44.72 0.520595 
44.73 0.520595 
44.74 0.520595 
44.75 0.520595 
44.76 0.520595 
44.77 0.520595 
44.78 0.520595 
44.79 0.520595 
44.8 0.520595 
44.81 0.520595 
44.82 0.520595 
44.83 0.520595 
44.84 0.520595 
44.85 0.520595 
44.86 0.520595 
44.87 0.520595 
44.88 0.520595 
44.89 0.520595 
44.9 0.520595 
44.91 0.520595 
44.92 0.520595 
44.93 0.520595 
44.94 0.520595 
44.95 0.520595 
44.96 0.520595 
44.97 0.520595 
44.98 0.520595 
44.99 0.520595 
45 0.520595 
45.01 0.520595 
45.02 0.520595 
45.03 0.520595 
45.04 0.520595 
45.05 0.520595 
45.06 0.520595 
45.07 0.520595 
45.08 0.520595 
45.09 0.520595 
45.1 0.520595 
45.11 0.520595 
45.12 0.520595 
45.13 0.520595 
45.14 0.520595 
45.15 0.520595 
45.16 0.520595 
45.17 0.520595 
45.18 0.520595 
45.19 0.520595 
45.2 0.520595 
45.21 0.520595 
45.22 0.520595 
45.23 0.520595 
45.24 0.520595 
45.25 0.520595 
45.26 0.520595 
45.27 0.520595 
45.28 0.520595 
45.29 0.520595 
45.3 0.520595 
45.31 0.520595 
45.32 0.520595 
45.33 0.520595 
45.34 0.520595 
45.35 0.520595 
45.36 0.520595 
45.37 0.520595 
45.38 0.520595 
45.39 0.520595 
45.4 0.520595 
45.41 0.520595 
45.42 0.520595 
45.43 0.520595 
45.44 0.520595 
45.45 0.520595 
45.46 0.520595 
45.47 0.520595 
45.48 0.520595 
45.49 0.520595 
45.5 0.520595 
45.51 0.520595 
45.52 0.520595 
45.53 0.520595 
45.54 0.520595 
45.55 0.520595 
45.56 0.520595 
45.57 0.520595 
45.58 0.520595 
45.59 0.520595 
45.6 0.520595 
45.61 0.520595 
45.62 0.520595 
45.63 0.520595 
45.64 0.520595 
45.65 0.520595 
45.66 0.520595 
45.67 0.520595 
45.68 0.520595 
45.69 0.520595 
45.7 0.520595 
45.71 0.520595 
45.72 0.520595 
45.73 0.520595 
45.74 0.520595 
45.75 0.520595 
45.76 0.520595 
45.77 0.520595 
45.78 0.520595 
45.79 0.520595 
45.8 0.520595 
45.81 0.520595 
45.82 0.520595 
45.83 0.520595 
45.84 0.520595 
45.85 0.520595 
45.86 0.520595 
45.87 0.520595 
45.88 0.520595 
45.89 0.520595 
45.9 0.520595 
45.91 0.520595 
45.92 0.520595 
45.93 0.520595 
45.94 0.520595 
45.95 0.520595 
45.96 0.520595 
45.97 0.520595 
45.98 0.520595 
45.99 0.520595 
46 0.520595 
46.01 0.520595 
46.02 0.520595 
46.03 0.520595 
46.04 0.520595 
46.05 0.520595 
46.06 0.520595 
46.07 0.520595 
46.08 0.520595 
46.09 0.520595 
46.1 0.520595 
46.11 0.520595 
46.12 0.520595 
46.13 0.520595 
46.14 0.520595 
46.15 0.520595 
46.16 0.520595 
46.17 0.520595 
46.18 0.520595 
46.19 0.520595 
46.2 0.520595 
46.21 0.520595 
46.22 0.520595 
46.23 0.520595 
46.24 0.520595 
46.25 0.520595 
46.26 0.520595 
46.27 0.520595 
46.28 0.520595 
46.29 0.520595 
46.3 0.520595 
46.31 0.520595 
46.32 0.520595 
46.33 0.520595 
46.34 0.520595 
46.35 0.520595 
46.36 0.520595 
46.37 0.520595 
46.38 0.520595 
46.39 0.520595 
46.4 0.520595 
46.41 0.520595 
46.42 0.520595 
46.43 0.520595 
46.44 0.520595 
46.45 0.520595 
46.46 0.520595 
46.47 0.520595 
46.48 0.520595 
46.49 0.520595 
46.5 0.520595 
46.51 0.520595 
46.52 0.520595 
46.53 0.520595 
46.54 0.520595 
46.55 0.520595 
46.56 0.520595 
46.57 0.520595 
46.58 0.520595 
46.59 0.520595 
46.6 0.520595 
46.61 0.520595 
46.62 0.520595 
46.63 0.520595 
46.64 0.520595 
46.65 0.520595 
46.66 0.520595 
46.67 0.520595 
46.68 0.520595 
46.69 0.520595 
46.7 0.520595 
46.71 0.520595 
46.72 0.520595 
46.73 0.520595 
46.74 0.520595 
46.75 0.520595 
46.76 0.520595 
46.77 0.520595 
46.78 0.520595 
46.79 0.520595 
46.8 0.520595 
46.81 0.520595 
46.82 0.520595 
46.83 0.520595 
46.84 0.520595 
46.85 0.520595 
46.86 0.520595 
46.87 0.520595 
46.88 0.520595 
46.89 0.520595 
46.9 0.520595 
46.91 0.520595 
46.92 0.520595 
46.93 0.520595 
46.94 0.520595 
46.95 0.520595 
46.96 0.520595 
46.97 0.520595 
46.98 0.520595 
46.99 0.520595 
47 0.520595 
47.01 0.520595 
47.02 0.520595 
47.03 0.520595 
47.04 0.520595 
47.05 0.520595 
47.06 0.520595 
47.07 0.520595 
47.08 0.520595 
47.09 0.520595 
47.1 0.520595 
47.11 0.520595 
47.12 0.520595 
47.13 0.520595 
47.14 0.520595 
47.15 0.520595 
47.16 0.520595 
47.17 0.520595 
47.18 0.520595 
47.19 0.520595 
47.2 0.520595 
47.21 0.520595 
47.22 0.520595 
47.23 0.520595 
47.24 0.520595 
47.25 0.520595 
47.26 0.520595 
47.27 0.520595 
47.28 0.520595 
47.29 0.520595 
47.3 0.520595 
47.31 0.520595 
47.32 0.520595 
47.33 0.520595 
47.34 0.520595 
47.35 0.520595 
47.36 0.520595 
47.37 0.520595 
47.38 0.520595 
47.39 0.520595 
47.4 0.520595 
47.41 0.520595 
47.42 0.520595 
47.43 0.520595 
47.44 0.520595 
47.45 0.520595 
47.46 0.520595 
47.47 0.520595 
47.48 0.520595 
47.49 0.520595 
47.5 0.520595 
47.51 0.520595 
47.52 0.520595 
47.53 0.520595 
47.54 0.520595 
47.55 0.520595 
47.56 0.520595 
47.57 0.520595 
47.58 0.520595 
47.59 0.520595 
47.6 0.520595 
47.61 0.520595 
47.62 0.520595 
47.63 0.520595 
47.64 0.520595 
47.65 0.520595 
47.66 0.520595 
47.67 0.520595 
47.68 0.520595 
47.69 0.520595 
47.7 0.520595 
47.71 0.520595 
47.72 0.520595 
47.73 0.520595 
47.74 0.520595 
47.75 0.520595 
47.76 0.520595 
47.77 0.520595 
47.78 0.520595 
47.79 0.520595 
47.8 0.520595 
47.81 0.520595 
47.82 0.520595 
47.83 0.520595 
47.84 0.520595 
47.85 0.520595 
47.86 0.520595 
47.87 0.520595 
47.88 0.520595 
47.89 0.520595 
47.9 0.520595 
47.91 0.520595 
47.92 0.520595 
47.93 0.520595 
47.94 0.520595 
47.95 0.520595 
47.96 0.520595 
47.97 0.520595 
47.98 0.520595 
47.99 0.520595 
48 0.520595 
48.01 0.520595 
48.02 0.520595 
48.03 0.520595 
48.04 0.520595 
48.05 0.520595 
48.06 0.520595 
48.07 0.520595 
48.08 0.520595 
48.09 0.520595 
48.1 0.520595 
48.11 0.520595 
48.12 0.520595 
48.13 0.520595 
48.14 0.520595 
48.15 0.520595 
48.16 0.520595 
48.17 0.520595 
48.18 0.520595 
48.19 0.520595 
48.2 0.520595 
48.21 0.520595 
48.22 0.520595 
48.23 0.520595 
48.24 0.520595 
48.25 0.520595 
48.26 0.520595 
48.27 0.520595 
48.28 0.520595 
48.29 0.520595 
48.3 0.520595 
48.31 0.520595 
48.32 0.520595 
48.33 0.520595 
48.34 0.520595 
48.35 0.520595 
48.36 0.520595 
48.37 0.520595 
48.38 0.520595 
48.39 0.520595 
48.4 0.520595 
48.41 0.520595 
48.42 0.520595 
48.43 0.520595 
48.44 0.520595 
48.45 0.520595 
48.46 0.520595 
48.47 0.520595 
48.48 0.520595 
48.49 0.520595 
48.5 0.520595 
48.51 0.520595 
48.52 0.520595 
48.53 0.520595 
48.54 0.520595 
48.55 0.520595 
48.56 0.520595 
48.57 0.520595 
48.58 0.520595 
48.59 0.520595 
48.6 0.520595 
48.61 0.520595 
48.62 0.520595 
48.63 0.520595 
48.64 0.520595 
48.65 0.520595 
48.66 0.520595 
48.67 0.520595 
48.68 0.520595 
48.69 0.520595 
48.7 0.520595 
48.71 0.520595 
48.72 0.520595 
48.73 0.520595 
48.74 0.520595 
48.75 0.520595 
48.76 0.520595 
48.77 0.520595 
48.78 0.520595 
48.79 0.520595 
48.8 0.520595 
48.81 0.520595 
48.82 0.520595 
48.83 0.520595 
48.84 0.520595 
48.85 0.520595 
48.86 0.520595 
48.87 0.520595 
48.88 0.520595 
48.89 0.520595 
48.9 0.520595 
48.91 0.520595 
48.92 0.520595 
48.93 0.520595 
48.94 0.520595 
48.95 0.520595 
48.96 0.520595 
48.97 0.520595 
48.98 0.520595 
48.99 0.520595 
49 0.520595 
49.01 0.520595 
49.02 0.520595 
49.03 0.520595 
49.04 0.520595 
49.05 0.520595 
49.06 0.520595 
49.07 0.520595 
49.08 0.520595 
49.09 0.520595 
49.1 0.520595 
49.11 0.520595 
49.12 0.520595 
49.13 0.520595 
49.14 0.520595 
49.15 0.520595 
49.16 0.520595 
49.17 0.520595 
49.18 0.520595 
49.19 0.520595 
49.2 0.520595 
49.21 0.520595 
49.22 0.520595 
49.23 0.520595 
49.24 0.520595 
49.25 0.520595 
49.26 0.520595 
49.27 0.520595 
49.28 0.520595 
49.29 0.520595 
49.3 0.520595 
49.31 0.520595 
49.32 0.520595 
49.33 0.520595 
49.34 0.520595 
49.35 0.520595 
49.36 0.520595 
49.37 0.520595 
49.38 0.520595 
49.39 0.520595 
49.4 0.520595 
49.41 0.520595 
49.42 0.520595 
49.43 0.520595 
49.44 0.520595 
49.45 0.520595 
49.46 0.520595 
49.47 0.520595 
49.48 0.520595 
49.49 0.520595 
49.5 0.520595 
49.51 0.520595 
49.52 0.520595 
49.53 0.520595 
49.54 0.520595 
49.55 0.520595 
49.56 0.520595 
49.57 0.520595 
49.58 0.520595 
49.59 0.520595 
49.6 0.520595 
49.61 0.520595 
49.62 0.520595 
49.63 0.520595 
49.64 0.520595 
49.65 0.520595 
49.66 0.520595 
49.67 0.520595 
49.68 0.520595 
49.69 0.520595 
49.7 0.520595 
49.71 0.520595 
49.72 0.520595 
49.73 0.520595 
49.74 0.520595 
49.75 0.520595 
49.76 0.520595 
49.77 0.520595 
49.78 0.520595 
49.79 0.520595 
49.8 0.520595 
49.81 0.520595 
49.82 0.520595 
49.83 0.520595 
49.84 0.520595 
49.85 0.520595 
49.86 0.520595 
49.87 0.520595 
49.88 0.520595 
49.89 0.520595 
49.9 0.520595 
49.91 0.520595 
49.92 0.520595 
49.93 0.520595 
49.94 0.520595 
49.95 0.520595 
49.96 0.520595 
49.97 0.520595 
49.98 0.520595 
49.99 0.520595 
50 0.520595 
