0 0.25 
0.01 0.252165 
0.02 0.254383 
0.03 0.256658 
0.04 0.258989 
0.05 0.261379 
0.06 0.263828 
0.07 0.26634 
0.08 0.268914 
0.09 0.271553 
0.1 0.274258 
0.11 0.27703 
0.12 0.279869 
0.13 0.282778 
0.14 0.285757 
0.15 0.288806 
0.16 0.291925 
0.17 0.295116 
0.18 0.298377 
0.19 0.301709 
0.2 0.30511 
0.21 0.308579 
0.22 0.312115 
0.23 0.315715 
0.24 0.319377 
0.25 0.323098 
0.26 0.326874 
0.27 0.330701 
0.28 0.334574 
0.29 0.338489 
0.3 0.34244 
0.31 0.34642 
0.32 0.350423 
0.33 0.354443 
0.34 0.358472 
0.35 0.362503 
0.36 0.366529 
0.37 0.370541 
0.38 0.374533 
0.39 0.378496 
0.4 0.382424 
0.41 0.386309 
0.42 0.390145 
0.43 0.393926 
0.44 0.397645 
0.45 0.401298 
0.46 0.404878 
0.47 0.408383 
0.48 0.411808 
0.49 0.41515 
0.5 0.418407 
0.51 0.421575 
0.52 0.424654 
0.53 0.427643 
0.54 0.43054 
0.55 0.433346 
0.56 0.436061 
0.57 0.438684 
0.58 0.441218 
0.59 0.443662 
0.6 0.446018 
0.61 0.448288 
0.62 0.450474 
0.63 0.452577 
0.64 0.454599 
0.65 0.456542 
0.66 0.458409 
0.67 0.460201 
0.68 0.461922 
0.69 0.463572 
0.7 0.465155 
0.71 0.466673 
0.72 0.468127 
0.73 0.469521 
0.74 0.470856 
0.75 0.472135 
0.76 0.47336 
0.77 0.474532 
0.78 0.475654 
0.79 0.476728 
0.8 0.477756 
0.81 0.478739 
0.82 0.479679 
0.83 0.480579 
0.84 0.481439 
0.85 0.482262 
0.86 0.483049 
0.87 0.483801 
0.88 0.48452 
0.89 0.485208 
0.9 0.485865 
0.91 0.486494 
0.92 0.487095 
0.93 0.487669 
0.94 0.488217 
0.95 0.488742 
0.96 0.489243 
0.97 0.489722 
0.98 0.49018 
0.99 0.490618 
1 0.491036 
1.01 0.491435 
1.02 0.491817 
1.03 0.492182 
1.04 0.49253 
1.05 0.492863 
1.06 0.493182 
1.07 0.493486 
1.08 0.493776 
1.09 0.494054 
1.1 0.494319 
1.11 0.494573 
1.12 0.494815 
1.13 0.495046 
1.14 0.495267 
1.15 0.495478 
1.16 0.49568 
1.17 0.495873 
1.18 0.496057 
1.19 0.496233 
1.2 0.496401 
1.21 0.496562 
1.22 0.496715 
1.23 0.496862 
1.24 0.497002 
1.25 0.497136 
1.26 0.497263 
1.27 0.497386 
1.28 0.497502 
1.29 0.497614 
1.3 0.49772 
1.31 0.497822 
1.32 0.497919 
1.33 0.498012 
1.34 0.498101 
1.35 0.498186 
1.36 0.498267 
1.37 0.498344 
1.38 0.498418 
1.39 0.498489 
1.4 0.498556 
1.41 0.49862 
1.42 0.498682 
1.43 0.498741 
1.44 0.498797 
1.45 0.498851 
1.46 0.498902 
1.47 0.498951 
1.48 0.498998 
1.49 0.499043 
1.5 0.499085 
1.51 0.499126 
1.52 0.499165 
1.53 0.499202 
1.54 0.499238 
1.55 0.499272 
1.56 0.499305 
1.57 0.499336 
1.58 0.499365 
1.59 0.499394 
1.6 0.499421 
1.61 0.499447 
1.62 0.499471 
1.63 0.499495 
1.64 0.499517 
1.65 0.499539 
1.66 0.499559 
1.67 0.499579 
1.68 0.499598 
1.69 0.499616 
1.7 0.499633 
1.71 0.499649 
1.72 0.499665 
1.73 0.49968 
1.74 0.499694 
1.75 0.499708 
1.76 0.499721 
1.77 0.499733 
1.78 0.499745 
1.79 0.499757 
1.8 0.499768 
1.81 0.499778 
1.82 0.499788 
1.83 0.499797 
1.84 0.499806 
1.85 0.499815 
1.86 0.499823 
1.87 0.499831 
1.88 0.499839 
1.89 0.499846 
1.9 0.499853 
1.91 0.499859 
1.92 0.499866 
1.93 0.499872 
1.94 0.499877 
1.95 0.499883 
1.96 0.499888 
1.97 0.499893 
1.98 0.499898 
1.99 0.499902 
2 0.499907 
2.01 0.499911 
2.02 0.499915 
2.03 0.499919 
2.04 0.499922 
2.05 0.499926 
2.06 0.499929 
2.07 0.499932 
2.08 0.499935 
2.09 0.499938 
2.1 0.499941 
2.11 0.499944 
2.12 0.499946 
2.13 0.499949 
2.14 0.499951 
2.15 0.499953 
2.16 0.499955 
2.17 0.499957 
2.18 0.499959 
2.19 0.499961 
2.2 0.499963 
2.21 0.499964 
2.22 0.499966 
2.23 0.499967 
2.24 0.499969 
2.25 0.49997 
2.26 0.499972 
2.27 0.499973 
2.28 0.499974 
2.29 0.499975 
2.3 0.499976 
2.31 0.499977 
2.32 0.499978 
2.33 0.499979 
2.34 0.49998 
2.35 0.499981 
2.36 0.499982 
2.37 0.499983 
2.38 0.499984 
2.39 0.499984 
2.4 0.499985 
2.41 0.499986 
2.42 0.499986 
2.43 0.499987 
2.44 0.499987 
2.45 0.499988 
2.46 0.499989 
2.47 0.499989 
2.48 0.49999 
2.49 0.49999 
2.5 0.49999 
2.51 0.499991 
2.52 0.499991 
2.53 0.499992 
2.54 0.499992 
2.55 0.499992 
2.56 0.499993 
2.57 0.499993 
2.58 0.499993 
2.59 0.499994 
2.6 0.499994 
2.61 0.499994 
2.62 0.499995 
2.63 0.499995 
2.64 0.499995 
2.65 0.499995 
2.66 0.499995 
2.67 0.499996 
2.68 0.499996 
2.69 0.499996 
2.7 0.499996 
2.71 0.499996 
2.72 0.499997 
2.73 0.499997 
2.74 0.499997 
2.75 0.499997 
2.76 0.499997 
2.77 0.499997 
2.78 0.499997 
2.79 0.499997 
2.8 0.499998 
2.81 0.499998 
2.82 0.499998 
2.83 0.499998 
2.84 0.499998 
2.85 0.499998 
2.86 0.499998 
2.87 0.499998 
2.88 0.499998 
2.89 0.499998 
2.9 0.499998 
2.91 0.499999 
2.92 0.499999 
2.93 0.499999 
2.94 0.499999 
2.95 0.499999 
2.96 0.499999 
2.97 0.499999 
2.98 0.499999 
2.99 0.499999 
3 0.499999 
3.01 0.499999 
3.02 0.499999 
3.03 0.499999 
3.04 0.499999 
3.05 0.499999 
3.06 0.499999 
3.07 0.499999 
3.08 0.499999 
3.09 0.499999 
3.1 0.499999 
3.11 0.499999 
3.12 0.499999 
3.13 0.499999 
3.14 0.499999 
3.15 0.5 
3.16 0.5 
3.17 0.5 
3.18 0.5 
3.19 0.5 
3.2 0.5 
3.21 0.5 
3.22 0.5 
3.23 0.5 
3.24 0.5 
3.25 0.5 
3.26 0.5 
3.27 0.5 
3.28 0.5 
3.29 0.5 
3.3 0.5 
3.31 0.5 
3.32 0.5 
3.33 0.5 
3.34 0.5 
3.35 0.5 
3.36 0.5 
3.37 0.5 
3.38 0.5 
3.39 0.5 
3.4 0.5 
3.41 0.5 
3.42 0.5 
3.43 0.5 
3.44 0.5 
3.45 0.5 
3.46 0.5 
3.47 0.5 
3.48 0.5 
3.49 0.5 
3.5 0.5 
3.51 0.5 
3.52 0.5 
3.53 0.5 
3.54 0.5 
3.55 0.5 
3.56 0.5 
3.57 0.5 
3.58 0.5 
3.59 0.5 
3.6 0.5 
3.61 0.5 
3.62 0.5 
3.63 0.5 
3.64 0.5 
3.65 0.5 
3.66 0.5 
3.67 0.5 
3.68 0.5 
3.69 0.5 
3.7 0.5 
3.71 0.5 
3.72 0.5 
3.73 0.5 
3.74 0.5 
3.75 0.5 
3.76 0.5 
3.77 0.5 
3.78 0.5 
3.79 0.5 
3.8 0.5 
3.81 0.5 
3.82 0.5 
3.83 0.5 
3.84 0.5 
3.85 0.5 
3.86 0.5 
3.87 0.5 
3.88 0.5 
3.89 0.5 
3.9 0.5 
3.91 0.5 
3.92 0.5 
3.93 0.5 
3.94 0.5 
3.95 0.5 
3.96 0.5 
3.97 0.5 
3.98 0.5 
3.99 0.5 
4 0.5 
4.01 0.5 
4.02 0.5 
4.03 0.5 
4.04 0.5 
4.05 0.5 
4.06 0.5 
4.07 0.5 
4.08 0.5 
4.09 0.5 
4.1 0.5 
4.11 0.5 
4.12 0.5 
4.13 0.5 
4.14 0.5 
4.15 0.5 
4.16 0.5 
4.17 0.5 
4.18 0.5 
4.19 0.5 
4.2 0.5 
4.21 0.5 
4.22 0.5 
4.23 0.5 
4.24 0.5 
4.25 0.5 
4.26 0.5 
4.27 0.5 
4.28 0.5 
4.29 0.5 
4.3 0.5 
4.31 0.5 
4.32 0.5 
4.33 0.5 
4.34 0.5 
4.35 0.5 
4.36 0.5 
4.37 0.5 
4.38 0.5 
4.39 0.5 
4.4 0.5 
4.41 0.5 
4.42 0.5 
4.43 0.5 
4.44 0.5 
4.45 0.5 
4.46 0.5 
4.47 0.5 
4.48 0.5 
4.49 0.5 
4.5 0.5 
4.51 0.5 
4.52 0.5 
4.53 0.5 
4.54 0.5 
4.55 0.5 
4.56 0.5 
4.57 0.5 
4.58 0.5 
4.59 0.5 
4.6 0.5 
4.61 0.5 
4.62 0.5 
4.63 0.5 
4.64 0.5 
4.65 0.5 
4.66 0.5 
4.67 0.5 
4.68 0.5 
4.69 0.5 
4.7 0.5 
4.71 0.5 
4.72 0.5 
4.73 0.5 
4.74 0.5 
4.75 0.5 
4.76 0.5 
4.77 0.5 
4.78 0.5 
4.79 0.5 
4.8 0.5 
4.81 0.5 
4.82 0.5 
4.83 0.5 
4.84 0.5 
4.85 0.5 
4.86 0.5 
4.87 0.5 
4.88 0.5 
4.89 0.5 
4.9 0.5 
4.91 0.5 
4.92 0.5 
4.93 0.5 
4.94 0.5 
4.95 0.5 
4.96 0.5 
4.97 0.5 
4.98 0.5 
4.99 0.5 
5 0.5 
5.01 0.5 
5.02 0.5 
5.03 0.5 
5.04 0.5 
5.05 0.5 
5.06 0.5 
5.07 0.5 
5.08 0.5 
5.09 0.5 
5.1 0.5 
5.11 0.5 
5.12 0.5 
5.13 0.5 
5.14 0.5 
5.15 0.5 
5.16 0.5 
5.17 0.5 
5.18 0.5 
5.19 0.5 
5.2 0.5 
5.21 0.5 
5.22 0.5 
5.23 0.5 
5.24 0.5 
5.25 0.5 
5.26 0.5 
5.27 0.5 
5.28 0.5 
5.29 0.5 
5.3 0.5 
5.31 0.5 
5.32 0.5 
5.33 0.5 
5.34 0.5 
5.35 0.5 
5.36 0.5 
5.37 0.5 
5.38 0.5 
5.39 0.5 
5.4 0.5 
5.41 0.5 
5.42 0.5 
5.43 0.5 
5.44 0.5 
5.45 0.5 
5.46 0.5 
5.47 0.5 
5.48 0.5 
5.49 0.5 
5.5 0.5 
5.51 0.5 
5.52 0.5 
5.53 0.5 
5.54 0.5 
5.55 0.5 
5.56 0.5 
5.57 0.5 
5.58 0.5 
5.59 0.5 
5.6 0.5 
5.61 0.5 
5.62 0.5 
5.63 0.5 
5.64 0.5 
5.65 0.5 
5.66 0.5 
5.67 0.5 
5.68 0.5 
5.69 0.5 
5.7 0.5 
5.71 0.5 
5.72 0.5 
5.73 0.5 
5.74 0.5 
5.75 0.5 
5.76 0.5 
5.77 0.5 
5.78 0.5 
5.79 0.5 
5.8 0.5 
5.81 0.5 
5.82 0.5 
5.83 0.5 
5.84 0.5 
5.85 0.5 
5.86 0.5 
5.87 0.5 
5.88 0.5 
5.89 0.5 
5.9 0.5 
5.91 0.5 
5.92 0.5 
5.93 0.5 
5.94 0.5 
5.95 0.5 
5.96 0.5 
5.97 0.5 
5.98 0.5 
5.99 0.5 
6 0.5 
6.01 0.5 
6.02 0.5 
6.03 0.5 
6.04 0.5 
6.05 0.5 
6.06 0.5 
6.07 0.5 
6.08 0.5 
6.09 0.5 
6.1 0.5 
6.11 0.5 
6.12 0.5 
6.13 0.5 
6.14 0.5 
6.15 0.5 
6.16 0.5 
6.17 0.5 
6.18 0.5 
6.19 0.5 
6.2 0.5 
6.21 0.5 
6.22 0.5 
6.23 0.5 
6.24 0.5 
6.25 0.5 
6.26 0.5 
6.27 0.5 
6.28 0.5 
6.29 0.5 
6.3 0.5 
6.31 0.5 
6.32 0.5 
6.33 0.5 
6.34 0.5 
6.35 0.5 
6.36 0.5 
6.37 0.5 
6.38 0.5 
6.39 0.5 
6.4 0.5 
6.41 0.5 
6.42 0.5 
6.43 0.5 
6.44 0.5 
6.45 0.5 
6.46 0.5 
6.47 0.5 
6.48 0.5 
6.49 0.5 
6.5 0.5 
6.51 0.5 
6.52 0.5 
6.53 0.5 
6.54 0.5 
6.55 0.5 
6.56 0.5 
6.57 0.5 
6.58 0.5 
6.59 0.5 
6.6 0.5 
6.61 0.5 
6.62 0.5 
6.63 0.5 
6.64 0.5 
6.65 0.5 
6.66 0.5 
6.67 0.5 
6.68 0.5 
6.69 0.5 
6.7 0.5 
6.71 0.5 
6.72 0.5 
6.73 0.5 
6.74 0.5 
6.75 0.5 
6.76 0.5 
6.77 0.5 
6.78 0.5 
6.79 0.5 
6.8 0.5 
6.81 0.5 
6.82 0.5 
6.83 0.5 
6.84 0.5 
6.85 0.5 
6.86 0.5 
6.87 0.5 
6.88 0.5 
6.89 0.5 
6.9 0.5 
6.91 0.5 
6.92 0.5 
6.93 0.5 
6.94 0.5 
6.95 0.5 
6.96 0.5 
6.97 0.5 
6.98 0.5 
6.99 0.5 
7 0.5 
7.01 0.5 
7.02 0.5 
7.03 0.5 
7.04 0.5 
7.05 0.5 
7.06 0.5 
7.07 0.5 
7.08 0.5 
7.09 0.5 
7.1 0.5 
7.11 0.5 
7.12 0.5 
7.13 0.5 
7.14 0.5 
7.15 0.5 
7.16 0.5 
7.17 0.5 
7.18 0.5 
7.19 0.5 
7.2 0.5 
7.21 0.5 
7.22 0.5 
7.23 0.5 
7.24 0.5 
7.25 0.5 
7.26 0.5 
7.27 0.5 
7.28 0.5 
7.29 0.5 
7.3 0.5 
7.31 0.5 
7.32 0.5 
7.33 0.5 
7.34 0.5 
7.35 0.5 
7.36 0.5 
7.37 0.5 
7.38 0.5 
7.39 0.5 
7.4 0.5 
7.41 0.5 
7.42 0.5 
7.43 0.5 
7.44 0.5 
7.45 0.5 
7.46 0.5 
7.47 0.5 
7.48 0.5 
7.49 0.5 
7.5 0.5 
7.51 0.5 
7.52 0.5 
7.53 0.5 
7.54 0.5 
7.55 0.5 
7.56 0.5 
7.57 0.5 
7.58 0.5 
7.59 0.5 
7.6 0.5 
7.61 0.5 
7.62 0.5 
7.63 0.5 
7.64 0.5 
7.65 0.5 
7.66 0.5 
7.67 0.5 
7.68 0.5 
7.69 0.5 
7.7 0.5 
7.71 0.5 
7.72 0.5 
7.73 0.5 
7.74 0.5 
7.75 0.5 
7.76 0.5 
7.77 0.5 
7.78 0.5 
7.79 0.5 
7.8 0.5 
7.81 0.5 
7.82 0.5 
7.83 0.5 
7.84 0.5 
7.85 0.5 
7.86 0.5 
7.87 0.5 
7.88 0.5 
7.89 0.5 
7.9 0.5 
7.91 0.5 
7.92 0.5 
7.93 0.5 
7.94 0.5 
7.95 0.5 
7.96 0.5 
7.97 0.5 
7.98 0.5 
7.99 0.5 
8 0.5 
8.01 0.5 
8.02 0.5 
8.03 0.5 
8.04 0.5 
8.05 0.5 
8.06 0.5 
8.07 0.5 
8.08 0.5 
8.09 0.5 
8.1 0.5 
8.11 0.5 
8.12 0.5 
8.13 0.5 
8.14 0.5 
8.15 0.5 
8.16 0.5 
8.17 0.5 
8.18 0.5 
8.19 0.5 
8.2 0.5 
8.21 0.5 
8.22 0.5 
8.23 0.5 
8.24 0.5 
8.25 0.5 
8.26 0.5 
8.27 0.5 
8.28 0.5 
8.29 0.5 
8.3 0.5 
8.31 0.5 
8.32 0.5 
8.33 0.5 
8.34 0.5 
8.35 0.5 
8.36 0.5 
8.37 0.5 
8.38 0.5 
8.39 0.5 
8.4 0.5 
8.41 0.5 
8.42 0.5 
8.43 0.5 
8.44 0.5 
8.45 0.5 
8.46 0.5 
8.47 0.5 
8.48 0.5 
8.49 0.5 
8.5 0.5 
8.51 0.5 
8.52 0.5 
8.53 0.5 
8.54 0.5 
8.55 0.5 
8.56 0.5 
8.57 0.5 
8.58 0.5 
8.59 0.5 
8.6 0.5 
8.61 0.5 
8.62 0.5 
8.63 0.5 
8.64 0.5 
8.65 0.5 
8.66 0.5 
8.67 0.5 
8.68 0.5 
8.69 0.5 
8.7 0.5 
8.71 0.5 
8.72 0.5 
8.73 0.5 
8.74 0.5 
8.75 0.5 
8.76 0.5 
8.77 0.5 
8.78 0.5 
8.79 0.5 
8.8 0.5 
8.81 0.5 
8.82 0.5 
8.83 0.5 
8.84 0.5 
8.85 0.5 
8.86 0.5 
8.87 0.5 
8.88 0.5 
8.89 0.5 
8.9 0.5 
8.91 0.5 
8.92 0.5 
8.93 0.5 
8.94 0.5 
8.95 0.5 
8.96 0.5 
8.97 0.5 
8.98 0.5 
8.99 0.5 
9 0.5 
9.01 0.5 
9.02 0.5 
9.03 0.5 
9.04 0.5 
9.05 0.5 
9.06 0.5 
9.07 0.5 
9.08 0.5 
9.09 0.5 
9.1 0.5 
9.11 0.5 
9.12 0.5 
9.13 0.5 
9.14 0.5 
9.15 0.5 
9.16 0.5 
9.17 0.5 
9.18 0.5 
9.19 0.5 
9.2 0.5 
9.21 0.5 
9.22 0.5 
9.23 0.5 
9.24 0.5 
9.25 0.5 
9.26 0.5 
9.27 0.5 
9.28 0.5 
9.29 0.5 
9.3 0.5 
9.31 0.5 
9.32 0.5 
9.33 0.5 
9.34 0.5 
9.35 0.5 
9.36 0.5 
9.37 0.5 
9.38 0.5 
9.39 0.5 
9.4 0.5 
9.41 0.5 
9.42 0.5 
9.43 0.5 
9.44 0.5 
9.45 0.5 
9.46 0.5 
9.47 0.5 
9.48 0.5 
9.49 0.5 
9.5 0.5 
9.51 0.5 
9.52 0.5 
9.53 0.5 
9.54 0.5 
9.55 0.5 
9.56 0.5 
9.57 0.5 
9.58 0.5 
9.59 0.5 
9.6 0.5 
9.61 0.5 
9.62 0.5 
9.63 0.5 
9.64 0.5 
9.65 0.5 
9.66 0.5 
9.67 0.5 
9.68 0.5 
9.69 0.5 
9.7 0.5 
9.71 0.5 
9.72 0.5 
9.73 0.5 
9.74 0.5 
9.75 0.5 
9.76 0.5 
9.77 0.5 
9.78 0.5 
9.79 0.5 
9.8 0.5 
9.81 0.5 
9.82 0.5 
9.83 0.5 
9.84 0.5 
9.85 0.5 
9.86 0.5 
9.87 0.5 
9.88 0.5 
9.89 0.5 
9.9 0.5 
9.91 0.5 
9.92 0.5 
9.93 0.5 
9.94 0.5 
9.95 0.5 
9.96 0.5 
9.97 0.5 
9.98 0.5 
9.99 0.5 
10 0.5 
10.01 0.5 
10.02 0.5 
10.03 0.5 
10.04 0.5 
10.05 0.5 
10.06 0.5 
10.07 0.5 
10.08 0.5 
10.09 0.5 
10.1 0.5 
10.11 0.5 
10.12 0.5 
10.13 0.5 
10.14 0.5 
10.15 0.5 
10.16 0.5 
10.17 0.5 
10.18 0.5 
10.19 0.5 
10.2 0.5 
10.21 0.5 
10.22 0.5 
10.23 0.5 
10.24 0.5 
10.25 0.5 
10.26 0.5 
10.27 0.5 
10.28 0.5 
10.29 0.5 
10.3 0.5 
10.31 0.5 
10.32 0.5 
10.33 0.5 
10.34 0.5 
10.35 0.5 
10.36 0.5 
10.37 0.5 
10.38 0.5 
10.39 0.5 
10.4 0.5 
10.41 0.5 
10.42 0.5 
10.43 0.5 
10.44 0.5 
10.45 0.5 
10.46 0.5 
10.47 0.5 
10.48 0.5 
10.49 0.5 
10.5 0.5 
10.51 0.5 
10.52 0.5 
10.53 0.5 
10.54 0.5 
10.55 0.5 
10.56 0.5 
10.57 0.5 
10.58 0.5 
10.59 0.5 
10.6 0.5 
10.61 0.5 
10.62 0.5 
10.63 0.5 
10.64 0.5 
10.65 0.5 
10.66 0.5 
10.67 0.5 
10.68 0.5 
10.69 0.5 
10.7 0.5 
10.71 0.5 
10.72 0.5 
10.73 0.5 
10.74 0.5 
10.75 0.5 
10.76 0.5 
10.77 0.5 
10.78 0.5 
10.79 0.5 
10.8 0.5 
10.81 0.5 
10.82 0.5 
10.83 0.5 
10.84 0.5 
10.85 0.5 
10.86 0.5 
10.87 0.5 
10.88 0.5 
10.89 0.5 
10.9 0.5 
10.91 0.5 
10.92 0.5 
10.93 0.5 
10.94 0.5 
10.95 0.5 
10.96 0.5 
10.97 0.5 
10.98 0.5 
10.99 0.5 
11 0.5 
11.01 0.5 
11.02 0.5 
11.03 0.5 
11.04 0.5 
11.05 0.5 
11.06 0.5 
11.07 0.5 
11.08 0.5 
11.09 0.5 
11.1 0.5 
11.11 0.5 
11.12 0.5 
11.13 0.5 
11.14 0.5 
11.15 0.5 
11.16 0.5 
11.17 0.5 
11.18 0.5 
11.19 0.5 
11.2 0.5 
11.21 0.5 
11.22 0.5 
11.23 0.5 
11.24 0.5 
11.25 0.5 
11.26 0.5 
11.27 0.5 
11.28 0.5 
11.29 0.5 
11.3 0.5 
11.31 0.5 
11.32 0.5 
11.33 0.5 
11.34 0.5 
11.35 0.5 
11.36 0.5 
11.37 0.5 
11.38 0.5 
11.39 0.5 
11.4 0.5 
11.41 0.5 
11.42 0.5 
11.43 0.5 
11.44 0.5 
11.45 0.5 
11.46 0.5 
11.47 0.5 
11.48 0.5 
11.49 0.5 
11.5 0.5 
11.51 0.5 
11.52 0.5 
11.53 0.5 
11.54 0.5 
11.55 0.5 
11.56 0.5 
11.57 0.5 
11.58 0.5 
11.59 0.5 
11.6 0.5 
11.61 0.5 
11.62 0.5 
11.63 0.5 
11.64 0.5 
11.65 0.5 
11.66 0.5 
11.67 0.5 
11.68 0.5 
11.69 0.5 
11.7 0.5 
11.71 0.5 
11.72 0.5 
11.73 0.5 
11.74 0.5 
11.75 0.5 
11.76 0.5 
11.77 0.5 
11.78 0.5 
11.79 0.5 
11.8 0.5 
11.81 0.5 
11.82 0.5 
11.83 0.5 
11.84 0.5 
11.85 0.5 
11.86 0.5 
11.87 0.5 
11.88 0.5 
11.89 0.5 
11.9 0.5 
11.91 0.5 
11.92 0.5 
11.93 0.5 
11.94 0.5 
11.95 0.5 
11.96 0.5 
11.97 0.5 
11.98 0.5 
11.99 0.5 
12 0.5 
12.01 0.5 
12.02 0.5 
12.03 0.5 
12.04 0.5 
12.05 0.5 
12.06 0.5 
12.07 0.5 
12.08 0.5 
12.09 0.5 
12.1 0.5 
12.11 0.5 
12.12 0.5 
12.13 0.5 
12.14 0.5 
12.15 0.5 
12.16 0.5 
12.17 0.5 
12.18 0.5 
12.19 0.5 
12.2 0.5 
12.21 0.5 
12.22 0.5 
12.23 0.5 
12.24 0.5 
12.25 0.5 
12.26 0.5 
12.27 0.5 
12.28 0.5 
12.29 0.5 
12.3 0.5 
12.31 0.5 
12.32 0.5 
12.33 0.5 
12.34 0.5 
12.35 0.5 
12.36 0.5 
12.37 0.5 
12.38 0.5 
12.39 0.5 
12.4 0.5 
12.41 0.5 
12.42 0.5 
12.43 0.5 
12.44 0.5 
12.45 0.5 
12.46 0.5 
12.47 0.5 
12.48 0.5 
12.49 0.5 
12.5 0.5 
12.51 0.5 
12.52 0.5 
12.53 0.5 
12.54 0.5 
12.55 0.5 
12.56 0.5 
12.57 0.5 
12.58 0.5 
12.59 0.5 
12.6 0.5 
12.61 0.5 
12.62 0.5 
12.63 0.5 
12.64 0.5 
12.65 0.5 
12.66 0.5 
12.67 0.5 
12.68 0.5 
12.69 0.5 
12.7 0.5 
12.71 0.5 
12.72 0.5 
12.73 0.5 
12.74 0.5 
12.75 0.5 
12.76 0.5 
12.77 0.5 
12.78 0.5 
12.79 0.5 
12.8 0.5 
12.81 0.5 
12.82 0.5 
12.83 0.5 
12.84 0.5 
12.85 0.5 
12.86 0.5 
12.87 0.5 
12.88 0.5 
12.89 0.5 
12.9 0.5 
12.91 0.5 
12.92 0.5 
12.93 0.5 
12.94 0.5 
12.95 0.5 
12.96 0.5 
12.97 0.5 
12.98 0.5 
12.99 0.5 
13 0.5 
13.01 0.5 
13.02 0.5 
13.03 0.5 
13.04 0.5 
13.05 0.5 
13.06 0.5 
13.07 0.5 
13.08 0.5 
13.09 0.5 
13.1 0.5 
13.11 0.5 
13.12 0.5 
13.13 0.5 
13.14 0.5 
13.15 0.5 
13.16 0.5 
13.17 0.5 
13.18 0.5 
13.19 0.5 
13.2 0.5 
13.21 0.5 
13.22 0.5 
13.23 0.5 
13.24 0.5 
13.25 0.5 
13.26 0.5 
13.27 0.5 
13.28 0.5 
13.29 0.5 
13.3 0.5 
13.31 0.5 
13.32 0.5 
13.33 0.5 
13.34 0.5 
13.35 0.5 
13.36 0.5 
13.37 0.5 
13.38 0.5 
13.39 0.5 
13.4 0.5 
13.41 0.5 
13.42 0.5 
13.43 0.5 
13.44 0.5 
13.45 0.5 
13.46 0.5 
13.47 0.5 
13.48 0.5 
13.49 0.5 
13.5 0.5 
13.51 0.5 
13.52 0.5 
13.53 0.5 
13.54 0.5 
13.55 0.5 
13.56 0.5 
13.57 0.5 
13.58 0.5 
13.59 0.5 
13.6 0.5 
13.61 0.5 
13.62 0.5 
13.63 0.5 
13.64 0.5 
13.65 0.5 
13.66 0.5 
13.67 0.5 
13.68 0.5 
13.69 0.5 
13.7 0.5 
13.71 0.5 
13.72 0.5 
13.73 0.5 
13.74 0.5 
13.75 0.5 
13.76 0.5 
13.77 0.5 
13.78 0.5 
13.79 0.5 
13.8 0.5 
13.81 0.5 
13.82 0.5 
13.83 0.5 
13.84 0.5 
13.85 0.5 
13.86 0.5 
13.87 0.5 
13.88 0.5 
13.89 0.5 
13.9 0.5 
13.91 0.5 
13.92 0.5 
13.93 0.5 
13.94 0.5 
13.95 0.5 
13.96 0.5 
13.97 0.5 
13.98 0.5 
13.99 0.5 
14 0.5 
14.01 0.5 
14.02 0.5 
14.03 0.5 
14.04 0.5 
14.05 0.5 
14.06 0.5 
14.07 0.5 
14.08 0.5 
14.09 0.5 
14.1 0.5 
14.11 0.5 
14.12 0.5 
14.13 0.5 
14.14 0.5 
14.15 0.5 
14.16 0.5 
14.17 0.5 
14.18 0.5 
14.19 0.5 
14.2 0.5 
14.21 0.5 
14.22 0.5 
14.23 0.5 
14.24 0.5 
14.25 0.5 
14.26 0.5 
14.27 0.5 
14.28 0.5 
14.29 0.5 
14.3 0.5 
14.31 0.5 
14.32 0.5 
14.33 0.5 
14.34 0.5 
14.35 0.5 
14.36 0.5 
14.37 0.5 
14.38 0.5 
14.39 0.5 
14.4 0.5 
14.41 0.5 
14.42 0.5 
14.43 0.5 
14.44 0.5 
14.45 0.5 
14.46 0.5 
14.47 0.5 
14.48 0.5 
14.49 0.5 
14.5 0.5 
14.51 0.5 
14.52 0.5 
14.53 0.5 
14.54 0.5 
14.55 0.5 
14.56 0.5 
14.57 0.5 
14.58 0.5 
14.59 0.5 
14.6 0.5 
14.61 0.5 
14.62 0.5 
14.63 0.5 
14.64 0.5 
14.65 0.5 
14.66 0.5 
14.67 0.5 
14.68 0.5 
14.69 0.5 
14.7 0.5 
14.71 0.5 
14.72 0.5 
14.73 0.5 
14.74 0.5 
14.75 0.5 
14.76 0.5 
14.77 0.5 
14.78 0.5 
14.79 0.5 
14.8 0.5 
14.81 0.5 
14.82 0.5 
14.83 0.5 
14.84 0.5 
14.85 0.5 
14.86 0.5 
14.87 0.5 
14.88 0.5 
14.89 0.5 
14.9 0.5 
14.91 0.5 
14.92 0.5 
14.93 0.5 
14.94 0.5 
14.95 0.5 
14.96 0.5 
14.97 0.5 
14.98 0.5 
14.99 0.5 
15 0.5 
15.01 0.5 
15.02 0.5 
15.03 0.5 
15.04 0.5 
15.05 0.5 
15.06 0.5 
15.07 0.5 
15.08 0.5 
15.09 0.5 
15.1 0.5 
15.11 0.5 
15.12 0.5 
15.13 0.5 
15.14 0.5 
15.15 0.5 
15.16 0.5 
15.17 0.5 
15.18 0.5 
15.19 0.5 
15.2 0.5 
15.21 0.5 
15.22 0.5 
15.23 0.5 
15.24 0.5 
15.25 0.5 
15.26 0.5 
15.27 0.5 
15.28 0.5 
15.29 0.5 
15.3 0.5 
15.31 0.5 
15.32 0.5 
15.33 0.5 
15.34 0.5 
15.35 0.5 
15.36 0.5 
15.37 0.5 
15.38 0.5 
15.39 0.5 
15.4 0.5 
15.41 0.5 
15.42 0.5 
15.43 0.5 
15.44 0.5 
15.45 0.5 
15.46 0.5 
15.47 0.5 
15.48 0.5 
15.49 0.5 
15.5 0.5 
15.51 0.5 
15.52 0.5 
15.53 0.5 
15.54 0.5 
15.55 0.5 
15.56 0.5 
15.57 0.5 
15.58 0.5 
15.59 0.5 
15.6 0.5 
15.61 0.5 
15.62 0.5 
15.63 0.5 
15.64 0.5 
15.65 0.5 
15.66 0.5 
15.67 0.5 
15.68 0.5 
15.69 0.5 
15.7 0.5 
15.71 0.5 
15.72 0.5 
15.73 0.5 
15.74 0.5 
15.75 0.5 
15.76 0.5 
15.77 0.5 
15.78 0.5 
15.79 0.5 
15.8 0.5 
15.81 0.5 
15.82 0.5 
15.83 0.5 
15.84 0.5 
15.85 0.5 
15.86 0.5 
15.87 0.5 
15.88 0.5 
15.89 0.5 
15.9 0.5 
15.91 0.5 
15.92 0.5 
15.93 0.5 
15.94 0.5 
15.95 0.5 
15.96 0.5 
15.97 0.5 
15.98 0.5 
15.99 0.5 
16 0.5 
16.01 0.5 
16.02 0.5 
16.03 0.5 
16.04 0.5 
16.05 0.5 
16.06 0.5 
16.07 0.5 
16.08 0.5 
16.09 0.5 
16.1 0.5 
16.11 0.5 
16.12 0.5 
16.13 0.5 
16.14 0.5 
16.15 0.5 
16.16 0.5 
16.17 0.5 
16.18 0.5 
16.19 0.5 
16.2 0.5 
16.21 0.5 
16.22 0.5 
16.23 0.5 
16.24 0.5 
16.25 0.5 
16.26 0.5 
16.27 0.5 
16.28 0.5 
16.29 0.5 
16.3 0.5 
16.31 0.5 
16.32 0.5 
16.33 0.5 
16.34 0.5 
16.35 0.5 
16.36 0.5 
16.37 0.5 
16.38 0.5 
16.39 0.5 
16.4 0.5 
16.41 0.5 
16.42 0.5 
16.43 0.5 
16.44 0.5 
16.45 0.5 
16.46 0.5 
16.47 0.5 
16.48 0.5 
16.49 0.5 
16.5 0.5 
16.51 0.5 
16.52 0.5 
16.53 0.5 
16.54 0.5 
16.55 0.5 
16.56 0.5 
16.57 0.5 
16.58 0.5 
16.59 0.5 
16.6 0.5 
16.61 0.5 
16.62 0.5 
16.63 0.5 
16.64 0.5 
16.65 0.5 
16.66 0.5 
16.67 0.5 
16.68 0.5 
16.69 0.5 
16.7 0.5 
16.71 0.5 
16.72 0.5 
16.73 0.5 
16.74 0.5 
16.75 0.5 
16.76 0.5 
16.77 0.5 
16.78 0.5 
16.79 0.5 
16.8 0.5 
16.81 0.5 
16.82 0.5 
16.83 0.5 
16.84 0.5 
16.85 0.5 
16.86 0.5 
16.87 0.5 
16.88 0.5 
16.89 0.5 
16.9 0.5 
16.91 0.5 
16.92 0.5 
16.93 0.5 
16.94 0.5 
16.95 0.5 
16.96 0.5 
16.97 0.5 
16.98 0.5 
16.99 0.5 
17 0.5 
17.01 0.5 
17.02 0.5 
17.03 0.5 
17.04 0.5 
17.05 0.5 
17.06 0.5 
17.07 0.5 
17.08 0.5 
17.09 0.5 
17.1 0.5 
17.11 0.5 
17.12 0.5 
17.13 0.5 
17.14 0.5 
17.15 0.5 
17.16 0.5 
17.17 0.5 
17.18 0.5 
17.19 0.5 
17.2 0.5 
17.21 0.5 
17.22 0.5 
17.23 0.5 
17.24 0.5 
17.25 0.5 
17.26 0.5 
17.27 0.5 
17.28 0.5 
17.29 0.5 
17.3 0.5 
17.31 0.5 
17.32 0.5 
17.33 0.5 
17.34 0.5 
17.35 0.5 
17.36 0.5 
17.37 0.5 
17.38 0.5 
17.39 0.5 
17.4 0.5 
17.41 0.5 
17.42 0.5 
17.43 0.5 
17.44 0.5 
17.45 0.5 
17.46 0.5 
17.47 0.5 
17.48 0.5 
17.49 0.5 
17.5 0.5 
17.51 0.5 
17.52 0.5 
17.53 0.5 
17.54 0.5 
17.55 0.5 
17.56 0.5 
17.57 0.5 
17.58 0.5 
17.59 0.5 
17.6 0.5 
17.61 0.5 
17.62 0.5 
17.63 0.5 
17.64 0.5 
17.65 0.5 
17.66 0.5 
17.67 0.5 
17.68 0.5 
17.69 0.5 
17.7 0.5 
17.71 0.5 
17.72 0.5 
17.73 0.5 
17.74 0.5 
17.75 0.5 
17.76 0.5 
17.77 0.5 
17.78 0.5 
17.79 0.5 
17.8 0.5 
17.81 0.5 
17.82 0.5 
17.83 0.5 
17.84 0.5 
17.85 0.5 
17.86 0.5 
17.87 0.5 
17.88 0.5 
17.89 0.5 
17.9 0.5 
17.91 0.5 
17.92 0.5 
17.93 0.5 
17.94 0.5 
17.95 0.5 
17.96 0.5 
17.97 0.5 
17.98 0.5 
17.99 0.5 
18 0.5 
18.01 0.5 
18.02 0.5 
18.03 0.5 
18.04 0.5 
18.05 0.5 
18.06 0.5 
18.07 0.5 
18.08 0.5 
18.09 0.5 
18.1 0.5 
18.11 0.5 
18.12 0.5 
18.13 0.5 
18.14 0.5 
18.15 0.5 
18.16 0.5 
18.17 0.5 
18.18 0.5 
18.19 0.5 
18.2 0.5 
18.21 0.5 
18.22 0.5 
18.23 0.5 
18.24 0.5 
18.25 0.5 
18.26 0.5 
18.27 0.5 
18.28 0.5 
18.29 0.5 
18.3 0.5 
18.31 0.5 
18.32 0.5 
18.33 0.5 
18.34 0.5 
18.35 0.5 
18.36 0.5 
18.37 0.5 
18.38 0.5 
18.39 0.5 
18.4 0.5 
18.41 0.5 
18.42 0.5 
18.43 0.5 
18.44 0.5 
18.45 0.5 
18.46 0.5 
18.47 0.5 
18.48 0.5 
18.49 0.5 
18.5 0.5 
18.51 0.5 
18.52 0.5 
18.53 0.5 
18.54 0.5 
18.55 0.5 
18.56 0.5 
18.57 0.5 
18.58 0.5 
18.59 0.5 
18.6 0.5 
18.61 0.5 
18.62 0.5 
18.63 0.5 
18.64 0.5 
18.65 0.5 
18.66 0.5 
18.67 0.5 
18.68 0.5 
18.69 0.5 
18.7 0.5 
18.71 0.5 
18.72 0.5 
18.73 0.5 
18.74 0.5 
18.75 0.5 
18.76 0.5 
18.77 0.5 
18.78 0.5 
18.79 0.5 
18.8 0.5 
18.81 0.5 
18.82 0.5 
18.83 0.5 
18.84 0.5 
18.85 0.5 
18.86 0.5 
18.87 0.5 
18.88 0.5 
18.89 0.5 
18.9 0.5 
18.91 0.5 
18.92 0.5 
18.93 0.5 
18.94 0.5 
18.95 0.5 
18.96 0.5 
18.97 0.5 
18.98 0.5 
18.99 0.5 
19 0.5 
19.01 0.5 
19.02 0.5 
19.03 0.5 
19.04 0.5 
19.05 0.5 
19.06 0.5 
19.07 0.5 
19.08 0.5 
19.09 0.5 
19.1 0.5 
19.11 0.5 
19.12 0.5 
19.13 0.5 
19.14 0.5 
19.15 0.5 
19.16 0.5 
19.17 0.5 
19.18 0.5 
19.19 0.5 
19.2 0.5 
19.21 0.5 
19.22 0.5 
19.23 0.5 
19.24 0.5 
19.25 0.5 
19.26 0.5 
19.27 0.5 
19.28 0.5 
19.29 0.5 
19.3 0.5 
19.31 0.5 
19.32 0.5 
19.33 0.5 
19.34 0.5 
19.35 0.5 
19.36 0.5 
19.37 0.5 
19.38 0.5 
19.39 0.5 
19.4 0.5 
19.41 0.5 
19.42 0.5 
19.43 0.5 
19.44 0.5 
19.45 0.5 
19.46 0.5 
19.47 0.5 
19.48 0.5 
19.49 0.5 
19.5 0.5 
19.51 0.5 
19.52 0.5 
19.53 0.5 
19.54 0.5 
19.55 0.5 
19.56 0.5 
19.57 0.5 
19.58 0.5 
19.59 0.5 
19.6 0.5 
19.61 0.5 
19.62 0.5 
19.63 0.5 
19.64 0.5 
19.65 0.5 
19.66 0.5 
19.67 0.5 
19.68 0.5 
19.69 0.5 
19.7 0.5 
19.71 0.5 
19.72 0.5 
19.73 0.5 
19.74 0.5 
19.75 0.5 
19.76 0.5 
19.77 0.5 
19.78 0.5 
19.79 0.5 
19.8 0.5 
19.81 0.5 
19.82 0.5 
19.83 0.5 
19.84 0.5 
19.85 0.5 
19.86 0.5 
19.87 0.5 
19.88 0.5 
19.89 0.5 
19.9 0.5 
19.91 0.5 
19.92 0.5 
19.93 0.5 
19.94 0.5 
19.95 0.5 
19.96 0.5 
19.97 0.5 
19.98 0.5 
19.99 0.5 
20 0.5 
20.01 0.5 
20.02 0.5 
20.03 0.5 
20.04 0.5 
20.05 0.5 
20.06 0.5 
20.07 0.5 
20.08 0.5 
20.09 0.5 
20.1 0.5 
20.11 0.5 
20.12 0.5 
20.13 0.5 
20.14 0.5 
20.15 0.5 
20.16 0.5 
20.17 0.5 
20.18 0.5 
20.19 0.5 
20.2 0.5 
20.21 0.5 
20.22 0.5 
20.23 0.5 
20.24 0.5 
20.25 0.5 
20.26 0.5 
20.27 0.5 
20.28 0.5 
20.29 0.5 
20.3 0.5 
20.31 0.5 
20.32 0.5 
20.33 0.5 
20.34 0.5 
20.35 0.5 
20.36 0.5 
20.37 0.5 
20.38 0.5 
20.39 0.5 
20.4 0.5 
20.41 0.5 
20.42 0.5 
20.43 0.5 
20.44 0.5 
20.45 0.5 
20.46 0.5 
20.47 0.5 
20.48 0.5 
20.49 0.5 
20.5 0.5 
20.51 0.5 
20.52 0.5 
20.53 0.5 
20.54 0.5 
20.55 0.5 
20.56 0.5 
20.57 0.5 
20.58 0.5 
20.59 0.5 
20.6 0.5 
20.61 0.5 
20.62 0.5 
20.63 0.5 
20.64 0.5 
20.65 0.5 
20.66 0.5 
20.67 0.5 
20.68 0.5 
20.69 0.5 
20.7 0.5 
20.71 0.5 
20.72 0.5 
20.73 0.5 
20.74 0.5 
20.75 0.5 
20.76 0.5 
20.77 0.5 
20.78 0.5 
20.79 0.5 
20.8 0.5 
20.81 0.5 
20.82 0.5 
20.83 0.5 
20.84 0.5 
20.85 0.5 
20.86 0.5 
20.87 0.5 
20.88 0.5 
20.89 0.5 
20.9 0.5 
20.91 0.5 
20.92 0.5 
20.93 0.5 
20.94 0.5 
20.95 0.5 
20.96 0.5 
20.97 0.5 
20.98 0.5 
20.99 0.5 
21 0.5 
21.01 0.5 
21.02 0.5 
21.03 0.5 
21.04 0.5 
21.05 0.5 
21.06 0.5 
21.07 0.5 
21.08 0.5 
21.09 0.5 
21.1 0.5 
21.11 0.5 
21.12 0.5 
21.13 0.5 
21.14 0.5 
21.15 0.5 
21.16 0.5 
21.17 0.5 
21.18 0.5 
21.19 0.5 
21.2 0.5 
21.21 0.5 
21.22 0.5 
21.23 0.5 
21.24 0.5 
21.25 0.5 
21.26 0.5 
21.27 0.5 
21.28 0.5 
21.29 0.5 
21.3 0.5 
21.31 0.5 
21.32 0.5 
21.33 0.5 
21.34 0.5 
21.35 0.5 
21.36 0.5 
21.37 0.5 
21.38 0.5 
21.39 0.5 
21.4 0.5 
21.41 0.5 
21.42 0.5 
21.43 0.5 
21.44 0.5 
21.45 0.5 
21.46 0.5 
21.47 0.5 
21.48 0.5 
21.49 0.5 
21.5 0.5 
21.51 0.5 
21.52 0.5 
21.53 0.5 
21.54 0.5 
21.55 0.5 
21.56 0.5 
21.57 0.5 
21.58 0.5 
21.59 0.5 
21.6 0.5 
21.61 0.5 
21.62 0.5 
21.63 0.5 
21.64 0.5 
21.65 0.5 
21.66 0.5 
21.67 0.5 
21.68 0.5 
21.69 0.5 
21.7 0.5 
21.71 0.5 
21.72 0.5 
21.73 0.5 
21.74 0.5 
21.75 0.5 
21.76 0.5 
21.77 0.5 
21.78 0.5 
21.79 0.5 
21.8 0.5 
21.81 0.5 
21.82 0.5 
21.83 0.5 
21.84 0.5 
21.85 0.5 
21.86 0.5 
21.87 0.5 
21.88 0.5 
21.89 0.5 
21.9 0.5 
21.91 0.5 
21.92 0.5 
21.93 0.5 
21.94 0.5 
21.95 0.5 
21.96 0.5 
21.97 0.5 
21.98 0.5 
21.99 0.5 
22 0.5 
22.01 0.5 
22.02 0.5 
22.03 0.5 
22.04 0.5 
22.05 0.5 
22.06 0.5 
22.07 0.5 
22.08 0.5 
22.09 0.5 
22.1 0.5 
22.11 0.5 
22.12 0.5 
22.13 0.5 
22.14 0.5 
22.15 0.5 
22.16 0.5 
22.17 0.5 
22.18 0.5 
22.19 0.5 
22.2 0.5 
22.21 0.5 
22.22 0.5 
22.23 0.5 
22.24 0.5 
22.25 0.5 
22.26 0.5 
22.27 0.5 
22.28 0.5 
22.29 0.5 
22.3 0.5 
22.31 0.5 
22.32 0.5 
22.33 0.5 
22.34 0.5 
22.35 0.5 
22.36 0.5 
22.37 0.5 
22.38 0.5 
22.39 0.5 
22.4 0.5 
22.41 0.5 
22.42 0.5 
22.43 0.5 
22.44 0.5 
22.45 0.5 
22.46 0.5 
22.47 0.5 
22.48 0.5 
22.49 0.5 
22.5 0.5 
22.51 0.5 
22.52 0.5 
22.53 0.5 
22.54 0.5 
22.55 0.5 
22.56 0.5 
22.57 0.5 
22.58 0.5 
22.59 0.5 
22.6 0.5 
22.61 0.5 
22.62 0.5 
22.63 0.5 
22.64 0.5 
22.65 0.5 
22.66 0.5 
22.67 0.5 
22.68 0.5 
22.69 0.5 
22.7 0.5 
22.71 0.5 
22.72 0.5 
22.73 0.5 
22.74 0.5 
22.75 0.5 
22.76 0.5 
22.77 0.5 
22.78 0.5 
22.79 0.5 
22.8 0.5 
22.81 0.5 
22.82 0.5 
22.83 0.5 
22.84 0.5 
22.85 0.5 
22.86 0.5 
22.87 0.5 
22.88 0.5 
22.89 0.5 
22.9 0.5 
22.91 0.5 
22.92 0.5 
22.93 0.5 
22.94 0.5 
22.95 0.5 
22.96 0.5 
22.97 0.5 
22.98 0.5 
22.99 0.5 
23 0.5 
23.01 0.5 
23.02 0.5 
23.03 0.5 
23.04 0.5 
23.05 0.5 
23.06 0.5 
23.07 0.5 
23.08 0.5 
23.09 0.5 
23.1 0.5 
23.11 0.5 
23.12 0.5 
23.13 0.5 
23.14 0.5 
23.15 0.5 
23.16 0.5 
23.17 0.5 
23.18 0.5 
23.19 0.5 
23.2 0.5 
23.21 0.5 
23.22 0.5 
23.23 0.5 
23.24 0.5 
23.25 0.5 
23.26 0.5 
23.27 0.5 
23.28 0.5 
23.29 0.5 
23.3 0.5 
23.31 0.5 
23.32 0.5 
23.33 0.5 
23.34 0.5 
23.35 0.5 
23.36 0.5 
23.37 0.5 
23.38 0.5 
23.39 0.5 
23.4 0.5 
23.41 0.5 
23.42 0.5 
23.43 0.5 
23.44 0.5 
23.45 0.5 
23.46 0.5 
23.47 0.5 
23.48 0.5 
23.49 0.5 
23.5 0.5 
23.51 0.5 
23.52 0.5 
23.53 0.5 
23.54 0.5 
23.55 0.5 
23.56 0.5 
23.57 0.5 
23.58 0.5 
23.59 0.5 
23.6 0.5 
23.61 0.5 
23.62 0.5 
23.63 0.5 
23.64 0.5 
23.65 0.5 
23.66 0.5 
23.67 0.5 
23.68 0.5 
23.69 0.5 
23.7 0.5 
23.71 0.5 
23.72 0.5 
23.73 0.5 
23.74 0.5 
23.75 0.5 
23.76 0.5 
23.77 0.5 
23.78 0.5 
23.79 0.5 
23.8 0.5 
23.81 0.5 
23.82 0.5 
23.83 0.5 
23.84 0.5 
23.85 0.5 
23.86 0.5 
23.87 0.5 
23.88 0.5 
23.89 0.5 
23.9 0.5 
23.91 0.5 
23.92 0.5 
23.93 0.5 
23.94 0.5 
23.95 0.5 
23.96 0.5 
23.97 0.5 
23.98 0.5 
23.99 0.5 
24 0.5 
24.01 0.5 
24.02 0.5 
24.03 0.5 
24.04 0.5 
24.05 0.5 
24.06 0.5 
24.07 0.5 
24.08 0.5 
24.09 0.5 
24.1 0.5 
24.11 0.5 
24.12 0.5 
24.13 0.5 
24.14 0.5 
24.15 0.5 
24.16 0.5 
24.17 0.5 
24.18 0.5 
24.19 0.5 
24.2 0.5 
24.21 0.5 
24.22 0.5 
24.23 0.5 
24.24 0.5 
24.25 0.5 
24.26 0.5 
24.27 0.5 
24.28 0.5 
24.29 0.5 
24.3 0.5 
24.31 0.5 
24.32 0.5 
24.33 0.5 
24.34 0.5 
24.35 0.5 
24.36 0.5 
24.37 0.5 
24.38 0.5 
24.39 0.5 
24.4 0.5 
24.41 0.5 
24.42 0.5 
24.43 0.5 
24.44 0.5 
24.45 0.5 
24.46 0.5 
24.47 0.5 
24.48 0.5 
24.49 0.5 
24.5 0.5 
24.51 0.5 
24.52 0.5 
24.53 0.5 
24.54 0.5 
24.55 0.5 
24.56 0.5 
24.57 0.5 
24.58 0.5 
24.59 0.5 
24.6 0.5 
24.61 0.5 
24.62 0.5 
24.63 0.5 
24.64 0.5 
24.65 0.5 
24.66 0.5 
24.67 0.5 
24.68 0.5 
24.69 0.5 
24.7 0.5 
24.71 0.5 
24.72 0.5 
24.73 0.5 
24.74 0.5 
24.75 0.5 
24.76 0.5 
24.77 0.5 
24.78 0.5 
24.79 0.5 
24.8 0.5 
24.81 0.5 
24.82 0.5 
24.83 0.5 
24.84 0.5 
24.85 0.5 
24.86 0.5 
24.87 0.5 
24.88 0.5 
24.89 0.5 
24.9 0.5 
24.91 0.5 
24.92 0.5 
24.93 0.5 
24.94 0.5 
24.95 0.5 
24.96 0.5 
24.97 0.5 
24.98 0.5 
24.99 0.5 
25 0.5 
25.01 0.5 
25.02 0.5 
25.03 0.5 
25.04 0.5 
25.05 0.5 
25.06 0.5 
25.07 0.5 
25.08 0.5 
25.09 0.5 
25.1 0.5 
25.11 0.5 
25.12 0.5 
25.13 0.5 
25.14 0.5 
25.15 0.5 
25.16 0.5 
25.17 0.5 
25.18 0.5 
25.19 0.5 
25.2 0.5 
25.21 0.5 
25.22 0.5 
25.23 0.5 
25.24 0.5 
25.25 0.5 
25.26 0.5 
25.27 0.5 
25.28 0.5 
25.29 0.5 
25.3 0.5 
25.31 0.5 
25.32 0.5 
25.33 0.5 
25.34 0.5 
25.35 0.5 
25.36 0.5 
25.37 0.5 
25.38 0.5 
25.39 0.5 
25.4 0.5 
25.41 0.5 
25.42 0.5 
25.43 0.5 
25.44 0.5 
25.45 0.5 
25.46 0.5 
25.47 0.5 
25.48 0.5 
25.49 0.5 
25.5 0.5 
25.51 0.5 
25.52 0.5 
25.53 0.5 
25.54 0.5 
25.55 0.5 
25.56 0.5 
25.57 0.5 
25.58 0.5 
25.59 0.5 
25.6 0.5 
25.61 0.5 
25.62 0.5 
25.63 0.5 
25.64 0.5 
25.65 0.5 
25.66 0.5 
25.67 0.5 
25.68 0.5 
25.69 0.5 
25.7 0.5 
25.71 0.5 
25.72 0.5 
25.73 0.5 
25.74 0.5 
25.75 0.5 
25.76 0.5 
25.77 0.5 
25.78 0.5 
25.79 0.5 
25.8 0.5 
25.81 0.5 
25.82 0.5 
25.83 0.5 
25.84 0.5 
25.85 0.5 
25.86 0.5 
25.87 0.5 
25.88 0.5 
25.89 0.5 
25.9 0.5 
25.91 0.5 
25.92 0.5 
25.93 0.5 
25.94 0.5 
25.95 0.5 
25.96 0.5 
25.97 0.5 
25.98 0.5 
25.99 0.5 
26 0.5 
26.01 0.5 
26.02 0.5 
26.03 0.5 
26.04 0.5 
26.05 0.5 
26.06 0.5 
26.07 0.5 
26.08 0.5 
26.09 0.5 
26.1 0.5 
26.11 0.5 
26.12 0.5 
26.13 0.5 
26.14 0.5 
26.15 0.5 
26.16 0.5 
26.17 0.5 
26.18 0.5 
26.19 0.5 
26.2 0.5 
26.21 0.5 
26.22 0.5 
26.23 0.5 
26.24 0.5 
26.25 0.5 
26.26 0.5 
26.27 0.5 
26.28 0.5 
26.29 0.5 
26.3 0.5 
26.31 0.5 
26.32 0.5 
26.33 0.5 
26.34 0.5 
26.35 0.5 
26.36 0.5 
26.37 0.5 
26.38 0.5 
26.39 0.5 
26.4 0.5 
26.41 0.5 
26.42 0.5 
26.43 0.5 
26.44 0.5 
26.45 0.5 
26.46 0.5 
26.47 0.5 
26.48 0.5 
26.49 0.5 
26.5 0.5 
26.51 0.5 
26.52 0.5 
26.53 0.5 
26.54 0.5 
26.55 0.5 
26.56 0.5 
26.57 0.5 
26.58 0.5 
26.59 0.5 
26.6 0.5 
26.61 0.5 
26.62 0.5 
26.63 0.5 
26.64 0.5 
26.65 0.5 
26.66 0.5 
26.67 0.5 
26.68 0.5 
26.69 0.5 
26.7 0.5 
26.71 0.5 
26.72 0.5 
26.73 0.5 
26.74 0.5 
26.75 0.5 
26.76 0.5 
26.77 0.5 
26.78 0.5 
26.79 0.5 
26.8 0.5 
26.81 0.5 
26.82 0.5 
26.83 0.5 
26.84 0.5 
26.85 0.5 
26.86 0.5 
26.87 0.5 
26.88 0.5 
26.89 0.5 
26.9 0.5 
26.91 0.5 
26.92 0.5 
26.93 0.5 
26.94 0.5 
26.95 0.5 
26.96 0.5 
26.97 0.5 
26.98 0.5 
26.99 0.5 
27 0.5 
27.01 0.5 
27.02 0.5 
27.03 0.5 
27.04 0.5 
27.05 0.5 
27.06 0.5 
27.07 0.5 
27.08 0.5 
27.09 0.5 
27.1 0.5 
27.11 0.5 
27.12 0.5 
27.13 0.5 
27.14 0.5 
27.15 0.5 
27.16 0.5 
27.17 0.5 
27.18 0.5 
27.19 0.5 
27.2 0.5 
27.21 0.5 
27.22 0.5 
27.23 0.5 
27.24 0.5 
27.25 0.5 
27.26 0.5 
27.27 0.5 
27.28 0.5 
27.29 0.5 
27.3 0.5 
27.31 0.5 
27.32 0.5 
27.33 0.5 
27.34 0.5 
27.35 0.5 
27.36 0.5 
27.37 0.5 
27.38 0.5 
27.39 0.5 
27.4 0.5 
27.41 0.5 
27.42 0.5 
27.43 0.5 
27.44 0.5 
27.45 0.5 
27.46 0.5 
27.47 0.5 
27.48 0.5 
27.49 0.5 
27.5 0.5 
27.51 0.5 
27.52 0.5 
27.53 0.5 
27.54 0.5 
27.55 0.5 
27.56 0.5 
27.57 0.5 
27.58 0.5 
27.59 0.5 
27.6 0.5 
27.61 0.5 
27.62 0.5 
27.63 0.5 
27.64 0.5 
27.65 0.5 
27.66 0.5 
27.67 0.5 
27.68 0.5 
27.69 0.5 
27.7 0.5 
27.71 0.5 
27.72 0.5 
27.73 0.5 
27.74 0.5 
27.75 0.5 
27.76 0.5 
27.77 0.5 
27.78 0.5 
27.79 0.5 
27.8 0.5 
27.81 0.5 
27.82 0.5 
27.83 0.5 
27.84 0.5 
27.85 0.5 
27.86 0.5 
27.87 0.5 
27.88 0.5 
27.89 0.5 
27.9 0.5 
27.91 0.5 
27.92 0.5 
27.93 0.5 
27.94 0.5 
27.95 0.5 
27.96 0.5 
27.97 0.5 
27.98 0.5 
27.99 0.5 
28 0.5 
28.01 0.5 
28.02 0.5 
28.03 0.5 
28.04 0.5 
28.05 0.5 
28.06 0.5 
28.07 0.5 
28.08 0.5 
28.09 0.5 
28.1 0.5 
28.11 0.5 
28.12 0.5 
28.13 0.5 
28.14 0.5 
28.15 0.5 
28.16 0.5 
28.17 0.5 
28.18 0.5 
28.19 0.5 
28.2 0.5 
28.21 0.5 
28.22 0.5 
28.23 0.5 
28.24 0.5 
28.25 0.5 
28.26 0.5 
28.27 0.5 
28.28 0.5 
28.29 0.5 
28.3 0.5 
28.31 0.5 
28.32 0.5 
28.33 0.5 
28.34 0.5 
28.35 0.5 
28.36 0.5 
28.37 0.5 
28.38 0.5 
28.39 0.5 
28.4 0.5 
28.41 0.5 
28.42 0.5 
28.43 0.5 
28.44 0.5 
28.45 0.5 
28.46 0.5 
28.47 0.5 
28.48 0.5 
28.49 0.5 
28.5 0.5 
28.51 0.5 
28.52 0.5 
28.53 0.5 
28.54 0.5 
28.55 0.5 
28.56 0.5 
28.57 0.5 
28.58 0.5 
28.59 0.5 
28.6 0.5 
28.61 0.5 
28.62 0.5 
28.63 0.5 
28.64 0.5 
28.65 0.5 
28.66 0.5 
28.67 0.5 
28.68 0.5 
28.69 0.5 
28.7 0.5 
28.71 0.5 
28.72 0.5 
28.73 0.5 
28.74 0.5 
28.75 0.5 
28.76 0.5 
28.77 0.5 
28.78 0.5 
28.79 0.5 
28.8 0.5 
28.81 0.5 
28.82 0.5 
28.83 0.5 
28.84 0.5 
28.85 0.5 
28.86 0.5 
28.87 0.5 
28.88 0.5 
28.89 0.5 
28.9 0.5 
28.91 0.5 
28.92 0.5 
28.93 0.5 
28.94 0.5 
28.95 0.5 
28.96 0.5 
28.97 0.5 
28.98 0.5 
28.99 0.5 
29 0.5 
29.01 0.5 
29.02 0.5 
29.03 0.5 
29.04 0.5 
29.05 0.5 
29.06 0.5 
29.07 0.5 
29.08 0.5 
29.09 0.5 
29.1 0.5 
29.11 0.5 
29.12 0.5 
29.13 0.5 
29.14 0.5 
29.15 0.5 
29.16 0.5 
29.17 0.5 
29.18 0.5 
29.19 0.5 
29.2 0.5 
29.21 0.5 
29.22 0.5 
29.23 0.5 
29.24 0.5 
29.25 0.5 
29.26 0.5 
29.27 0.5 
29.28 0.5 
29.29 0.5 
29.3 0.5 
29.31 0.5 
29.32 0.5 
29.33 0.5 
29.34 0.5 
29.35 0.5 
29.36 0.5 
29.37 0.5 
29.38 0.5 
29.39 0.5 
29.4 0.5 
29.41 0.5 
29.42 0.5 
29.43 0.5 
29.44 0.5 
29.45 0.5 
29.46 0.5 
29.47 0.5 
29.48 0.5 
29.49 0.5 
29.5 0.5 
29.51 0.5 
29.52 0.5 
29.53 0.5 
29.54 0.5 
29.55 0.5 
29.56 0.5 
29.57 0.5 
29.58 0.5 
29.59 0.5 
29.6 0.5 
29.61 0.5 
29.62 0.5 
29.63 0.5 
29.64 0.5 
29.65 0.5 
29.66 0.5 
29.67 0.5 
29.68 0.5 
29.69 0.5 
29.7 0.5 
29.71 0.5 
29.72 0.5 
29.73 0.5 
29.74 0.5 
29.75 0.5 
29.76 0.5 
29.77 0.5 
29.78 0.5 
29.79 0.5 
29.8 0.5 
29.81 0.5 
29.82 0.5 
29.83 0.5 
29.84 0.5 
29.85 0.5 
29.86 0.5 
29.87 0.5 
29.88 0.5 
29.89 0.5 
29.9 0.5 
29.91 0.5 
29.92 0.5 
29.93 0.5 
29.94 0.5 
29.95 0.5 
29.96 0.5 
29.97 0.5 
29.98 0.5 
29.99 0.5 
30 0.5 
30.01 0.5 
30.02 0.5 
30.03 0.5 
30.04 0.5 
30.05 0.5 
30.06 0.5 
30.07 0.5 
30.08 0.5 
30.09 0.5 
30.1 0.5 
30.11 0.5 
30.12 0.5 
30.13 0.5 
30.14 0.5 
30.15 0.5 
30.16 0.5 
30.17 0.5 
30.18 0.5 
30.19 0.5 
30.2 0.5 
30.21 0.5 
30.22 0.5 
30.23 0.5 
30.24 0.5 
30.25 0.5 
30.26 0.5 
30.27 0.5 
30.28 0.5 
30.29 0.5 
30.3 0.5 
30.31 0.5 
30.32 0.5 
30.33 0.5 
30.34 0.5 
30.35 0.5 
30.36 0.5 
30.37 0.5 
30.38 0.5 
30.39 0.5 
30.4 0.5 
30.41 0.5 
30.42 0.5 
30.43 0.5 
30.44 0.5 
30.45 0.5 
30.46 0.5 
30.47 0.5 
30.48 0.5 
30.49 0.5 
30.5 0.5 
30.51 0.5 
30.52 0.5 
30.53 0.5 
30.54 0.5 
30.55 0.5 
30.56 0.5 
30.57 0.5 
30.58 0.5 
30.59 0.5 
30.6 0.5 
30.61 0.5 
30.62 0.5 
30.63 0.5 
30.64 0.5 
30.65 0.5 
30.66 0.5 
30.67 0.5 
30.68 0.5 
30.69 0.5 
30.7 0.5 
30.71 0.5 
30.72 0.5 
30.73 0.5 
30.74 0.5 
30.75 0.5 
30.76 0.5 
30.77 0.5 
30.78 0.5 
30.79 0.5 
30.8 0.5 
30.81 0.5 
30.82 0.5 
30.83 0.5 
30.84 0.5 
30.85 0.5 
30.86 0.5 
30.87 0.5 
30.88 0.5 
30.89 0.5 
30.9 0.5 
30.91 0.5 
30.92 0.5 
30.93 0.5 
30.94 0.5 
30.95 0.5 
30.96 0.5 
30.97 0.5 
30.98 0.5 
30.99 0.5 
31 0.5 
31.01 0.5 
31.02 0.5 
31.03 0.5 
31.04 0.5 
31.05 0.5 
31.06 0.5 
31.07 0.5 
31.08 0.5 
31.09 0.5 
31.1 0.5 
31.11 0.5 
31.12 0.5 
31.13 0.5 
31.14 0.5 
31.15 0.5 
31.16 0.5 
31.17 0.5 
31.18 0.5 
31.19 0.5 
31.2 0.5 
31.21 0.5 
31.22 0.5 
31.23 0.5 
31.24 0.5 
31.25 0.5 
31.26 0.5 
31.27 0.5 
31.28 0.5 
31.29 0.5 
31.3 0.5 
31.31 0.5 
31.32 0.5 
31.33 0.5 
31.34 0.5 
31.35 0.5 
31.36 0.5 
31.37 0.5 
31.38 0.5 
31.39 0.5 
31.4 0.5 
31.41 0.5 
31.42 0.5 
31.43 0.5 
31.44 0.5 
31.45 0.5 
31.46 0.5 
31.47 0.5 
31.48 0.5 
31.49 0.5 
31.5 0.5 
31.51 0.5 
31.52 0.5 
31.53 0.5 
31.54 0.5 
31.55 0.5 
31.56 0.5 
31.57 0.5 
31.58 0.5 
31.59 0.5 
31.6 0.5 
31.61 0.5 
31.62 0.5 
31.63 0.5 
31.64 0.5 
31.65 0.5 
31.66 0.5 
31.67 0.5 
31.68 0.5 
31.69 0.5 
31.7 0.5 
31.71 0.5 
31.72 0.5 
31.73 0.5 
31.74 0.5 
31.75 0.5 
31.76 0.5 
31.77 0.5 
31.78 0.5 
31.79 0.5 
31.8 0.5 
31.81 0.5 
31.82 0.5 
31.83 0.5 
31.84 0.5 
31.85 0.5 
31.86 0.5 
31.87 0.5 
31.88 0.5 
31.89 0.5 
31.9 0.5 
31.91 0.5 
31.92 0.5 
31.93 0.5 
31.94 0.5 
31.95 0.5 
31.96 0.5 
31.97 0.5 
31.98 0.5 
31.99 0.5 
32 0.5 
32.01 0.5 
32.02 0.5 
32.03 0.5 
32.04 0.5 
32.05 0.5 
32.06 0.5 
32.07 0.5 
32.08 0.5 
32.09 0.5 
32.1 0.5 
32.11 0.5 
32.12 0.5 
32.13 0.5 
32.14 0.5 
32.15 0.5 
32.16 0.5 
32.17 0.5 
32.18 0.5 
32.19 0.5 
32.2 0.5 
32.21 0.5 
32.22 0.5 
32.23 0.5 
32.24 0.5 
32.25 0.5 
32.26 0.5 
32.27 0.5 
32.28 0.5 
32.29 0.5 
32.3 0.5 
32.31 0.5 
32.32 0.5 
32.33 0.5 
32.34 0.5 
32.35 0.5 
32.36 0.5 
32.37 0.5 
32.38 0.5 
32.39 0.5 
32.4 0.5 
32.41 0.5 
32.42 0.5 
32.43 0.5 
32.44 0.5 
32.45 0.5 
32.46 0.5 
32.47 0.5 
32.48 0.5 
32.49 0.5 
32.5 0.5 
32.51 0.5 
32.52 0.5 
32.53 0.5 
32.54 0.5 
32.55 0.5 
32.56 0.5 
32.57 0.5 
32.58 0.5 
32.59 0.5 
32.6 0.5 
32.61 0.5 
32.62 0.5 
32.63 0.5 
32.64 0.5 
32.65 0.5 
32.66 0.5 
32.67 0.5 
32.68 0.5 
32.69 0.5 
32.7 0.5 
32.71 0.5 
32.72 0.5 
32.73 0.5 
32.74 0.5 
32.75 0.5 
32.76 0.5 
32.77 0.5 
32.78 0.5 
32.79 0.5 
32.8 0.5 
32.81 0.5 
32.82 0.5 
32.83 0.5 
32.84 0.5 
32.85 0.5 
32.86 0.5 
32.87 0.5 
32.88 0.5 
32.89 0.5 
32.9 0.5 
32.91 0.5 
32.92 0.5 
32.93 0.5 
32.94 0.5 
32.95 0.5 
32.96 0.5 
32.97 0.5 
32.98 0.5 
32.99 0.5 
33 0.5 
33.01 0.5 
33.02 0.5 
33.03 0.5 
33.04 0.5 
33.05 0.5 
33.06 0.5 
33.07 0.5 
33.08 0.5 
33.09 0.5 
33.1 0.5 
33.11 0.5 
33.12 0.5 
33.13 0.5 
33.14 0.5 
33.15 0.5 
33.16 0.5 
33.17 0.5 
33.18 0.5 
33.19 0.5 
33.2 0.5 
33.21 0.5 
33.22 0.5 
33.23 0.5 
33.24 0.5 
33.25 0.5 
33.26 0.5 
33.27 0.5 
33.28 0.5 
33.29 0.5 
33.3 0.5 
33.31 0.5 
33.32 0.5 
33.33 0.5 
33.34 0.5 
33.35 0.5 
33.36 0.5 
33.37 0.5 
33.38 0.5 
33.39 0.5 
33.4 0.5 
33.41 0.5 
33.42 0.5 
33.43 0.5 
33.44 0.5 
33.45 0.5 
33.46 0.5 
33.47 0.5 
33.48 0.5 
33.49 0.5 
33.5 0.5 
33.51 0.5 
33.52 0.5 
33.53 0.5 
33.54 0.5 
33.55 0.5 
33.56 0.5 
33.57 0.5 
33.58 0.5 
33.59 0.5 
33.6 0.5 
33.61 0.5 
33.62 0.5 
33.63 0.5 
33.64 0.5 
33.65 0.5 
33.66 0.5 
33.67 0.5 
33.68 0.5 
33.69 0.5 
33.7 0.5 
33.71 0.5 
33.72 0.5 
33.73 0.5 
33.74 0.5 
33.75 0.5 
33.76 0.5 
33.77 0.5 
33.78 0.5 
33.79 0.5 
33.8 0.5 
33.81 0.5 
33.82 0.5 
33.83 0.5 
33.84 0.5 
33.85 0.5 
33.86 0.5 
33.87 0.5 
33.88 0.5 
33.89 0.5 
33.9 0.5 
33.91 0.5 
33.92 0.5 
33.93 0.5 
33.94 0.5 
33.95 0.5 
33.96 0.5 
33.97 0.5 
33.98 0.5 
33.99 0.5 
34 0.5 
34.01 0.5 
34.02 0.5 
34.03 0.5 
34.04 0.5 
34.05 0.5 
34.06 0.5 
34.07 0.5 
34.08 0.5 
34.09 0.5 
34.1 0.5 
34.11 0.5 
34.12 0.5 
34.13 0.5 
34.14 0.5 
34.15 0.5 
34.16 0.5 
34.17 0.5 
34.18 0.5 
34.19 0.5 
34.2 0.5 
34.21 0.5 
34.22 0.5 
34.23 0.5 
34.24 0.5 
34.25 0.5 
34.26 0.5 
34.27 0.5 
34.28 0.5 
34.29 0.5 
34.3 0.5 
34.31 0.5 
34.32 0.5 
34.33 0.5 
34.34 0.5 
34.35 0.5 
34.36 0.5 
34.37 0.5 
34.38 0.5 
34.39 0.5 
34.4 0.5 
34.41 0.5 
34.42 0.5 
34.43 0.5 
34.44 0.5 
34.45 0.5 
34.46 0.5 
34.47 0.5 
34.48 0.5 
34.49 0.5 
34.5 0.5 
34.51 0.5 
34.52 0.5 
34.53 0.5 
34.54 0.5 
34.55 0.5 
34.56 0.5 
34.57 0.5 
34.58 0.5 
34.59 0.5 
34.6 0.5 
34.61 0.5 
34.62 0.5 
34.63 0.5 
34.64 0.5 
34.65 0.5 
34.66 0.5 
34.67 0.5 
34.68 0.5 
34.69 0.5 
34.7 0.5 
34.71 0.5 
34.72 0.5 
34.73 0.5 
34.74 0.5 
34.75 0.5 
34.76 0.5 
34.77 0.5 
34.78 0.5 
34.79 0.5 
34.8 0.5 
34.81 0.5 
34.82 0.5 
34.83 0.5 
34.84 0.5 
34.85 0.5 
34.86 0.5 
34.87 0.5 
34.88 0.5 
34.89 0.5 
34.9 0.5 
34.91 0.5 
34.92 0.5 
34.93 0.5 
34.94 0.5 
34.95 0.5 
34.96 0.5 
34.97 0.5 
34.98 0.5 
34.99 0.5 
35 0.5 
35.01 0.5 
35.02 0.5 
35.03 0.5 
35.04 0.5 
35.05 0.5 
35.06 0.5 
35.07 0.5 
35.08 0.5 
35.09 0.5 
35.1 0.5 
35.11 0.5 
35.12 0.5 
35.13 0.5 
35.14 0.5 
35.15 0.5 
35.16 0.5 
35.17 0.5 
35.18 0.5 
35.19 0.5 
35.2 0.5 
35.21 0.5 
35.22 0.5 
35.23 0.5 
35.24 0.5 
35.25 0.5 
35.26 0.5 
35.27 0.5 
35.28 0.5 
35.29 0.5 
35.3 0.5 
35.31 0.5 
35.32 0.5 
35.33 0.5 
35.34 0.5 
35.35 0.5 
35.36 0.5 
35.37 0.5 
35.38 0.5 
35.39 0.5 
35.4 0.5 
35.41 0.5 
35.42 0.5 
35.43 0.5 
35.44 0.5 
35.45 0.5 
35.46 0.5 
35.47 0.5 
35.48 0.5 
35.49 0.5 
35.5 0.5 
35.51 0.5 
35.52 0.5 
35.53 0.5 
35.54 0.5 
35.55 0.5 
35.56 0.5 
35.57 0.5 
35.58 0.5 
35.59 0.5 
35.6 0.5 
35.61 0.5 
35.62 0.5 
35.63 0.5 
35.64 0.5 
35.65 0.5 
35.66 0.5 
35.67 0.5 
35.68 0.5 
35.69 0.5 
35.7 0.5 
35.71 0.5 
35.72 0.5 
35.73 0.5 
35.74 0.5 
35.75 0.5 
35.76 0.5 
35.77 0.5 
35.78 0.5 
35.79 0.5 
35.8 0.5 
35.81 0.5 
35.82 0.5 
35.83 0.5 
35.84 0.5 
35.85 0.5 
35.86 0.5 
35.87 0.5 
35.88 0.5 
35.89 0.5 
35.9 0.5 
35.91 0.5 
35.92 0.5 
35.93 0.5 
35.94 0.5 
35.95 0.5 
35.96 0.5 
35.97 0.5 
35.98 0.5 
35.99 0.5 
36 0.5 
36.01 0.5 
36.02 0.5 
36.03 0.5 
36.04 0.5 
36.05 0.5 
36.06 0.5 
36.07 0.5 
36.08 0.5 
36.09 0.5 
36.1 0.5 
36.11 0.5 
36.12 0.5 
36.13 0.5 
36.14 0.5 
36.15 0.5 
36.16 0.5 
36.17 0.5 
36.18 0.5 
36.19 0.5 
36.2 0.5 
36.21 0.5 
36.22 0.5 
36.23 0.5 
36.24 0.5 
36.25 0.5 
36.26 0.5 
36.27 0.5 
36.28 0.5 
36.29 0.5 
36.3 0.5 
36.31 0.5 
36.32 0.5 
36.33 0.5 
36.34 0.5 
36.35 0.5 
36.36 0.5 
36.37 0.5 
36.38 0.5 
36.39 0.5 
36.4 0.5 
36.41 0.5 
36.42 0.5 
36.43 0.5 
36.44 0.5 
36.45 0.5 
36.46 0.5 
36.47 0.5 
36.48 0.5 
36.49 0.5 
36.5 0.5 
36.51 0.5 
36.52 0.5 
36.53 0.5 
36.54 0.5 
36.55 0.5 
36.56 0.5 
36.57 0.5 
36.58 0.5 
36.59 0.5 
36.6 0.5 
36.61 0.5 
36.62 0.5 
36.63 0.5 
36.64 0.5 
36.65 0.5 
36.66 0.5 
36.67 0.5 
36.68 0.5 
36.69 0.5 
36.7 0.5 
36.71 0.5 
36.72 0.5 
36.73 0.5 
36.74 0.5 
36.75 0.5 
36.76 0.5 
36.77 0.5 
36.78 0.5 
36.79 0.5 
36.8 0.5 
36.81 0.5 
36.82 0.5 
36.83 0.5 
36.84 0.5 
36.85 0.5 
36.86 0.5 
36.87 0.5 
36.88 0.5 
36.89 0.5 
36.9 0.5 
36.91 0.5 
36.92 0.5 
36.93 0.5 
36.94 0.5 
36.95 0.5 
36.96 0.5 
36.97 0.5 
36.98 0.5 
36.99 0.5 
37 0.5 
37.01 0.5 
37.02 0.5 
37.03 0.5 
37.04 0.5 
37.05 0.5 
37.06 0.5 
37.07 0.5 
37.08 0.5 
37.09 0.5 
37.1 0.5 
37.11 0.5 
37.12 0.5 
37.13 0.5 
37.14 0.5 
37.15 0.5 
37.16 0.5 
37.17 0.5 
37.18 0.5 
37.19 0.5 
37.2 0.5 
37.21 0.5 
37.22 0.5 
37.23 0.5 
37.24 0.5 
37.25 0.5 
37.26 0.5 
37.27 0.5 
37.28 0.5 
37.29 0.5 
37.3 0.5 
37.31 0.5 
37.32 0.5 
37.33 0.5 
37.34 0.5 
37.35 0.5 
37.36 0.5 
37.37 0.5 
37.38 0.5 
37.39 0.5 
37.4 0.5 
37.41 0.5 
37.42 0.5 
37.43 0.5 
37.44 0.5 
37.45 0.5 
37.46 0.5 
37.47 0.5 
37.48 0.5 
37.49 0.5 
37.5 0.5 
37.51 0.5 
37.52 0.5 
37.53 0.5 
37.54 0.5 
37.55 0.5 
37.56 0.5 
37.57 0.5 
37.58 0.5 
37.59 0.5 
37.6 0.5 
37.61 0.5 
37.62 0.5 
37.63 0.5 
37.64 0.5 
37.65 0.5 
37.66 0.5 
37.67 0.5 
37.68 0.5 
37.69 0.5 
37.7 0.5 
37.71 0.5 
37.72 0.5 
37.73 0.5 
37.74 0.5 
37.75 0.5 
37.76 0.5 
37.77 0.5 
37.78 0.5 
37.79 0.5 
37.8 0.5 
37.81 0.5 
37.82 0.5 
37.83 0.5 
37.84 0.5 
37.85 0.5 
37.86 0.5 
37.87 0.5 
37.88 0.5 
37.89 0.5 
37.9 0.5 
37.91 0.5 
37.92 0.5 
37.93 0.5 
37.94 0.5 
37.95 0.5 
37.96 0.5 
37.97 0.5 
37.98 0.5 
37.99 0.5 
38 0.5 
38.01 0.5 
38.02 0.5 
38.03 0.5 
38.04 0.5 
38.05 0.5 
38.06 0.5 
38.07 0.5 
38.08 0.5 
38.09 0.5 
38.1 0.5 
38.11 0.5 
38.12 0.5 
38.13 0.5 
38.14 0.5 
38.15 0.5 
38.16 0.5 
38.17 0.5 
38.18 0.5 
38.19 0.5 
38.2 0.5 
38.21 0.5 
38.22 0.5 
38.23 0.5 
38.24 0.5 
38.25 0.5 
38.26 0.5 
38.27 0.5 
38.28 0.5 
38.29 0.5 
38.3 0.5 
38.31 0.5 
38.32 0.5 
38.33 0.5 
38.34 0.5 
38.35 0.5 
38.36 0.5 
38.37 0.5 
38.38 0.5 
38.39 0.5 
38.4 0.5 
38.41 0.5 
38.42 0.5 
38.43 0.5 
38.44 0.5 
38.45 0.5 
38.46 0.5 
38.47 0.5 
38.48 0.5 
38.49 0.5 
38.5 0.5 
38.51 0.5 
38.52 0.5 
38.53 0.5 
38.54 0.5 
38.55 0.5 
38.56 0.5 
38.57 0.5 
38.58 0.5 
38.59 0.5 
38.6 0.5 
38.61 0.5 
38.62 0.5 
38.63 0.5 
38.64 0.5 
38.65 0.5 
38.66 0.5 
38.67 0.5 
38.68 0.5 
38.69 0.5 
38.7 0.5 
38.71 0.5 
38.72 0.5 
38.73 0.5 
38.74 0.5 
38.75 0.5 
38.76 0.5 
38.77 0.5 
38.78 0.5 
38.79 0.5 
38.8 0.5 
38.81 0.5 
38.82 0.5 
38.83 0.5 
38.84 0.5 
38.85 0.5 
38.86 0.5 
38.87 0.5 
38.88 0.5 
38.89 0.5 
38.9 0.5 
38.91 0.5 
38.92 0.5 
38.93 0.5 
38.94 0.5 
38.95 0.5 
38.96 0.5 
38.97 0.5 
38.98 0.5 
38.99 0.5 
39 0.5 
39.01 0.5 
39.02 0.5 
39.03 0.5 
39.04 0.5 
39.05 0.5 
39.06 0.5 
39.07 0.5 
39.08 0.5 
39.09 0.5 
39.1 0.5 
39.11 0.5 
39.12 0.5 
39.13 0.5 
39.14 0.5 
39.15 0.5 
39.16 0.5 
39.17 0.5 
39.18 0.5 
39.19 0.5 
39.2 0.5 
39.21 0.5 
39.22 0.5 
39.23 0.5 
39.24 0.5 
39.25 0.5 
39.26 0.5 
39.27 0.5 
39.28 0.5 
39.29 0.5 
39.3 0.5 
39.31 0.5 
39.32 0.5 
39.33 0.5 
39.34 0.5 
39.35 0.5 
39.36 0.5 
39.37 0.5 
39.38 0.5 
39.39 0.5 
39.4 0.5 
39.41 0.5 
39.42 0.5 
39.43 0.5 
39.44 0.5 
39.45 0.5 
39.46 0.5 
39.47 0.5 
39.48 0.5 
39.49 0.5 
39.5 0.5 
39.51 0.5 
39.52 0.5 
39.53 0.5 
39.54 0.5 
39.55 0.5 
39.56 0.5 
39.57 0.5 
39.58 0.5 
39.59 0.5 
39.6 0.5 
39.61 0.5 
39.62 0.5 
39.63 0.5 
39.64 0.5 
39.65 0.5 
39.66 0.5 
39.67 0.5 
39.68 0.5 
39.69 0.5 
39.7 0.5 
39.71 0.5 
39.72 0.5 
39.73 0.5 
39.74 0.5 
39.75 0.5 
39.76 0.5 
39.77 0.5 
39.78 0.5 
39.79 0.5 
39.8 0.5 
39.81 0.5 
39.82 0.5 
39.83 0.5 
39.84 0.5 
39.85 0.5 
39.86 0.5 
39.87 0.5 
39.88 0.5 
39.89 0.5 
39.9 0.5 
39.91 0.5 
39.92 0.5 
39.93 0.5 
39.94 0.5 
39.95 0.5 
39.96 0.5 
39.97 0.5 
39.98 0.5 
39.99 0.5 
40 0.5 
40.01 0.5 
40.02 0.5 
40.03 0.5 
40.04 0.5 
40.05 0.5 
40.06 0.5 
40.07 0.5 
40.08 0.5 
40.09 0.5 
40.1 0.5 
40.11 0.5 
40.12 0.5 
40.13 0.5 
40.14 0.5 
40.15 0.5 
40.16 0.5 
40.17 0.5 
40.18 0.5 
40.19 0.5 
40.2 0.5 
40.21 0.5 
40.22 0.5 
40.23 0.5 
40.24 0.5 
40.25 0.5 
40.26 0.5 
40.27 0.5 
40.28 0.5 
40.29 0.5 
40.3 0.5 
40.31 0.5 
40.32 0.5 
40.33 0.5 
40.34 0.5 
40.35 0.5 
40.36 0.5 
40.37 0.5 
40.38 0.5 
40.39 0.5 
40.4 0.5 
40.41 0.5 
40.42 0.5 
40.43 0.5 
40.44 0.5 
40.45 0.5 
40.46 0.5 
40.47 0.5 
40.48 0.5 
40.49 0.5 
40.5 0.5 
40.51 0.5 
40.52 0.5 
40.53 0.5 
40.54 0.5 
40.55 0.5 
40.56 0.5 
40.57 0.5 
40.58 0.5 
40.59 0.5 
40.6 0.5 
40.61 0.5 
40.62 0.5 
40.63 0.5 
40.64 0.5 
40.65 0.5 
40.66 0.5 
40.67 0.5 
40.68 0.5 
40.69 0.5 
40.7 0.5 
40.71 0.5 
40.72 0.5 
40.73 0.5 
40.74 0.5 
40.75 0.5 
40.76 0.5 
40.77 0.5 
40.78 0.5 
40.79 0.5 
40.8 0.5 
40.81 0.5 
40.82 0.5 
40.83 0.5 
40.84 0.5 
40.85 0.5 
40.86 0.5 
40.87 0.5 
40.88 0.5 
40.89 0.5 
40.9 0.5 
40.91 0.5 
40.92 0.5 
40.93 0.5 
40.94 0.5 
40.95 0.5 
40.96 0.5 
40.97 0.5 
40.98 0.5 
40.99 0.5 
41 0.5 
41.01 0.5 
41.02 0.5 
41.03 0.5 
41.04 0.5 
41.05 0.5 
41.06 0.5 
41.07 0.5 
41.08 0.5 
41.09 0.5 
41.1 0.5 
41.11 0.5 
41.12 0.5 
41.13 0.5 
41.14 0.5 
41.15 0.5 
41.16 0.5 
41.17 0.5 
41.18 0.5 
41.19 0.5 
41.2 0.5 
41.21 0.5 
41.22 0.5 
41.23 0.5 
41.24 0.5 
41.25 0.5 
41.26 0.5 
41.27 0.5 
41.28 0.5 
41.29 0.5 
41.3 0.5 
41.31 0.5 
41.32 0.5 
41.33 0.5 
41.34 0.5 
41.35 0.5 
41.36 0.5 
41.37 0.5 
41.38 0.5 
41.39 0.5 
41.4 0.5 
41.41 0.5 
41.42 0.5 
41.43 0.5 
41.44 0.5 
41.45 0.5 
41.46 0.5 
41.47 0.5 
41.48 0.5 
41.49 0.5 
41.5 0.5 
41.51 0.5 
41.52 0.5 
41.53 0.5 
41.54 0.5 
41.55 0.5 
41.56 0.5 
41.57 0.5 
41.58 0.5 
41.59 0.5 
41.6 0.5 
41.61 0.5 
41.62 0.5 
41.63 0.5 
41.64 0.5 
41.65 0.5 
41.66 0.5 
41.67 0.5 
41.68 0.5 
41.69 0.5 
41.7 0.5 
41.71 0.5 
41.72 0.5 
41.73 0.5 
41.74 0.5 
41.75 0.5 
41.76 0.5 
41.77 0.5 
41.78 0.5 
41.79 0.5 
41.8 0.5 
41.81 0.5 
41.82 0.5 
41.83 0.5 
41.84 0.5 
41.85 0.5 
41.86 0.5 
41.87 0.5 
41.88 0.5 
41.89 0.5 
41.9 0.5 
41.91 0.5 
41.92 0.5 
41.93 0.5 
41.94 0.5 
41.95 0.5 
41.96 0.5 
41.97 0.5 
41.98 0.5 
41.99 0.5 
42 0.5 
42.01 0.5 
42.02 0.5 
42.03 0.5 
42.04 0.5 
42.05 0.5 
42.06 0.5 
42.07 0.5 
42.08 0.5 
42.09 0.5 
42.1 0.5 
42.11 0.5 
42.12 0.5 
42.13 0.5 
42.14 0.5 
42.15 0.5 
42.16 0.5 
42.17 0.5 
42.18 0.5 
42.19 0.5 
42.2 0.5 
42.21 0.5 
42.22 0.5 
42.23 0.5 
42.24 0.5 
42.25 0.5 
42.26 0.5 
42.27 0.5 
42.28 0.5 
42.29 0.5 
42.3 0.5 
42.31 0.5 
42.32 0.5 
42.33 0.5 
42.34 0.5 
42.35 0.5 
42.36 0.5 
42.37 0.5 
42.38 0.5 
42.39 0.5 
42.4 0.5 
42.41 0.5 
42.42 0.5 
42.43 0.5 
42.44 0.5 
42.45 0.5 
42.46 0.5 
42.47 0.5 
42.48 0.5 
42.49 0.5 
42.5 0.5 
42.51 0.5 
42.52 0.5 
42.53 0.5 
42.54 0.5 
42.55 0.5 
42.56 0.5 
42.57 0.5 
42.58 0.5 
42.59 0.5 
42.6 0.5 
42.61 0.5 
42.62 0.5 
42.63 0.5 
42.64 0.5 
42.65 0.5 
42.66 0.5 
42.67 0.5 
42.68 0.5 
42.69 0.5 
42.7 0.5 
42.71 0.5 
42.72 0.5 
42.73 0.5 
42.74 0.5 
42.75 0.5 
42.76 0.5 
42.77 0.5 
42.78 0.5 
42.79 0.5 
42.8 0.5 
42.81 0.5 
42.82 0.5 
42.83 0.5 
42.84 0.5 
42.85 0.5 
42.86 0.5 
42.87 0.5 
42.88 0.5 
42.89 0.5 
42.9 0.5 
42.91 0.5 
42.92 0.5 
42.93 0.5 
42.94 0.5 
42.95 0.5 
42.96 0.5 
42.97 0.5 
42.98 0.5 
42.99 0.5 
43 0.5 
43.01 0.5 
43.02 0.5 
43.03 0.5 
43.04 0.5 
43.05 0.5 
43.06 0.5 
43.07 0.5 
43.08 0.5 
43.09 0.5 
43.1 0.5 
43.11 0.5 
43.12 0.5 
43.13 0.5 
43.14 0.5 
43.15 0.5 
43.16 0.5 
43.17 0.5 
43.18 0.5 
43.19 0.5 
43.2 0.5 
43.21 0.5 
43.22 0.5 
43.23 0.5 
43.24 0.5 
43.25 0.5 
43.26 0.5 
43.27 0.5 
43.28 0.5 
43.29 0.5 
43.3 0.5 
43.31 0.5 
43.32 0.5 
43.33 0.5 
43.34 0.5 
43.35 0.5 
43.36 0.5 
43.37 0.5 
43.38 0.5 
43.39 0.5 
43.4 0.5 
43.41 0.5 
43.42 0.5 
43.43 0.5 
43.44 0.5 
43.45 0.5 
43.46 0.5 
43.47 0.5 
43.48 0.5 
43.49 0.5 
43.5 0.5 
43.51 0.5 
43.52 0.5 
43.53 0.5 
43.54 0.5 
43.55 0.5 
43.56 0.5 
43.57 0.5 
43.58 0.5 
43.59 0.5 
43.6 0.5 
43.61 0.5 
43.62 0.5 
43.63 0.5 
43.64 0.5 
43.65 0.5 
43.66 0.5 
43.67 0.5 
43.68 0.5 
43.69 0.5 
43.7 0.5 
43.71 0.5 
43.72 0.5 
43.73 0.5 
43.74 0.5 
43.75 0.5 
43.76 0.5 
43.77 0.5 
43.78 0.5 
43.79 0.5 
43.8 0.5 
43.81 0.5 
43.82 0.5 
43.83 0.5 
43.84 0.5 
43.85 0.5 
43.86 0.5 
43.87 0.5 
43.88 0.5 
43.89 0.5 
43.9 0.5 
43.91 0.5 
43.92 0.5 
43.93 0.5 
43.94 0.5 
43.95 0.5 
43.96 0.5 
43.97 0.5 
43.98 0.5 
43.99 0.5 
44 0.5 
44.01 0.5 
44.02 0.5 
44.03 0.5 
44.04 0.5 
44.05 0.5 
44.06 0.5 
44.07 0.5 
44.08 0.5 
44.09 0.5 
44.1 0.5 
44.11 0.5 
44.12 0.5 
44.13 0.5 
44.14 0.5 
44.15 0.5 
44.16 0.5 
44.17 0.5 
44.18 0.5 
44.19 0.5 
44.2 0.5 
44.21 0.5 
44.22 0.5 
44.23 0.5 
44.24 0.5 
44.25 0.5 
44.26 0.5 
44.27 0.5 
44.28 0.5 
44.29 0.5 
44.3 0.5 
44.31 0.5 
44.32 0.5 
44.33 0.5 
44.34 0.5 
44.35 0.5 
44.36 0.5 
44.37 0.5 
44.38 0.5 
44.39 0.5 
44.4 0.5 
44.41 0.5 
44.42 0.5 
44.43 0.5 
44.44 0.5 
44.45 0.5 
44.46 0.5 
44.47 0.5 
44.48 0.5 
44.49 0.5 
44.5 0.5 
44.51 0.5 
44.52 0.5 
44.53 0.5 
44.54 0.5 
44.55 0.5 
44.56 0.5 
44.57 0.5 
44.58 0.5 
44.59 0.5 
44.6 0.5 
44.61 0.5 
44.62 0.5 
44.63 0.5 
44.64 0.5 
44.65 0.5 
44.66 0.5 
44.67 0.5 
44.68 0.5 
44.69 0.5 
44.7 0.5 
44.71 0.5 
44.72 0.5 
44.73 0.5 
44.74 0.5 
44.75 0.5 
44.76 0.5 
44.77 0.5 
44.78 0.5 
44.79 0.5 
44.8 0.5 
44.81 0.5 
44.82 0.5 
44.83 0.5 
44.84 0.5 
44.85 0.5 
44.86 0.5 
44.87 0.5 
44.88 0.5 
44.89 0.5 
44.9 0.5 
44.91 0.5 
44.92 0.5 
44.93 0.5 
44.94 0.5 
44.95 0.5 
44.96 0.5 
44.97 0.5 
44.98 0.5 
44.99 0.5 
45 0.5 
45.01 0.5 
45.02 0.5 
45.03 0.5 
45.04 0.5 
45.05 0.5 
45.06 0.5 
45.07 0.5 
45.08 0.5 
45.09 0.5 
45.1 0.5 
45.11 0.5 
45.12 0.5 
45.13 0.5 
45.14 0.5 
45.15 0.5 
45.16 0.5 
45.17 0.5 
45.18 0.5 
45.19 0.5 
45.2 0.5 
45.21 0.5 
45.22 0.5 
45.23 0.5 
45.24 0.5 
45.25 0.5 
45.26 0.5 
45.27 0.5 
45.28 0.5 
45.29 0.5 
45.3 0.5 
45.31 0.5 
45.32 0.5 
45.33 0.5 
45.34 0.5 
45.35 0.5 
45.36 0.5 
45.37 0.5 
45.38 0.5 
45.39 0.5 
45.4 0.5 
45.41 0.5 
45.42 0.5 
45.43 0.5 
45.44 0.5 
45.45 0.5 
45.46 0.5 
45.47 0.5 
45.48 0.5 
45.49 0.5 
45.5 0.5 
45.51 0.5 
45.52 0.5 
45.53 0.5 
45.54 0.5 
45.55 0.5 
45.56 0.5 
45.57 0.5 
45.58 0.5 
45.59 0.5 
45.6 0.5 
45.61 0.5 
45.62 0.5 
45.63 0.5 
45.64 0.5 
45.65 0.5 
45.66 0.5 
45.67 0.5 
45.68 0.5 
45.69 0.5 
45.7 0.5 
45.71 0.5 
45.72 0.5 
45.73 0.5 
45.74 0.5 
45.75 0.5 
45.76 0.5 
45.77 0.5 
45.78 0.5 
45.79 0.5 
45.8 0.5 
45.81 0.5 
45.82 0.5 
45.83 0.5 
45.84 0.5 
45.85 0.5 
45.86 0.5 
45.87 0.5 
45.88 0.5 
45.89 0.5 
45.9 0.5 
45.91 0.5 
45.92 0.5 
45.93 0.5 
45.94 0.5 
45.95 0.5 
45.96 0.5 
45.97 0.5 
45.98 0.5 
45.99 0.5 
46 0.5 
46.01 0.5 
46.02 0.5 
46.03 0.5 
46.04 0.5 
46.05 0.5 
46.06 0.5 
46.07 0.5 
46.08 0.5 
46.09 0.5 
46.1 0.5 
46.11 0.5 
46.12 0.5 
46.13 0.5 
46.14 0.5 
46.15 0.5 
46.16 0.5 
46.17 0.5 
46.18 0.5 
46.19 0.5 
46.2 0.5 
46.21 0.5 
46.22 0.5 
46.23 0.5 
46.24 0.5 
46.25 0.5 
46.26 0.5 
46.27 0.5 
46.28 0.5 
46.29 0.5 
46.3 0.5 
46.31 0.5 
46.32 0.5 
46.33 0.5 
46.34 0.5 
46.35 0.5 
46.36 0.5 
46.37 0.5 
46.38 0.5 
46.39 0.5 
46.4 0.5 
46.41 0.5 
46.42 0.5 
46.43 0.5 
46.44 0.5 
46.45 0.5 
46.46 0.5 
46.47 0.5 
46.48 0.5 
46.49 0.5 
46.5 0.5 
46.51 0.5 
46.52 0.5 
46.53 0.5 
46.54 0.5 
46.55 0.5 
46.56 0.5 
46.57 0.5 
46.58 0.5 
46.59 0.5 
46.6 0.5 
46.61 0.5 
46.62 0.5 
46.63 0.5 
46.64 0.5 
46.65 0.5 
46.66 0.5 
46.67 0.5 
46.68 0.5 
46.69 0.5 
46.7 0.5 
46.71 0.5 
46.72 0.5 
46.73 0.5 
46.74 0.5 
46.75 0.5 
46.76 0.5 
46.77 0.5 
46.78 0.5 
46.79 0.5 
46.8 0.5 
46.81 0.5 
46.82 0.5 
46.83 0.5 
46.84 0.5 
46.85 0.5 
46.86 0.5 
46.87 0.5 
46.88 0.5 
46.89 0.5 
46.9 0.5 
46.91 0.5 
46.92 0.5 
46.93 0.5 
46.94 0.5 
46.95 0.5 
46.96 0.5 
46.97 0.5 
46.98 0.5 
46.99 0.5 
47 0.5 
47.01 0.5 
47.02 0.5 
47.03 0.5 
47.04 0.5 
47.05 0.5 
47.06 0.5 
47.07 0.5 
47.08 0.5 
47.09 0.5 
47.1 0.5 
47.11 0.5 
47.12 0.5 
47.13 0.5 
47.14 0.5 
47.15 0.5 
47.16 0.5 
47.17 0.5 
47.18 0.5 
47.19 0.5 
47.2 0.5 
47.21 0.5 
47.22 0.5 
47.23 0.5 
47.24 0.5 
47.25 0.5 
47.26 0.5 
47.27 0.5 
47.28 0.5 
47.29 0.5 
47.3 0.5 
47.31 0.5 
47.32 0.5 
47.33 0.5 
47.34 0.5 
47.35 0.5 
47.36 0.5 
47.37 0.5 
47.38 0.5 
47.39 0.5 
47.4 0.5 
47.41 0.5 
47.42 0.5 
47.43 0.5 
47.44 0.5 
47.45 0.5 
47.46 0.5 
47.47 0.5 
47.48 0.5 
47.49 0.5 
47.5 0.5 
47.51 0.5 
47.52 0.5 
47.53 0.5 
47.54 0.5 
47.55 0.5 
47.56 0.5 
47.57 0.5 
47.58 0.5 
47.59 0.5 
47.6 0.5 
47.61 0.5 
47.62 0.5 
47.63 0.5 
47.64 0.5 
47.65 0.5 
47.66 0.5 
47.67 0.5 
47.68 0.5 
47.69 0.5 
47.7 0.5 
47.71 0.5 
47.72 0.5 
47.73 0.5 
47.74 0.5 
47.75 0.5 
47.76 0.5 
47.77 0.5 
47.78 0.5 
47.79 0.5 
47.8 0.5 
47.81 0.5 
47.82 0.5 
47.83 0.5 
47.84 0.5 
47.85 0.5 
47.86 0.5 
47.87 0.5 
47.88 0.5 
47.89 0.5 
47.9 0.5 
47.91 0.5 
47.92 0.5 
47.93 0.5 
47.94 0.5 
47.95 0.5 
47.96 0.5 
47.97 0.5 
47.98 0.5 
47.99 0.5 
48 0.5 
48.01 0.5 
48.02 0.5 
48.03 0.5 
48.04 0.5 
48.05 0.5 
48.06 0.5 
48.07 0.5 
48.08 0.5 
48.09 0.5 
48.1 0.5 
48.11 0.5 
48.12 0.5 
48.13 0.5 
48.14 0.5 
48.15 0.5 
48.16 0.5 
48.17 0.5 
48.18 0.5 
48.19 0.5 
48.2 0.5 
48.21 0.5 
48.22 0.5 
48.23 0.5 
48.24 0.5 
48.25 0.5 
48.26 0.5 
48.27 0.5 
48.28 0.5 
48.29 0.5 
48.3 0.5 
48.31 0.5 
48.32 0.5 
48.33 0.5 
48.34 0.5 
48.35 0.5 
48.36 0.5 
48.37 0.5 
48.38 0.5 
48.39 0.5 
48.4 0.5 
48.41 0.5 
48.42 0.5 
48.43 0.5 
48.44 0.5 
48.45 0.5 
48.46 0.5 
48.47 0.5 
48.48 0.5 
48.49 0.5 
48.5 0.5 
48.51 0.5 
48.52 0.5 
48.53 0.5 
48.54 0.5 
48.55 0.5 
48.56 0.5 
48.57 0.5 
48.58 0.5 
48.59 0.5 
48.6 0.5 
48.61 0.5 
48.62 0.5 
48.63 0.5 
48.64 0.5 
48.65 0.5 
48.66 0.5 
48.67 0.5 
48.68 0.5 
48.69 0.5 
48.7 0.5 
48.71 0.5 
48.72 0.5 
48.73 0.5 
48.74 0.5 
48.75 0.5 
48.76 0.5 
48.77 0.5 
48.78 0.5 
48.79 0.5 
48.8 0.5 
48.81 0.5 
48.82 0.5 
48.83 0.5 
48.84 0.5 
48.85 0.5 
48.86 0.5 
48.87 0.5 
48.88 0.5 
48.89 0.5 
48.9 0.5 
48.91 0.5 
48.92 0.5 
48.93 0.5 
48.94 0.5 
48.95 0.5 
48.96 0.5 
48.97 0.5 
48.98 0.5 
48.99 0.5 
49 0.5 
49.01 0.5 
49.02 0.5 
49.03 0.5 
49.04 0.5 
49.05 0.5 
49.06 0.5 
49.07 0.5 
49.08 0.5 
49.09 0.5 
49.1 0.5 
49.11 0.5 
49.12 0.5 
49.13 0.5 
49.14 0.5 
49.15 0.5 
49.16 0.5 
49.17 0.5 
49.18 0.5 
49.19 0.5 
49.2 0.5 
49.21 0.5 
49.22 0.5 
49.23 0.5 
49.24 0.5 
49.25 0.5 
49.26 0.5 
49.27 0.5 
49.28 0.5 
49.29 0.5 
49.3 0.5 
49.31 0.5 
49.32 0.5 
49.33 0.5 
49.34 0.5 
49.35 0.5 
49.36 0.5 
49.37 0.5 
49.38 0.5 
49.39 0.5 
49.4 0.5 
49.41 0.5 
49.42 0.5 
49.43 0.5 
49.44 0.5 
49.45 0.5 
49.46 0.5 
49.47 0.5 
49.48 0.5 
49.49 0.5 
49.5 0.5 
49.51 0.5 
49.52 0.5 
49.53 0.5 
49.54 0.5 
49.55 0.5 
49.56 0.5 
49.57 0.5 
49.58 0.5 
49.59 0.5 
49.6 0.5 
49.61 0.5 
49.62 0.5 
49.63 0.5 
49.64 0.5 
49.65 0.5 
49.66 0.5 
49.67 0.5 
49.68 0.5 
49.69 0.5 
49.7 0.5 
49.71 0.5 
49.72 0.5 
49.73 0.5 
49.74 0.5 
49.75 0.5 
49.76 0.5 
49.77 0.5 
49.78 0.5 
49.79 0.5 
49.8 0.5 
49.81 0.5 
49.82 0.5 
49.83 0.5 
49.84 0.5 
49.85 0.5 
49.86 0.5 
49.87 0.5 
49.88 0.5 
49.89 0.5 
49.9 0.5 
49.91 0.5 
49.92 0.5 
49.93 0.5 
49.94 0.5 
49.95 0.5 
49.96 0.5 
49.97 0.5 
49.98 0.5 
49.99 0.5 
50 0.5 
