0 -0.000152903 
0.001 -0.000127359 
0.002 -0.000102082 
0.003 -7.71243e-05 
0.004 -5.2529e-05 
0.005 -2.83288e-05 
0.006 -4.54424e-06 
0.007 1.88165e-05 
0.008 4.1757e-05 
0.009 6.42935e-05 
0.01 8.64534e-05 
0.011 0.000108274 
0.012 0.000129801 
0.013 0.000151083 
0.014 0.000172173 
0.015 0.000193129 
0.016 0.000214016 
0.017 0.000234913 
0.018 0.000255902 
0.019 0.000277063 
0.02 0.000298474 
0.021 0.000320209 
0.022 0.000342342 
0.023 0.000364947 
0.024 0.0003881 
0.025 0.000411872 
0.026 0.000436344 
0.027 0.000461586 
0.028 0.000487673 
0.029 0.00051468 
0.03 0.000542682 
0.031 0.000571755 
0.032 0.000601976 
0.033 0.000633421 
0.034 0.000666168 
0.035 0.000700295 
0.036 0.000735881 
0.037 0.000773005 
0.038 0.00081175 
0.039 0.000852195 
0.04 0.000894415 
0.041 0.000938485 
0.042 0.00098448 
0.043 0.00103247 
0.044 0.00108253 
0.045 0.00113472 
0.046 0.00118911 
0.047 0.00124575 
0.048 0.00130468 
0.049 0.00136597 
0.05 0.00142964 
0.051 0.00149575 
0.052 0.00156431 
0.053 0.00163534 
0.054 0.00170885 
0.055 0.00178486 
0.056 0.00186337 
0.057 0.00194438 
0.058 0.00202788 
0.059 0.00211387 
0.06 0.00220234 
0.061 0.00229326 
0.062 0.00238662 
0.063 0.00248241 
0.064 0.00258061 
0.065 0.00268119 
0.066 0.00278413 
0.067 0.00288941 
0.068 0.00299701 
0.069 0.00310691 
0.07 0.00321909 
0.071 0.00333353 
0.072 0.00345022 
0.073 0.00356913 
0.074 0.00369025 
0.075 0.00381356 
0.076 0.00393905 
0.077 0.00406669 
0.078 0.00419647 
0.079 0.00432835 
0.08 0.00446233 
0.081 0.00459836 
0.082 0.00473644 
0.083 0.00487654 
0.084 0.00501863 
0.085 0.00516268 
0.086 0.00530868 
0.087 0.00545658 
0.088 0.00560637 
0.089 0.00575801 
0.09 0.00591148 
0.091 0.00606675 
0.092 0.00622377 
0.093 0.00638253 
0.094 0.006543 
0.095 0.00670514 
0.096 0.00686891 
0.097 0.00703431 
0.098 0.00720129 
0.099 0.00736984 
0.1 0.00753991 
0.101 0.00771149 
0.102 0.00788454 
0.103 0.00805906 
0.104 0.00823499 
0.105 0.00841231 
0.106 0.00859101 
0.107 0.00877106 
0.108 0.00895244 
0.109 0.00913512 
0.11 0.00931908 
0.111 0.0095043 
0.112 0.00969075 
0.113 0.00987843 
0.114 0.0100673 
0.115 0.0102574 
0.116 0.0104486 
0.117 0.010641 
0.118 0.0108344 
0.119 0.011029 
0.12 0.0112247 
0.121 0.0114215 
0.122 0.0116193 
0.123 0.0118181 
0.124 0.012018 
0.125 0.0122189 
0.126 0.0124208 
0.127 0.0126237 
0.128 0.0128275 
0.129 0.0130323 
0.13 0.0132381 
0.131 0.0134448 
0.132 0.0136524 
0.133 0.0138609 
0.134 0.0140703 
0.135 0.0142806 
0.136 0.0144917 
0.137 0.0147037 
0.138 0.0149166 
0.139 0.0151303 
0.14 0.0153448 
0.141 0.0155601 
0.142 0.0157762 
0.143 0.0159932 
0.144 0.0162109 
0.145 0.0164293 
0.146 0.0166486 
0.147 0.0168685 
0.148 0.0170892 
0.149 0.0173107 
0.15 0.0175328 
0.151 0.0177557 
0.152 0.0179792 
0.153 0.0182035 
0.154 0.0184284 
0.155 0.018654 
0.156 0.0188802 
0.157 0.0191071 
0.158 0.0193346 
0.159 0.0195628 
0.16 0.0197915 
0.161 0.0200209 
0.162 0.0202508 
0.163 0.0204813 
0.164 0.0207125 
0.165 0.0209441 
0.166 0.0211764 
0.167 0.0214091 
0.168 0.0216424 
0.169 0.0218763 
0.17 0.0221106 
0.171 0.0223454 
0.172 0.0225808 
0.173 0.0228166 
0.174 0.0230528 
0.175 0.0232896 
0.176 0.0235268 
0.177 0.0237644 
0.178 0.0240025 
0.179 0.024241 
0.18 0.0244798 
0.181 0.0247192 
0.182 0.0249588 
0.183 0.0251989 
0.184 0.0254393 
0.185 0.0256801 
0.186 0.0259213 
0.187 0.0261627 
0.188 0.0264045 
0.189 0.0266466 
0.19 0.026889 
0.191 0.0271317 
0.192 0.0273747 
0.193 0.027618 
0.194 0.0278616 
0.195 0.0281054 
0.196 0.0283494 
0.197 0.0285936 
0.198 0.0288382 
0.199 0.0290829 
0.2 0.0293278 
0.201 0.0295729 
0.202 0.0298181 
0.203 0.0300636 
0.204 0.0303092 
0.205 0.030555 
0.206 0.0308008 
0.207 0.0310469 
0.208 0.031293 
0.209 0.0315392 
0.21 0.0317856 
0.211 0.032032 
0.212 0.0322785 
0.213 0.0325251 
0.214 0.0327716 
0.215 0.0330183 
0.216 0.033265 
0.217 0.0335117 
0.218 0.0337584 
0.219 0.0340051 
0.22 0.0342518 
0.221 0.0344985 
0.222 0.0347452 
0.223 0.0349918 
0.224 0.0352383 
0.225 0.0354849 
0.226 0.0357312 
0.227 0.0359775 
0.228 0.0362238 
0.229 0.03647 
0.23 0.036716 
0.231 0.0369619 
0.232 0.0372076 
0.233 0.0374532 
0.234 0.0376987 
0.235 0.0379439 
0.236 0.038189 
0.237 0.038434 
0.238 0.0386787 
0.239 0.0389232 
0.24 0.0391675 
0.241 0.0394115 
0.242 0.0396553 
0.243 0.0398989 
0.244 0.0401422 
0.245 0.0403852 
0.246 0.040628 
0.247 0.0408704 
0.248 0.0411126 
0.249 0.0413544 
0.25 0.0415959 
0.251 0.041837 
0.252 0.0420779 
0.253 0.0423184 
0.254 0.0425585 
0.255 0.0427982 
0.256 0.0430376 
0.257 0.0432765 
0.258 0.0435151 
0.259 0.0437533 
0.26 0.043991 
0.261 0.0442283 
0.262 0.0444651 
0.263 0.0447015 
0.264 0.0449374 
0.265 0.0451729 
0.266 0.0454078 
0.267 0.0456423 
0.268 0.0458763 
0.269 0.0461097 
0.27 0.0463427 
0.271 0.0465751 
0.272 0.0468069 
0.273 0.0470382 
0.274 0.047269 
0.275 0.0474991 
0.276 0.0477288 
0.277 0.0479577 
0.278 0.0481861 
0.279 0.0484139 
0.28 0.0486411 
0.281 0.0488676 
0.282 0.0490936 
0.283 0.0493189 
0.284 0.0495435 
0.285 0.0497674 
0.286 0.0499907 
0.287 0.0502133 
0.288 0.0504352 
0.289 0.0506564 
0.29 0.0508769 
0.291 0.0510966 
0.292 0.0513157 
0.293 0.051534 
0.294 0.0517515 
0.295 0.0519683 
0.296 0.0521844 
0.297 0.0523997 
0.298 0.0526141 
0.299 0.0528279 
0.3 0.0530408 
0.301 0.0532529 
0.302 0.0534642 
0.303 0.0536746 
0.304 0.0538842 
0.305 0.054093 
0.306 0.0543009 
0.307 0.054508 
0.308 0.0547142 
0.309 0.0549195 
0.31 0.055124 
0.311 0.0553275 
0.312 0.0555302 
0.313 0.0557319 
0.314 0.0559328 
0.315 0.0561326 
0.316 0.0563317 
0.317 0.0565297 
0.318 0.0567268 
0.319 0.0569229 
0.32 0.0571181 
0.321 0.0573123 
0.322 0.0575055 
0.323 0.0576978 
0.324 0.057889 
0.325 0.0580793 
0.326 0.0582685 
0.327 0.0584567 
0.328 0.0586439 
0.329 0.0588301 
0.33 0.0590152 
0.331 0.0591993 
0.332 0.0593823 
0.333 0.0595643 
0.334 0.0597452 
0.335 0.0599251 
0.336 0.0601038 
0.337 0.0602815 
0.338 0.0604581 
0.339 0.0606336 
0.34 0.0608079 
0.341 0.0609812 
0.342 0.0611533 
0.343 0.0613243 
0.344 0.0614942 
0.345 0.0616629 
0.346 0.0618305 
0.347 0.0619969 
0.348 0.0621621 
0.349 0.0623263 
0.35 0.0624892 
0.351 0.0626509 
0.352 0.0628114 
0.353 0.0629708 
0.354 0.063129 
0.355 0.063286 
0.356 0.0634418 
0.357 0.0635963 
0.358 0.0637496 
0.359 0.0639017 
0.36 0.0640526 
0.361 0.0642022 
0.362 0.0643506 
0.363 0.0644977 
0.364 0.0646437 
0.365 0.0647882 
0.366 0.0649316 
0.367 0.0650737 
0.368 0.0652145 
0.369 0.065354 
0.37 0.0654923 
0.371 0.0656292 
0.372 0.0657648 
0.373 0.0658992 
0.374 0.0660323 
0.375 0.066164 
0.376 0.0662944 
0.377 0.0664235 
0.378 0.0665512 
0.379 0.0666777 
0.38 0.0668028 
0.381 0.0669265 
0.382 0.067049 
0.383 0.0671701 
0.384 0.0672898 
0.385 0.0674082 
0.386 0.0675252 
0.387 0.0676408 
0.388 0.0677551 
0.389 0.0678679 
0.39 0.0679795 
0.391 0.0680896 
0.392 0.0681983 
0.393 0.0683057 
0.394 0.0684117 
0.395 0.0685163 
0.396 0.0686195 
0.397 0.0687213 
0.398 0.0688216 
0.399 0.0689206 
0.4 0.0690181 
0.401 0.0691143 
0.402 0.069209 
0.403 0.0693022 
0.404 0.0693941 
0.405 0.0694845 
0.406 0.0695735 
0.407 0.0696611 
0.408 0.0697473 
0.409 0.0698319 
0.41 0.0699152 
0.411 0.0699969 
0.412 0.0700773 
0.413 0.0701562 
0.414 0.0702337 
0.415 0.0703097 
0.416 0.0703842 
0.417 0.0704572 
0.418 0.070529 
0.419 0.070599 
0.42 0.0706677 
0.421 0.0707349 
0.422 0.0708006 
0.423 0.070865 
0.424 0.0709277 
0.425 0.0709891 
0.426 0.0710489 
0.427 0.0711072 
0.428 0.071164 
0.429 0.0712194 
0.43 0.0712734 
0.431 0.0713257 
0.432 0.0713767 
0.433 0.0714261 
0.434 0.0714741 
0.435 0.0715205 
0.436 0.0715655 
0.437 0.0716089 
0.438 0.0716509 
0.439 0.0716914 
0.44 0.0717304 
0.441 0.0717679 
0.442 0.0718038 
0.443 0.0718384 
0.444 0.0718713 
0.445 0.0719028 
0.446 0.0719328 
0.447 0.0719612 
0.448 0.0719883 
0.449 0.0720138 
0.45 0.0720377 
0.451 0.0720602 
0.452 0.0720812 
0.453 0.0721007 
0.454 0.0721186 
0.455 0.0721351 
0.456 0.07215 
0.457 0.0721635 
0.458 0.0721754 
0.459 0.0721859 
0.46 0.0721949 
0.461 0.0722023 
0.462 0.0722083 
0.463 0.0722127 
0.464 0.0722157 
0.465 0.0722172 
0.466 0.0722171 
0.467 0.0722155 
0.468 0.0722125 
0.469 0.0722079 
0.47 0.0722019 
0.471 0.0721944 
0.472 0.0721854 
0.473 0.0721749 
0.474 0.0721629 
0.475 0.0721494 
0.476 0.0721344 
0.477 0.072118 
0.478 0.0721 
0.479 0.0720806 
0.48 0.0720596 
0.481 0.0720373 
0.482 0.0720134 
0.483 0.071988 
0.484 0.0719612 
0.485 0.0719329 
0.486 0.0719032 
0.487 0.0718719 
0.488 0.0718392 
0.489 0.071805 
0.49 0.0717694 
0.491 0.0717322 
0.492 0.0716937 
0.493 0.0716538 
0.494 0.0716123 
0.495 0.0715693 
0.496 0.071525 
0.497 0.0714792 
0.498 0.071432 
0.499 0.0713832 
0.5 0.0713331 
0.501 0.0712816 
0.502 0.0712285 
0.503 0.0711741 
0.504 0.0711182 
0.505 0.0710609 
0.506 0.0710022 
0.507 0.0709421 
0.508 0.0708805 
0.509 0.0708176 
0.51 0.0707532 
0.511 0.0706874 
0.512 0.0706202 
0.513 0.0705516 
0.514 0.0704817 
0.515 0.0704103 
0.516 0.0703375 
0.517 0.0702634 
0.518 0.0701879 
0.519 0.070111 
0.52 0.0700327 
0.521 0.0699531 
0.522 0.0698721 
0.523 0.0697897 
0.524 0.069706 
0.525 0.0696209 
0.526 0.0695345 
0.527 0.0694467 
0.528 0.0693576 
0.529 0.0692671 
0.53 0.0691753 
0.531 0.0690822 
0.532 0.0689878 
0.533 0.068892 
0.534 0.0687949 
0.535 0.0686965 
0.536 0.0685968 
0.537 0.0684958 
0.538 0.0683935 
0.539 0.06829 
0.54 0.0681851 
0.541 0.0680789 
0.542 0.0679715 
0.543 0.0678628 
0.544 0.0677528 
0.545 0.0676416 
0.546 0.0675291 
0.547 0.0674153 
0.548 0.0673004 
0.549 0.0671841 
0.55 0.0670667 
0.551 0.066948 
0.552 0.0668281 
0.553 0.0667069 
0.554 0.0665845 
0.555 0.0664609 
0.556 0.0663361 
0.557 0.0662102 
0.558 0.066083 
0.559 0.0659547 
0.56 0.0658251 
0.561 0.0656944 
0.562 0.0655626 
0.563 0.0654295 
0.564 0.0652953 
0.565 0.0651599 
0.566 0.0650234 
0.567 0.0648858 
0.568 0.064747 
0.569 0.0646071 
0.57 0.064466 
0.571 0.0643239 
0.572 0.0641807 
0.573 0.0640363 
0.574 0.0638908 
0.575 0.0637443 
0.576 0.0635967 
0.577 0.063448 
0.578 0.0632982 
0.579 0.0631473 
0.58 0.0629954 
0.581 0.0628425 
0.582 0.0626885 
0.583 0.0625334 
0.584 0.0623774 
0.585 0.0622203 
0.586 0.0620621 
0.587 0.061903 
0.588 0.0617429 
0.589 0.0615818 
0.59 0.0614196 
0.591 0.0612565 
0.592 0.0610925 
0.593 0.0609273 
0.594 0.0607614 
0.595 0.0605944 
0.596 0.0604264 
0.597 0.0602576 
0.598 0.0600878 
0.599 0.0599171 
0.6 0.0597454 
0.601 0.0595729 
0.602 0.0593994 
0.603 0.059225 
0.604 0.0590498 
0.605 0.0588736 
0.606 0.0586966 
0.607 0.0585187 
0.608 0.05834 
0.609 0.0581604 
0.61 0.05798 
0.611 0.0577987 
0.612 0.0576165 
0.613 0.0574336 
0.614 0.0572499 
0.615 0.0570653 
0.616 0.0568799 
0.617 0.0566938 
0.618 0.0565068 
0.619 0.0563191 
0.62 0.0561306 
0.621 0.0559413 
0.622 0.0557513 
0.623 0.0555606 
0.624 0.0553691 
0.625 0.0551769 
0.626 0.054984 
0.627 0.0547902 
0.628 0.0545959 
0.629 0.0544008 
0.63 0.0542051 
0.631 0.0540087 
0.632 0.0538116 
0.633 0.0536138 
0.634 0.0534153 
0.635 0.0532162 
0.636 0.0530165 
0.637 0.0528162 
0.638 0.0526152 
0.639 0.0524136 
0.64 0.0522114 
0.641 0.0520086 
0.642 0.0518052 
0.643 0.0516012 
0.644 0.0513966 
0.645 0.0511915 
0.646 0.0509858 
0.647 0.0507796 
0.648 0.0505728 
0.649 0.0503655 
0.65 0.0501577 
0.651 0.0499493 
0.652 0.0497404 
0.653 0.0495311 
0.654 0.0493212 
0.655 0.0491108 
0.656 0.0489 
0.657 0.0486888 
0.658 0.0484771 
0.659 0.0482649 
0.66 0.0480522 
0.661 0.0478392 
0.662 0.0476257 
0.663 0.0474119 
0.664 0.0471975 
0.665 0.0469828 
0.666 0.0467677 
0.667 0.0465522 
0.668 0.0463364 
0.669 0.0461202 
0.67 0.0459036 
0.671 0.0456868 
0.672 0.0454695 
0.673 0.0452519 
0.674 0.0450341 
0.675 0.0448158 
0.676 0.0445973 
0.677 0.0443785 
0.678 0.0441594 
0.679 0.0439401 
0.68 0.0437204 
0.681 0.0435006 
0.682 0.0432804 
0.683 0.04306 
0.684 0.0428394 
0.685 0.0426186 
0.686 0.0423975 
0.687 0.0421762 
0.688 0.0419548 
0.689 0.0417331 
0.69 0.0415113 
0.691 0.0412893 
0.692 0.0410671 
0.693 0.0408448 
0.694 0.0406223 
0.695 0.0403998 
0.696 0.040177 
0.697 0.0399541 
0.698 0.0397312 
0.699 0.0395081 
0.7 0.039285 
0.701 0.0390617 
0.702 0.0388384 
0.703 0.038615 
0.704 0.0383915 
0.705 0.038168 
0.706 0.0379445 
0.707 0.0377209 
0.708 0.0374973 
0.709 0.0372737 
0.71 0.0370501 
0.711 0.0368265 
0.712 0.0366028 
0.713 0.0363792 
0.714 0.0361557 
0.715 0.0359322 
0.716 0.0357087 
0.717 0.0354852 
0.718 0.0352619 
0.719 0.0350386 
0.72 0.0348153 
0.721 0.0345922 
0.722 0.0343692 
0.723 0.0341462 
0.724 0.0339234 
0.725 0.0337007 
0.726 0.0334781 
0.727 0.0332557 
0.728 0.0330334 
0.729 0.0328113 
0.73 0.0325893 
0.731 0.0323675 
0.732 0.0321458 
0.733 0.0319244 
0.734 0.0317032 
0.735 0.0314822 
0.736 0.0312613 
0.737 0.0310407 
0.738 0.0308204 
0.739 0.0306002 
0.74 0.0303804 
0.741 0.0301607 
0.742 0.0299414 
0.743 0.0297223 
0.744 0.0295035 
0.745 0.029285 
0.746 0.0290667 
0.747 0.0288488 
0.748 0.0286312 
0.749 0.0284139 
0.75 0.0281969 
0.751 0.0279803 
0.752 0.027764 
0.753 0.027548 
0.754 0.0273324 
0.755 0.0271172 
0.756 0.0269024 
0.757 0.026688 
0.758 0.0264739 
0.759 0.0262602 
0.76 0.026047 
0.761 0.0258341 
0.762 0.0256217 
0.763 0.0254097 
0.764 0.0251982 
0.765 0.024987 
0.766 0.0247764 
0.767 0.0245662 
0.768 0.0243565 
0.769 0.0241473 
0.77 0.0239385 
0.771 0.0237302 
0.772 0.0235224 
0.773 0.0233152 
0.774 0.0231084 
0.775 0.0229022 
0.776 0.0226965 
0.777 0.0224913 
0.778 0.0222867 
0.779 0.0220826 
0.78 0.0218791 
0.781 0.0216761 
0.782 0.0214737 
0.783 0.0212719 
0.784 0.0210707 
0.785 0.0208701 
0.786 0.02067 
0.787 0.0204706 
0.788 0.0202718 
0.789 0.0200736 
0.79 0.0198761 
0.791 0.0196792 
0.792 0.0194829 
0.793 0.0192873 
0.794 0.0190923 
0.795 0.018898 
0.796 0.0187043 
0.797 0.0185113 
0.798 0.0183191 
0.799 0.0181275 
0.8 0.0179366 
0.801 0.0177464 
0.802 0.0175569 
0.803 0.0173681 
0.804 0.0171801 
0.805 0.0169928 
0.806 0.0168062 
0.807 0.0166203 
0.808 0.0164352 
0.809 0.0162509 
0.81 0.0160673 
0.811 0.0158845 
0.812 0.0157024 
0.813 0.0155212 
0.814 0.0153407 
0.815 0.015161 
0.816 0.0149822 
0.817 0.0148041 
0.818 0.0146268 
0.819 0.0144503 
0.82 0.0142747 
0.821 0.0140999 
0.822 0.0139259 
0.823 0.0137527 
0.824 0.0135804 
0.825 0.013409 
0.826 0.0132384 
0.827 0.0130687 
0.828 0.0128999 
0.829 0.0127319 
0.83 0.0125648 
0.831 0.0123986 
0.832 0.0122333 
0.833 0.0120689 
0.834 0.0119053 
0.835 0.0117427 
0.836 0.011581 
0.837 0.0114203 
0.838 0.0112604 
0.839 0.0111015 
0.84 0.0109435 
0.841 0.0107864 
0.842 0.0106303 
0.843 0.0104752 
0.844 0.010321 
0.845 0.0101678 
0.846 0.0100155 
0.847 0.00986424 
0.848 0.0097139 
0.849 0.00956458 
0.85 0.00941623 
0.851 0.00926887 
0.852 0.00912253 
0.853 0.00897719 
0.854 0.00883285 
0.855 0.00868952 
0.856 0.00854721 
0.857 0.00840591 
0.858 0.00826567 
0.859 0.00812644 
0.86 0.00798825 
0.861 0.0078511 
0.862 0.007715 
0.863 0.00757995 
0.864 0.00744597 
0.865 0.00731304 
0.866 0.00718118 
0.867 0.0070504 
0.868 0.00692067 
0.869 0.00679204 
0.87 0.00666448 
0.871 0.00653802 
0.872 0.00641265 
0.873 0.00628838 
0.874 0.00616521 
0.875 0.00604314 
0.876 0.00592219 
0.877 0.00580235 
0.878 0.00568363 
0.879 0.00556604 
0.88 0.00544957 
0.881 0.00533422 
0.882 0.00522002 
0.883 0.00510695 
0.884 0.00499502 
0.885 0.00488424 
0.886 0.0047746 
0.887 0.00466612 
0.888 0.00455879 
0.889 0.00445263 
0.89 0.00434762 
0.891 0.00424379 
0.892 0.00414111 
0.893 0.00403961 
0.894 0.00393929 
0.895 0.00384014 
0.896 0.00374217 
0.897 0.00364537 
0.898 0.00354977 
0.899 0.00345535 
0.9 0.00336211 
0.901 0.00327007 
0.902 0.00317922 
0.903 0.00308957 
0.904 0.00300111 
0.905 0.00291384 
0.906 0.00282777 
0.907 0.0027429 
0.908 0.00265923 
0.909 0.00257676 
0.91 0.00249549 
0.911 0.00241542 
0.912 0.00233654 
0.913 0.00225887 
0.914 0.00218239 
0.915 0.00210711 
0.916 0.00203302 
0.917 0.00196011 
0.918 0.00188838 
0.919 0.00181783 
0.92 0.00174843 
0.921 0.00168017 
0.922 0.00161305 
0.923 0.00154704 
0.924 0.00148211 
0.925 0.00141824 
0.926 0.0013554 
0.927 0.00129354 
0.928 0.00123262 
0.929 0.00117259 
0.93 0.00111339 
0.931 0.00105496 
0.932 0.000997244 
0.933 0.00094017 
0.934 0.000883672 
0.935 0.000827685 
0.936 0.000772148 
0.937 0.000717001 
0.938 0.000662197 
0.939 0.000607695 
0.94 0.000553467 
0.941 0.000499496 
0.942 0.000445783 
0.943 0.000392344 
0.944 0.000339211 
0.945 0.000286433 
0.946 0.000234077 
0.947 0.000182225 
0.948 0.000130975 
0.949 8.04356e-05 
0.95 3.07294e-05 
0.951 -1.80083e-05 
0.952 -6.56434e-05 
0.953 -0.000112037 
0.954 -0.000157044 
0.955 -0.000200526 
0.956 -0.000242348 
0.957 -0.00028238 
0.958 -0.000320501 
0.959 -0.000356601 
0.96 -0.000390582 
0.961 -0.00042236 
0.962 -0.000451864 
0.963 -0.000479032 
0.964 -0.000503819 
0.965 -0.000526205 
0.966 -0.000546173 
0.967 -0.000563723 
0.968 -0.00057886 
0.969 -0.000591607 
0.97 -0.000601992 
0.971 -0.00061005 
0.972 -0.000615828 
0.973 -0.000619377 
0.974 -0.000620752 
0.975 -0.000620015 
0.976 -0.000617221 
0.977 -0.000612453 
0.978 -0.000605781 
0.979 -0.000597285 
0.98 -0.000587043 
0.981 -0.000575136 
0.982 -0.000561646 
0.983 -0.00054665 
0.984 -0.000530217 
0.985 -0.000512406 
0.986 -0.000493292 
0.987 -0.00047298 
0.988 -0.000451605 
0.989 -0.000429298 
0.99 -0.000406182 
0.991 -0.000382368 
0.992 -0.000357958 
0.993 -0.000333055 
0.994 -0.000307756 
0.995 -0.00028216 
0.996 -0.00025636 
0.997 -0.000230447 
0.998 -0.000204509 
0.999 -0.000178628 
1 -0.00015288 
