0 0.078879 
0.05 0.0786555 
0.1 0.0784149 
0.15 0.0781567 
0.2 0.0778802 
0.25 0.0775851 
0.3 0.0772706 
0.35 0.0769364 
0.4 0.0765817 
0.45 0.076206 
0.5 0.0758088 
0.55 0.0753893 
0.6 0.0749471 
0.65 0.0744814 
0.7 0.0739916 
0.75 0.0734771 
0.8 0.0729371 
0.85 0.0723711 
0.9 0.0717782 
0.95 0.0711578 
1 0.0705091 
1.05 0.0698314 
1.1 0.069124 
1.15 0.0683861 
1.2 0.0676168 
1.25 0.0668154 
1.3 0.0659811 
1.35 0.065113 
1.4 0.0642103 
1.45 0.0632722 
1.5 0.0622978 
1.55 0.0612862 
1.6 0.0602365 
1.65 0.059148 
1.7 0.0580196 
1.75 0.0568504 
1.8 0.0556396 
1.85 0.0543863 
1.9 0.0530894 
1.95 0.0517482 
2 0.0503617 
2.05 0.048929 
2.1 0.0474491 
2.15 0.0459212 
2.2 0.0443443 
2.25 0.0427176 
2.3 0.0410401 
2.35 0.0393111 
2.4 0.0375296 
2.45 0.0356949 
2.5 0.033806 
2.55 0.0318622 
2.6 0.0298627 
2.65 0.0278068 
2.7 0.0256938 
2.75 0.0235229 
2.8 0.0212935 
2.85 0.019005 
2.9 0.0166569 
2.95 0.0142485 
3 0.0117795 
3.05 0.00924926 
3.1 0.00665755 
3.15 0.004004 
3.2 0.00128833 
3.25 -0.00148967 
3.3 -0.00433014 
3.35 -0.00723317 
3.4 -0.0101988 
3.45 -0.0132268 
3.5 -0.0163173 
3.55 -0.0194699 
3.6 -0.0226843 
3.65 -0.0259602 
3.7 -0.0292971 
3.75 -0.0326944 
3.8 -0.0361514 
3.85 -0.0396675 
3.9 -0.0432418 
3.95 -0.0468733 
4 -0.0505611 
4.05 -0.0543038 
4.1 -0.0581004 
4.15 -0.0619495 
4.2 -0.0658495 
4.25 -0.0697989 
4.3 -0.0737961 
4.35 -0.0778393 
4.4 -0.0819265 
4.45 -0.0860558 
4.5 -0.0902251 
4.55 -0.094432 
4.6 -0.0986744 
4.65 -0.10295 
4.7 -0.107255 
4.75 -0.111589 
4.8 -0.115947 
4.85 -0.120328 
4.9 -0.124728 
4.95 -0.129144 
5 -0.133573 
5.05 -0.138012 
5.1 -0.142457 
5.15 -0.146905 
5.2 -0.151353 
5.25 -0.155797 
5.3 -0.160233 
5.35 -0.164658 
5.4 -0.169068 
5.45 -0.173458 
5.5 -0.177827 
5.55 -0.182168 
5.6 -0.186479 
5.65 -0.190755 
5.7 -0.194993 
5.75 -0.199188 
5.8 -0.203336 
5.85 -0.207434 
5.9 -0.211477 
5.95 -0.215462 
6 -0.219383 
6.05 -0.223238 
6.1 -0.227023 
6.15 -0.230733 
6.2 -0.234364 
6.25 -0.237913 
6.3 -0.241377 
6.35 -0.24475 
6.4 -0.248031 
6.45 -0.251215 
6.5 -0.254299 
6.55 -0.257279 
6.6 -0.260153 
6.65 -0.262917 
6.7 -0.265569 
6.75 -0.268105 
6.8 -0.270523 
6.85 -0.27282 
6.9 -0.274994 
6.95 -0.277042 
7 -0.278963 
7.05 -0.280755 
7.1 -0.282415 
7.15 -0.283943 
7.2 -0.285336 
7.25 -0.286593 
7.3 -0.287714 
7.35 -0.288698 
7.4 -0.289543 
7.45 -0.29025 
7.5 -0.290817 
7.55 -0.291246 
7.6 -0.291535 
7.65 -0.291686 
7.7 -0.291698 
7.75 -0.291573 
7.8 -0.29131 
7.85 -0.290912 
7.9 -0.290379 
7.95 -0.289713 
8 -0.288916 
8.05 -0.287988 
8.1 -0.286932 
8.15 -0.285751 
8.2 -0.284446 
8.25 -0.28302 
8.3 -0.281476 
8.35 -0.279816 
8.4 -0.278042 
8.45 -0.27616 
8.5 -0.27417 
8.55 -0.272077 
8.6 -0.269884 
8.65 -0.267595 
8.7 -0.265213 
8.75 -0.262743 
8.8 -0.260187 
8.85 -0.257549 
8.9 -0.254835 
8.95 -0.252047 
9 -0.249191 
9.05 -0.246269 
9.1 -0.243287 
9.15 -0.240248 
9.2 -0.237157 
9.25 -0.234018 
9.3 -0.230835 
9.35 -0.227614 
9.4 -0.224357 
9.45 -0.221069 
9.5 -0.217754 
9.55 -0.214418 
9.6 -0.211062 
9.65 -0.207693 
9.7 -0.204314 
9.75 -0.200928 
9.8 -0.19754 
9.85 -0.194154 
9.9 -0.190773 
9.95 -0.187401 
10 -0.184042 
10.05 -0.180698 
10.1 -0.177373 
10.15 -0.174071 
10.2 -0.170795 
10.25 -0.167546 
10.3 -0.164329 
10.35 -0.161146 
10.4 -0.158 
10.45 -0.154892 
10.5 -0.151825 
10.55 -0.148802 
10.6 -0.145824 
10.65 -0.142893 
10.7 -0.14001 
10.75 -0.137178 
10.8 -0.134397 
10.85 -0.131669 
10.9 -0.128995 
10.95 -0.126375 
11 -0.123811 
11.05 -0.121303 
11.1 -0.118851 
11.15 -0.116456 
11.2 -0.114118 
11.25 -0.111837 
11.3 -0.109614 
11.35 -0.107446 
11.4 -0.105335 
11.45 -0.10328 
11.5 -0.101281 
11.55 -0.0993355 
11.6 -0.0974444 
11.65 -0.0956063 
11.7 -0.0938203 
11.75 -0.0920853 
11.8 -0.0904002 
11.85 -0.0887639 
11.9 -0.0871751 
11.95 -0.0856325 
12 -0.0841348 
12.05 -0.0826805 
12.1 -0.0812683 
12.15 -0.0798966 
12.2 -0.078564 
12.25 -0.077269 
12.3 -0.07601 
12.35 -0.0747855 
12.4 -0.0735941 
12.45 -0.072434 
12.5 -0.0713039 
12.55 -0.0702021 
12.6 -0.0691272 
12.65 -0.0680776 
12.7 -0.0670519 
12.75 -0.0660485 
12.8 -0.0650661 
12.85 -0.0641033 
12.9 -0.0631586 
12.95 -0.0622307 
13 -0.0613182 
13.05 -0.0604198 
13.1 -0.0595344 
13.15 -0.0586605 
13.2 -0.0577971 
13.25 -0.056943 
13.3 -0.0560969 
13.35 -0.0552579 
13.4 -0.0544249 
13.45 -0.0535968 
13.5 -0.0527726 
13.55 -0.0519514 
13.6 -0.0511322 
13.65 -0.0503141 
13.7 -0.0494963 
13.75 -0.0486779 
13.8 -0.0478582 
13.85 -0.0470363 
13.9 -0.0462115 
13.95 -0.0453831 
14 -0.0445505 
14.05 -0.0437129 
14.1 -0.0428697 
14.15 -0.0420203 
14.2 -0.0411642 
14.25 -0.0403007 
14.3 -0.0394294 
14.35 -0.0385497 
14.4 -0.0376612 
14.45 -0.0367634 
14.5 -0.0358558 
14.55 -0.034938 
14.6 -0.0340097 
14.65 -0.0330704 
14.7 -0.0321197 
14.75 -0.0311573 
14.8 -0.030183 
14.85 -0.0291963 
14.9 -0.0281969 
14.95 -0.0271847 
15 -0.0261592 
15.05 -0.0251203 
15.1 -0.0240677 
15.15 -0.0230012 
15.2 -0.0219205 
15.25 -0.0208256 
15.3 -0.019716 
15.35 -0.0185918 
15.4 -0.0174527 
15.45 -0.0162985 
15.5 -0.0151292 
15.55 -0.0139445 
15.6 -0.0127444 
15.65 -0.0115287 
15.7 -0.0102974 
15.75 -0.00905022 
15.8 -0.00778719 
15.85 -0.0065082 
15.9 -0.00521316 
15.95 -0.00390202 
16 -0.0025747 
16.05 -0.00123116 
16.1 0.000128668 
16.15 0.00150481 
16.2 0.00289732 
16.25 0.00430621 
16.3 0.00573151 
16.35 0.00717324 
16.4 0.00863143 
16.45 0.0101061 
16.5 0.0115972 
16.55 0.0131047 
16.6 0.0146287 
16.65 0.0161692 
16.7 0.0177261 
16.75 0.0192993 
16.8 0.020889 
16.85 0.0224951 
16.9 0.0241174 
16.95 0.0257561 
17 0.0274111 
17.05 0.0290822 
17.1 0.0307696 
17.15 0.0324731 
17.2 0.0341927 
17.25 0.0359283 
17.3 0.03768 
17.35 0.0394475 
17.4 0.041231 
17.45 0.0430302 
17.5 0.0448452 
17.55 0.046676 
17.6 0.0485223 
17.65 0.0503842 
17.7 0.0522616 
17.75 0.0541544 
17.8 0.0560626 
17.85 0.057986 
17.9 0.0599247 
17.95 0.0618784 
18 0.0638473 
18.05 0.0658311 
18.1 0.0678298 
18.15 0.0698433 
18.2 0.0718715 
18.25 0.0739145 
18.3 0.075972 
18.35 0.0780439 
18.4 0.0801303 
18.45 0.0822311 
18.5 0.084346 
18.55 0.0864751 
18.6 0.0886183 
18.65 0.0907755 
18.7 0.0929466 
18.75 0.0951316 
18.8 0.0973302 
18.85 0.0995426 
18.9 0.101768 
18.95 0.104008 
19 0.106261 
19.05 0.108527 
19.1 0.110806 
19.15 0.113098 
19.2 0.115404 
19.25 0.117722 
19.3 0.120054 
19.35 0.122398 
19.4 0.124755 
19.45 0.127125 
19.5 0.129507 
19.55 0.131901 
19.6 0.134308 
19.65 0.136728 
19.7 0.139159 
19.75 0.141603 
19.8 0.144059 
19.85 0.146527 
19.9 0.149007 
19.95 0.151499 
20 0.154002 
20.05 0.156517 
20.1 0.159044 
20.15 0.161582 
20.2 0.164132 
20.25 0.166693 
20.3 0.169266 
20.35 0.17185 
20.4 0.174445 
20.45 0.177051 
20.5 0.179669 
20.55 0.182297 
20.6 0.184936 
20.65 0.187586 
20.7 0.190247 
20.75 0.192919 
20.8 0.195601 
20.85 0.198294 
20.9 0.200997 
20.95 0.203711 
21 0.206436 
21.05 0.20917 
21.1 0.211915 
21.15 0.214671 
21.2 0.217436 
21.25 0.220212 
21.3 0.222998 
21.35 0.225794 
21.4 0.2286 
21.45 0.231415 
21.5 0.234241 
21.55 0.237076 
21.6 0.239922 
21.65 0.242777 
21.7 0.245641 
21.75 0.248516 
21.8 0.2514 
21.85 0.254293 
21.9 0.257196 
21.95 0.260109 
22 0.263031 
22.05 0.265962 
22.1 0.268903 
22.15 0.271853 
22.2 0.274812 
22.25 0.277781 
22.3 0.280759 
22.35 0.283745 
22.4 0.286741 
22.45 0.289747 
22.5 0.292761 
22.55 0.295784 
22.6 0.298816 
22.65 0.301858 
22.7 0.304908 
22.75 0.307967 
22.8 0.311035 
22.85 0.314112 
22.9 0.317197 
22.95 0.320292 
23 0.323395 
23.05 0.326507 
23.1 0.329628 
23.15 0.332757 
23.2 0.335895 
23.25 0.339042 
23.3 0.342198 
23.35 0.345362 
23.4 0.348534 
23.45 0.351716 
23.5 0.354905 
23.55 0.358104 
23.6 0.361311 
23.65 0.364526 
23.7 0.36775 
23.75 0.370983 
23.8 0.374224 
23.85 0.377473 
23.9 0.380731 
23.95 0.383997 
24 0.387272 
24.05 0.390555 
24.1 0.393846 
24.15 0.397146 
24.2 0.400455 
24.25 0.403771 
24.3 0.407096 
24.35 0.41043 
24.4 0.413772 
24.45 0.417122 
24.5 0.42048 
24.55 0.423847 
24.6 0.427222 
24.65 0.430606 
24.7 0.433998 
24.75 0.437398 
24.8 0.440806 
24.85 0.444223 
24.9 0.447648 
24.95 0.451081 
25 0.454523 
25.05 0.457973 
25.1 0.461431 
25.15 0.464898 
25.2 0.468373 
25.25 0.471856 
25.3 0.475347 
25.35 0.478847 
25.4 0.482356 
25.45 0.485872 
25.5 0.489397 
25.55 0.49293 
25.6 0.496471 
25.65 0.500021 
25.7 0.503579 
25.75 0.507146 
25.8 0.51072 
25.85 0.514304 
25.9 0.517895 
25.95 0.521495 
26 0.525103 
26.05 0.52872 
26.1 0.532345 
26.15 0.535978 
26.2 0.53962 
26.25 0.54327 
26.3 0.546929 
26.35 0.550596 
26.4 0.554271 
26.45 0.557955 
26.5 0.561647 
26.55 0.565348 
26.6 0.569057 
26.65 0.572774 
26.7 0.576501 
26.75 0.580235 
26.8 0.583978 
26.85 0.58773 
26.9 0.59149 
26.95 0.595259 
27 0.599036 
27.05 0.602821 
27.1 0.606616 
27.15 0.610419 
27.2 0.61423 
27.25 0.61805 
27.3 0.621879 
27.35 0.625716 
27.4 0.629562 
27.45 0.633416 
27.5 0.637279 
27.55 0.641151 
27.6 0.645032 
27.65 0.648921 
27.7 0.652819 
27.75 0.656725 
27.8 0.660641 
27.85 0.664565 
27.9 0.668497 
27.95 0.672439 
28 0.676389 
28.05 0.680348 
28.1 0.684316 
28.15 0.688293 
28.2 0.692279 
28.25 0.696273 
28.3 0.700276 
28.35 0.704288 
28.4 0.708309 
28.45 0.712339 
28.5 0.716378 
28.55 0.720426 
28.6 0.724483 
28.65 0.728548 
28.7 0.732623 
28.75 0.736707 
28.8 0.740799 
28.85 0.744901 
28.9 0.749011 
28.95 0.753131 
29 0.75726 
29.05 0.761397 
29.1 0.765544 
29.15 0.7697 
29.2 0.773865 
29.25 0.778039 
29.3 0.782223 
29.35 0.786415 
29.4 0.790616 
29.45 0.794827 
29.5 0.799047 
29.55 0.803276 
29.6 0.807515 
29.65 0.811762 
29.7 0.816019 
29.75 0.820285 
29.8 0.82456 
29.85 0.828845 
29.9 0.833139 
29.95 0.837442 
30 0.841754 
30.05 0.846076 
30.1 0.850407 
30.15 0.854748 
30.2 0.859098 
30.25 0.863457 
30.3 0.867826 
30.35 0.872204 
30.4 0.876591 
30.45 0.880988 
30.5 0.885395 
30.55 0.889811 
30.6 0.894236 
30.65 0.898671 
30.7 0.903115 
30.75 0.907569 
30.8 0.912032 
30.85 0.916505 
30.9 0.920987 
30.95 0.925479 
31 0.929981 
31.05 0.934492 
31.1 0.939013 
31.15 0.943543 
31.2 0.948083 
31.25 0.952633 
31.3 0.957192 
31.35 0.961761 
31.4 0.966339 
31.45 0.970927 
31.5 0.975525 
31.55 0.980133 
31.6 0.98475 
31.65 0.989377 
31.7 0.994013 
31.75 0.99866 
31.8 1.00332 
31.85 1.00798 
31.9 1.01266 
31.95 1.01734 
32 1.02204 
32.05 1.02674 
32.1 1.03146 
32.15 1.03618 
32.2 1.04092 
32.25 1.04566 
32.3 1.05041 
32.35 1.05518 
32.4 1.05995 
32.45 1.06474 
32.5 1.06953 
32.55 1.07433 
32.6 1.07915 
32.65 1.08397 
32.7 1.0888 
32.75 1.09364 
32.8 1.0985 
32.85 1.10336 
32.9 1.10823 
32.95 1.11312 
33 1.11801 
33.05 1.12291 
33.1 1.12782 
33.15 1.13274 
33.2 1.13768 
33.25 1.14262 
33.3 1.14757 
33.35 1.15253 
33.4 1.15751 
33.45 1.16249 
33.5 1.16748 
33.55 1.17248 
33.6 1.17749 
33.65 1.18252 
33.7 1.18755 
33.75 1.19259 
33.8 1.19764 
33.85 1.2027 
33.9 1.20778 
33.95 1.21286 
34 1.21795 
34.05 1.22305 
34.1 1.22816 
34.15 1.23329 
34.2 1.23842 
34.25 1.24356 
34.3 1.24871 
34.35 1.25388 
34.4 1.25905 
34.45 1.26423 
34.5 1.26942 
34.55 1.27463 
34.6 1.27984 
34.65 1.28506 
34.7 1.29029 
34.75 1.29554 
34.8 1.30079 
34.85 1.30605 
34.9 1.31133 
34.95 1.31661 
35 1.3219 
35.05 1.32721 
35.1 1.33252 
35.15 1.33784 
35.2 1.34317 
35.25 1.34852 
35.3 1.35387 
35.35 1.35923 
35.4 1.36461 
35.45 1.36999 
35.5 1.37538 
35.55 1.38079 
35.6 1.3862 
35.65 1.39162 
35.7 1.39706 
35.75 1.4025 
35.8 1.40796 
35.85 1.41342 
35.9 1.41889 
35.95 1.42438 
36 1.42987 
36.05 1.43537 
36.1 1.44089 
36.15 1.44641 
36.2 1.45194 
36.25 1.45749 
36.3 1.46304 
36.35 1.4686 
36.4 1.47418 
36.45 1.47976 
36.5 1.48535 
36.55 1.49096 
36.6 1.49657 
36.65 1.50219 
36.7 1.50783 
36.75 1.51347 
36.8 1.51912 
36.85 1.52478 
36.9 1.53046 
36.95 1.53614 
37 1.54183 
37.05 1.54753 
37.1 1.55324 
37.15 1.55896 
37.2 1.5647 
37.25 1.57044 
37.3 1.57619 
37.35 1.58195 
37.4 1.58772 
37.45 1.5935 
37.5 1.59929 
37.55 1.60509 
37.6 1.6109 
37.65 1.61672 
37.7 1.62255 
37.75 1.62839 
37.8 1.63424 
37.85 1.64009 
37.9 1.64596 
37.95 1.65184 
38 1.65773 
38.05 1.66362 
38.1 1.66953 
38.15 1.67544 
38.2 1.68137 
38.25 1.68731 
38.3 1.69325 
38.35 1.6992 
38.4 1.70517 
38.45 1.71114 
38.5 1.71712 
38.55 1.72312 
38.6 1.72912 
38.65 1.73513 
38.7 1.74115 
38.75 1.74718 
38.8 1.75322 
38.85 1.75927 
38.9 1.76533 
38.95 1.77139 
39 1.77747 
39.05 1.78356 
39.1 1.78965 
39.15 1.79576 
39.2 1.80187 
39.25 1.80799 
39.3 1.81413 
39.35 1.82027 
39.4 1.82642 
39.45 1.83258 
39.5 1.83875 
39.55 1.84493 
39.6 1.85111 
39.65 1.85731 
39.7 1.86352 
39.75 1.86973 
39.8 1.87595 
39.85 1.88219 
39.9 1.88843 
39.95 1.89468 
40 1.90094 
40.05 1.90721 
40.1 1.91348 
40.15 1.91977 
40.2 1.92607 
40.25 1.93237 
40.3 1.93868 
40.35 1.945 
40.4 1.95133 
40.45 1.95767 
40.5 1.96402 
40.55 1.97038 
40.6 1.97674 
40.65 1.98312 
40.7 1.9895 
40.75 1.99589 
40.8 2.00229 
40.85 2.0087 
40.9 2.01511 
40.95 2.02154 
41 2.02797 
41.05 2.03442 
41.1 2.04087 
41.15 2.04732 
41.2 2.05379 
41.25 2.06027 
41.3 2.06675 
41.35 2.07324 
41.4 2.07974 
41.45 2.08625 
41.5 2.09277 
41.55 2.09929 
41.6 2.10583 
41.65 2.11237 
41.7 2.11892 
41.75 2.12548 
41.8 2.13204 
41.85 2.13862 
41.9 2.1452 
41.95 2.15179 
42 2.15838 
42.05 2.16499 
42.1 2.1716 
42.15 2.17822 
42.2 2.18485 
42.25 2.19149 
42.3 2.19813 
42.35 2.20478 
42.4 2.21144 
42.45 2.21811 
42.5 2.22478 
42.55 2.23147 
42.6 2.23816 
42.65 2.24485 
42.7 2.25156 
42.75 2.25827 
42.8 2.26499 
42.85 2.27172 
42.9 2.27845 
42.95 2.28519 
43 2.29194 
43.05 2.2987 
43.1 2.30546 
43.15 2.31223 
43.2 2.31901 
43.25 2.32579 
43.3 2.33258 
43.35 2.33938 
43.4 2.34619 
43.45 2.353 
43.5 2.35982 
43.55 2.36665 
43.6 2.37348 
43.65 2.38032 
43.7 2.38717 
43.75 2.39402 
43.8 2.40088 
43.85 2.40775 
43.9 2.41462 
43.95 2.4215 
44 2.42838 
44.05 2.43528 
44.1 2.44218 
44.15 2.44908 
44.2 2.45599 
44.25 2.46291 
44.3 2.46984 
44.35 2.47677 
44.4 2.48371 
44.45 2.49065 
44.5 2.4976 
44.55 2.50455 
44.6 2.51152 
44.65 2.51848 
44.7 2.52546 
44.75 2.53244 
44.8 2.53942 
44.85 2.54641 
44.9 2.55341 
44.95 2.56041 
45 2.56742 
45.05 2.57443 
45.1 2.58145 
45.15 2.58848 
45.2 2.59551 
45.25 2.60255 
45.3 2.60959 
45.35 2.61664 
45.4 2.62369 
45.45 2.63075 
45.5 2.63781 
45.55 2.64488 
45.6 2.65195 
45.65 2.65903 
45.7 2.66611 
45.75 2.6732 
45.8 2.6803 
45.85 2.68739 
45.9 2.6945 
45.95 2.70161 
46 2.70872 
46.05 2.71584 
46.1 2.72296 
46.15 2.73009 
46.2 2.73722 
46.25 2.74436 
46.3 2.7515 
46.35 2.75864 
46.4 2.76579 
46.45 2.77295 
46.5 2.78011 
46.55 2.78727 
46.6 2.79444 
46.65 2.80161 
46.7 2.80878 
46.75 2.81596 
46.8 2.82315 
46.85 2.83034 
46.9 2.83753 
46.95 2.84472 
47 2.85192 
47.05 2.85913 
47.1 2.86633 
47.15 2.87354 
47.2 2.88076 
47.25 2.88798 
47.3 2.8952 
47.35 2.90242 
47.4 2.90965 
47.45 2.91688 
47.5 2.92412 
47.55 2.93136 
47.6 2.9386 
47.65 2.94584 
47.7 2.95309 
47.75 2.96034 
47.8 2.96759 
47.85 2.97485 
47.9 2.98211 
47.95 2.98937 
48 2.99664 
48.05 3.00391 
48.1 3.01118 
48.15 3.01845 
48.2 3.02573 
48.25 3.03301 
48.3 3.04029 
48.35 3.04757 
48.4 3.05486 
48.45 3.06214 
48.5 3.06943 
48.55 3.07673 
48.6 3.08402 
48.65 3.09132 
48.7 3.09862 
48.75 3.10592 
48.8 3.11322 
48.85 3.12052 
48.9 3.12783 
48.95 3.13514 
49 3.14245 
49.05 3.14976 
49.1 3.15707 
49.15 3.16439 
49.2 3.1717 
49.25 3.17902 
49.3 3.18634 
49.35 3.19366 
49.4 3.20098 
49.45 3.2083 
49.5 3.21562 
49.55 3.22295 
49.6 3.23027 
49.65 3.2376 
49.7 3.24492 
49.75 3.25225 
49.8 3.25958 
49.85 3.26691 
49.9 3.27424 
49.95 3.28157 
50 3.2889 
50.05 3.29623 
50.1 3.30356 
50.15 3.31089 
50.2 3.31823 
50.25 3.32556 
50.3 3.33289 
50.35 3.34022 
50.4 3.34756 
50.45 3.35489 
50.5 3.36222 
50.55 3.36955 
50.6 3.37688 
50.65 3.38421 
50.7 3.39155 
50.75 3.39888 
50.8 3.40621 
50.85 3.41354 
50.9 3.42087 
50.95 3.42819 
51 3.43552 
51.05 3.44285 
51.1 3.45017 
51.15 3.4575 
51.2 3.46482 
51.25 3.47214 
51.3 3.47947 
51.35 3.48679 
51.4 3.49411 
51.45 3.50142 
51.5 3.50874 
51.55 3.51605 
51.6 3.52337 
51.65 3.53068 
51.7 3.53799 
51.75 3.5453 
51.8 3.5526 
51.85 3.55991 
51.9 3.56721 
51.95 3.57451 
52 3.58181 
52.05 3.58911 
52.1 3.5964 
52.15 3.60369 
52.2 3.61098 
52.25 3.61827 
52.3 3.62556 
52.35 3.63284 
52.4 3.64012 
52.45 3.64739 
52.5 3.65467 
52.55 3.66194 
52.6 3.66921 
52.65 3.67648 
52.7 3.68374 
52.75 3.691 
52.8 3.69825 
52.85 3.70551 
52.9 3.71276 
52.95 3.72 
53 3.72725 
53.05 3.73449 
53.1 3.74172 
53.15 3.74896 
53.2 3.75619 
53.25 3.76341 
53.3 3.77063 
53.35 3.77785 
53.4 3.78506 
53.45 3.79227 
53.5 3.79948 
53.55 3.80668 
53.6 3.81388 
53.65 3.82107 
53.7 3.82826 
53.75 3.83544 
53.8 3.84262 
53.85 3.84979 
53.9 3.85696 
53.95 3.86413 
54 3.87129 
54.05 3.87844 
54.1 3.88559 
54.15 3.89274 
54.2 3.89988 
54.25 3.90702 
54.3 3.91415 
54.35 3.92127 
54.4 3.92839 
54.45 3.9355 
54.5 3.94261 
54.55 3.94971 
54.6 3.95681 
54.65 3.9639 
54.7 3.97099 
54.75 3.97807 
54.8 3.98514 
54.85 3.99221 
54.9 3.99927 
54.95 4.00633 
55 4.01337 
55.05 4.02042 
55.1 4.02745 
55.15 4.03448 
55.2 4.04151 
55.25 4.04852 
55.3 4.05553 
55.35 4.06254 
55.4 4.06953 
55.45 4.07652 
55.5 4.0835 
55.55 4.09048 
55.6 4.09745 
55.65 4.10441 
55.7 4.11136 
55.75 4.11831 
55.8 4.12525 
55.85 4.13218 
55.9 4.1391 
55.95 4.14602 
56 4.15293 
56.05 4.15983 
56.1 4.16672 
56.15 4.17361 
56.2 4.18048 
56.25 4.18735 
56.3 4.19421 
56.35 4.20106 
56.4 4.20791 
56.45 4.21474 
56.5 4.22157 
56.55 4.22839 
56.6 4.2352 
56.65 4.242 
56.7 4.24879 
56.75 4.25558 
56.8 4.26235 
56.85 4.26912 
56.9 4.27587 
56.95 4.28262 
57 4.28936 
57.05 4.29609 
57.1 4.30281 
57.15 4.30952 
57.2 4.31622 
57.25 4.32291 
57.3 4.32959 
57.35 4.33626 
57.4 4.34293 
57.45 4.34958 
57.5 4.35622 
57.55 4.36285 
57.6 4.36947 
57.65 4.37609 
57.7 4.38269 
57.75 4.38928 
57.8 4.39586 
57.85 4.40243 
57.9 4.40899 
57.95 4.41554 
58 4.42207 
58.05 4.4286 
58.1 4.43512 
58.15 4.44162 
58.2 4.44812 
58.25 4.4546 
58.3 4.46107 
58.35 4.46753 
58.4 4.47398 
58.45 4.48042 
58.5 4.48685 
58.55 4.49326 
58.6 4.49967 
58.65 4.50606 
58.7 4.51244 
58.75 4.51881 
58.8 4.52516 
58.85 4.53151 
58.9 4.53784 
58.95 4.54416 
59 4.55046 
59.05 4.55676 
59.1 4.56304 
59.15 4.56931 
59.2 4.57557 
59.25 4.58182 
59.3 4.58805 
59.35 4.59427 
59.4 4.60047 
59.45 4.60667 
59.5 4.61285 
59.55 4.61902 
59.6 4.62517 
59.65 4.63131 
59.7 4.63744 
59.75 4.64355 
59.8 4.64965 
59.85 4.65574 
59.9 4.66182 
59.95 4.66788 
60 4.67392 
60.05 4.67995 
60.1 4.68597 
60.15 4.69198 
60.2 4.69797 
60.25 4.70394 
60.3 4.70991 
60.35 4.71585 
60.4 4.72179 
60.45 4.72771 
60.5 4.73361 
60.55 4.7395 
60.6 4.74537 
60.65 4.75124 
60.7 4.75708 
60.75 4.76291 
60.8 4.76873 
60.85 4.77453 
60.9 4.78031 
60.95 4.78608 
61 4.79184 
61.05 4.79758 
61.1 4.8033 
61.15 4.80901 
61.2 4.8147 
61.25 4.82038 
61.3 4.82604 
61.35 4.83169 
61.4 4.83731 
61.45 4.84293 
61.5 4.84853 
61.55 4.85411 
61.6 4.85967 
61.65 4.86522 
61.7 4.87075 
61.75 4.87627 
61.8 4.88177 
61.85 4.88725 
61.9 4.89272 
61.95 4.89817 
62 4.9036 
62.05 4.90902 
62.1 4.91442 
62.15 4.9198 
62.2 4.92516 
62.25 4.93051 
62.3 4.93584 
62.35 4.94116 
62.4 4.94645 
62.45 4.95173 
62.5 4.95699 
62.55 4.96223 
62.6 4.96746 
62.65 4.97267 
62.7 4.97786 
62.75 4.98303 
62.8 4.98818 
62.85 4.99332 
62.9 4.99844 
62.95 5.00354 
63 5.00862 
63.05 5.01368 
63.1 5.01872 
63.15 5.02375 
63.2 5.02876 
63.25 5.03375 
63.3 5.03872 
63.35 5.04367 
63.4 5.0486 
63.45 5.05351 
63.5 5.05841 
63.55 5.06328 
63.6 5.06814 
63.65 5.07298 
63.7 5.0778 
63.75 5.08259 
63.8 5.08737 
63.85 5.09213 
63.9 5.09687 
63.95 5.10159 
64 5.10629 
64.05 5.11097 
64.1 5.11563 
64.15 5.12027 
64.2 5.12489 
64.25 5.1295 
64.3 5.13408 
64.35 5.13864 
64.4 5.14318 
64.45 5.1477 
64.5 5.15219 
64.55 5.15667 
64.6 5.16113 
64.65 5.16557 
64.7 5.16999 
64.75 5.17438 
64.8 5.17876 
64.85 5.18311 
64.9 5.18744 
64.95 5.19176 
65 5.19605 
65.05 5.20032 
65.1 5.20457 
65.15 5.20879 
65.2 5.213 
65.25 5.21718 
65.3 5.22135 
65.35 5.22549 
65.4 5.22961 
65.45 5.2337 
65.5 5.23778 
65.55 5.24183 
65.6 5.24587 
65.65 5.24988 
65.7 5.25386 
65.75 5.25783 
65.8 5.26177 
65.85 5.26569 
65.9 5.26959 
65.95 5.27347 
66 5.27732 
66.05 5.28115 
66.1 5.28496 
66.15 5.28875 
66.2 5.29251 
66.25 5.29625 
66.3 5.29997 
66.35 5.30367 
66.4 5.30734 
66.45 5.31099 
66.5 5.31461 
66.55 5.31821 
66.6 5.32179 
66.65 5.32535 
66.7 5.32888 
66.75 5.33239 
66.8 5.33588 
66.85 5.33934 
66.9 5.34277 
66.95 5.34619 
67 5.34958 
67.05 5.35295 
67.1 5.35629 
67.15 5.35961 
67.2 5.3629 
67.25 5.36617 
67.3 5.36942 
67.35 5.37264 
67.4 5.37584 
67.45 5.37901 
67.5 5.38216 
67.55 5.38529 
67.6 5.38839 
67.65 5.39146 
67.7 5.39451 
67.75 5.39754 
67.8 5.40054 
67.85 5.40352 
67.9 5.40647 
67.95 5.4094 
68 5.4123 
68.05 5.41517 
68.1 5.41803 
68.15 5.42085 
68.2 5.42365 
68.25 5.42643 
68.3 5.42918 
68.35 5.43191 
68.4 5.43461 
68.45 5.43728 
68.5 5.43993 
68.55 5.44255 
68.6 5.44515 
68.65 5.44772 
68.7 5.45026 
68.75 5.45278 
68.8 5.45528 
68.85 5.45775 
68.9 5.46019 
68.95 5.4626 
69 5.46499 
69.05 5.46736 
69.1 5.46969 
69.15 5.472 
69.2 5.47429 
69.25 5.47655 
69.3 5.47878 
69.35 5.48098 
69.4 5.48316 
69.45 5.48531 
69.5 5.48744 
69.55 5.48953 
69.6 5.49161 
69.65 5.49365 
69.7 5.49567 
69.75 5.49766 
69.8 5.49962 
69.85 5.50156 
69.9 5.50347 
69.95 5.50535 
70 5.5072 
70.05 5.50903 
70.1 5.51083 
70.15 5.5126 
70.2 5.51435 
70.25 5.51607 
70.3 5.51776 
70.35 5.51942 
70.4 5.52106 
70.45 5.52267 
70.5 5.52425 
70.55 5.5258 
70.6 5.52732 
70.65 5.52882 
70.7 5.53029 
70.75 5.53173 
70.8 5.53314 
70.85 5.53453 
70.9 5.53588 
70.95 5.53721 
71 5.53851 
71.05 5.53978 
71.1 5.54103 
71.15 5.54224 
71.2 5.54343 
71.25 5.54459 
71.3 5.54572 
71.35 5.54682 
71.4 5.54789 
71.45 5.54894 
71.5 5.54995 
71.55 5.55094 
71.6 5.5519 
71.65 5.55283 
71.7 5.55373 
71.75 5.5546 
71.8 5.55545 
71.85 5.55626 
71.9 5.55704 
71.95 5.5578 
72 5.55853 
72.05 5.55923 
72.1 5.5599 
72.15 5.56054 
72.2 5.56115 
72.25 5.56173 
72.3 5.56228 
72.35 5.5628 
72.4 5.5633 
72.45 5.56376 
72.5 5.5642 
72.55 5.5646 
72.6 5.56498 
72.65 5.56532 
72.7 5.56564 
72.75 5.56593 
72.8 5.56618 
72.85 5.56641 
72.9 5.56661 
72.95 5.56678 
73 5.56692 
73.05 5.56702 
73.1 5.5671 
73.15 5.56715 
73.2 5.56717 
73.25 5.56716 
73.3 5.56712 
73.35 5.56705 
73.4 5.56695 
73.45 5.56681 
73.5 5.56665 
73.55 5.56646 
73.6 5.56624 
73.65 5.56599 
73.7 5.56571 
73.75 5.56539 
73.8 5.56505 
73.85 5.56468 
73.9 5.56427 
73.95 5.56384 
74 5.56338 
74.05 5.56288 
74.1 5.56236 
74.15 5.5618 
74.2 5.56121 
74.25 5.5606 
74.3 5.55995 
74.35 5.55927 
74.4 5.55856 
74.45 5.55782 
74.5 5.55705 
74.55 5.55625 
74.6 5.55542 
74.65 5.55456 
74.7 5.55367 
74.75 5.55274 
74.8 5.55179 
74.85 5.5508 
74.9 5.54979 
74.95 5.54874 
75 5.54766 
75.05 5.54655 
75.1 5.54541 
75.15 5.54424 
75.2 5.54304 
75.25 5.54181 
75.3 5.54054 
75.35 5.53925 
75.4 5.53792 
75.45 5.53656 
75.5 5.53517 
75.55 5.53375 
75.6 5.5323 
75.65 5.53082 
75.7 5.52931 
75.75 5.52776 
75.8 5.52619 
75.85 5.52458 
75.9 5.52294 
75.95 5.52127 
76 5.51957 
76.05 5.51784 
76.1 5.51608 
76.15 5.51428 
76.2 5.51246 
76.25 5.5106 
76.3 5.50871 
76.35 5.50679 
76.4 5.50484 
76.45 5.50286 
76.5 5.50085 
76.55 5.4988 
76.6 5.49672 
76.65 5.49461 
76.7 5.49247 
76.75 5.4903 
76.8 5.4881 
76.85 5.48587 
76.9 5.4836 
76.95 5.4813 
77 5.47897 
77.05 5.47661 
77.1 5.47422 
77.15 5.4718 
77.2 5.46935 
77.25 5.46686 
77.3 5.46434 
77.35 5.46179 
77.4 5.45921 
77.45 5.4566 
77.5 5.45395 
77.55 5.45128 
77.6 5.44857 
77.65 5.44583 
77.7 5.44306 
77.75 5.44026 
77.8 5.43743 
77.85 5.43456 
77.9 5.43167 
77.95 5.42874 
78 5.42578 
78.05 5.42279 
78.1 5.41977 
78.15 5.41671 
78.2 5.41363 
78.25 5.41051 
78.3 5.40736 
78.35 5.40418 
78.4 5.40097 
78.45 5.39772 
78.5 5.39445 
78.55 5.39114 
78.6 5.3878 
78.65 5.38443 
78.7 5.38103 
78.75 5.3776 
78.8 5.37413 
78.85 5.37064 
78.9 5.36711 
78.95 5.36355 
79 5.35996 
79.05 5.35634 
79.1 5.35269 
79.15 5.349 
79.2 5.34529 
79.25 5.34154 
79.3 5.33776 
79.35 5.33395 
79.4 5.33011 
79.45 5.32624 
79.5 5.32233 
79.55 5.3184 
79.6 5.31443 
79.65 5.31043 
79.7 5.3064 
79.75 5.30234 
79.8 5.29825 
79.85 5.29412 
79.9 5.28997 
79.95 5.28578 
80 5.28157 
80.05 5.27732 
80.1 5.27304 
80.15 5.26873 
80.2 5.26438 
80.25 5.26001 
80.3 5.25561 
80.35 5.25117 
80.4 5.2467 
80.45 5.24221 
80.5 5.23768 
80.55 5.23312 
80.6 5.22853 
80.65 5.22391 
80.7 5.21925 
80.75 5.21457 
80.8 5.20986 
80.85 5.20511 
80.9 5.20033 
80.95 5.19553 
81 5.19069 
81.05 5.18582 
81.1 5.18092 
81.15 5.17599 
81.2 5.17103 
81.25 5.16604 
81.3 5.16102 
81.35 5.15596 
81.4 5.15088 
81.45 5.14577 
81.5 5.14062 
81.55 5.13545 
81.6 5.13024 
81.65 5.12501 
81.7 5.11974 
81.75 5.11444 
81.8 5.10912 
81.85 5.10376 
81.9 5.09837 
81.95 5.09295 
82 5.08751 
82.05 5.08203 
82.1 5.07652 
82.15 5.07098 
82.2 5.06541 
82.25 5.05981 
82.3 5.05418 
82.35 5.04853 
82.4 5.04284 
82.45 5.03712 
82.5 5.03137 
82.55 5.02559 
82.6 5.01978 
82.65 5.01395 
82.7 5.00808 
82.75 5.00218 
82.8 4.99626 
82.85 4.9903 
82.9 4.98431 
82.95 4.9783 
83 4.97225 
83.05 4.96618 
83.1 4.96008 
83.15 4.95394 
83.2 4.94778 
83.25 4.94159 
83.3 4.93537 
83.35 4.92912 
83.4 4.92284 
83.45 4.91653 
83.5 4.9102 
83.55 4.90383 
83.6 4.89744 
83.65 4.89101 
83.7 4.88456 
83.75 4.87808 
83.8 4.87157 
83.85 4.86503 
83.9 4.85846 
83.95 4.85187 
84 4.84524 
84.05 4.83859 
84.1 4.83191 
84.15 4.8252 
84.2 4.81846 
84.25 4.81169 
84.3 4.8049 
84.35 4.79808 
84.4 4.79123 
84.45 4.78435 
84.5 4.77744 
84.55 4.77051 
84.6 4.76355 
84.65 4.75656 
84.7 4.74954 
84.75 4.74249 
84.8 4.73542 
84.85 4.72832 
84.9 4.72119 
84.95 4.71403 
85 4.70685 
85.05 4.69964 
85.1 4.6924 
85.15 4.68514 
85.2 4.67785 
85.25 4.67053 
85.3 4.66318 
85.35 4.65581 
85.4 4.64841 
85.45 4.64098 
85.5 4.63353 
85.55 4.62605 
85.6 4.61854 
85.65 4.61101 
85.7 4.60345 
85.75 4.59586 
85.8 4.58825 
85.85 4.58061 
85.9 4.57294 
85.95 4.56525 
86 4.55753 
86.05 4.54979 
86.1 4.54202 
86.15 4.53422 
86.2 4.5264 
86.25 4.51856 
86.3 4.51068 
86.35 4.50278 
86.4 4.49486 
86.45 4.48691 
86.5 4.47894 
86.55 4.47094 
86.6 4.46291 
86.65 4.45486 
86.7 4.44678 
86.75 4.43868 
86.8 4.43056 
86.85 4.42241 
86.9 4.41423 
86.95 4.40603 
87 4.39781 
87.05 4.38956 
87.1 4.38129 
87.15 4.37299 
87.2 4.36467 
87.25 4.35632 
87.3 4.34795 
87.35 4.33956 
87.4 4.33114 
87.45 4.3227 
87.5 4.31423 
87.55 4.30574 
87.6 4.29723 
87.65 4.28869 
87.7 4.28013 
87.75 4.27155 
87.8 4.26294 
87.85 4.25431 
87.9 4.24566 
87.95 4.23698 
88 4.22828 
88.05 4.21956 
88.1 4.21082 
88.15 4.20205 
88.2 4.19326 
88.25 4.18445 
88.3 4.17561 
88.35 4.16675 
88.4 4.15787 
88.45 4.14897 
88.5 4.14005 
88.55 4.1311 
88.6 4.12214 
88.65 4.11315 
88.7 4.10414 
88.75 4.0951 
88.8 4.08605 
88.85 4.07697 
88.9 4.06788 
88.95 4.05876 
89 4.04962 
89.05 4.04046 
89.1 4.03128 
89.15 4.02208 
89.2 4.01286 
89.25 4.00361 
89.3 3.99435 
89.35 3.98507 
89.4 3.97576 
89.45 3.96644 
89.5 3.95709 
89.55 3.94773 
89.6 3.93834 
89.65 3.92894 
89.7 3.91952 
89.75 3.91007 
89.8 3.90061 
89.85 3.89113 
89.9 3.88163 
89.95 3.87211 
90 3.86257 
90.05 3.85301 
90.1 3.84343 
90.15 3.83383 
90.2 3.82422 
90.25 3.81458 
90.3 3.80493 
90.35 3.79526 
90.4 3.78557 
90.45 3.77587 
90.5 3.76614 
90.55 3.7564 
90.6 3.74664 
90.65 3.73686 
90.7 3.72707 
90.75 3.71725 
90.8 3.70742 
90.85 3.69758 
90.9 3.68771 
90.95 3.67783 
91 3.66793 
91.05 3.65802 
91.1 3.64809 
91.15 3.63814 
91.2 3.62817 
91.25 3.61819 
91.3 3.6082 
91.35 3.59818 
91.4 3.58815 
91.45 3.57811 
91.5 3.56805 
91.55 3.55797 
91.6 3.54788 
91.65 3.53777 
91.7 3.52765 
91.75 3.51751 
91.8 3.50736 
91.85 3.4972 
91.9 3.48701 
91.95 3.47682 
92 3.46661 
92.05 3.45638 
92.1 3.44614 
92.15 3.43589 
92.2 3.42562 
92.25 3.41534 
92.3 3.40505 
92.35 3.39474 
92.4 3.38441 
92.45 3.37408 
92.5 3.36373 
92.55 3.35337 
92.6 3.34299 
92.65 3.33261 
92.7 3.32221 
92.75 3.31179 
92.8 3.30137 
92.85 3.29093 
92.9 3.28048 
92.95 3.27002 
93 3.25954 
93.05 3.24906 
93.1 3.23856 
93.15 3.22805 
93.2 3.21753 
93.25 3.207 
93.3 3.19646 
93.35 3.1859 
93.4 3.17534 
93.45 3.16476 
93.5 3.15418 
93.55 3.14358 
93.6 3.13297 
93.65 3.12236 
93.7 3.11173 
93.75 3.10109 
93.8 3.09045 
93.85 3.07979 
93.9 3.06913 
93.95 3.05845 
94 3.04777 
94.05 3.03707 
94.1 3.02637 
94.15 3.01566 
94.2 3.00494 
94.25 2.99421 
94.3 2.98347 
94.35 2.97273 
94.4 2.96198 
94.45 2.95122 
94.5 2.94045 
94.55 2.92967 
94.6 2.91889 
94.65 2.9081 
94.7 2.8973 
94.75 2.88649 
94.8 2.87568 
94.85 2.86486 
94.9 2.85403 
94.95 2.8432 
95 2.83236 
95.05 2.82152 
95.1 2.81067 
95.15 2.79981 
95.2 2.78895 
95.25 2.77808 
95.3 2.76721 
95.35 2.75633 
95.4 2.74544 
95.45 2.73456 
95.5 2.72366 
95.55 2.71276 
95.6 2.70186 
95.65 2.69095 
95.7 2.68004 
95.75 2.66913 
95.8 2.65821 
95.85 2.64728 
95.9 2.63636 
95.95 2.62543 
96 2.61449 
96.05 2.60356 
96.1 2.59262 
96.15 2.58167 
96.2 2.57073 
96.25 2.55978 
96.3 2.54883 
96.35 2.53788 
96.4 2.52692 
96.45 2.51597 
96.5 2.50501 
96.55 2.49405 
96.6 2.48309 
96.65 2.47213 
96.7 2.46116 
96.75 2.4502 
96.8 2.43923 
96.85 2.42827 
96.9 2.4173 
96.95 2.40634 
97 2.39537 
97.05 2.3844 
97.1 2.37344 
97.15 2.36247 
97.2 2.35151 
97.25 2.34054 
97.3 2.32958 
97.35 2.31862 
97.4 2.30765 
97.45 2.29669 
97.5 2.28574 
97.55 2.27478 
97.6 2.26382 
97.65 2.25287 
97.7 2.24192 
97.75 2.23097 
97.8 2.22003 
97.85 2.20909 
97.9 2.19815 
97.95 2.18721 
98 2.17628 
98.05 2.16534 
98.1 2.15442 
98.15 2.1435 
98.2 2.13258 
98.25 2.12166 
98.3 2.11075 
98.35 2.09985 
98.4 2.08894 
98.45 2.07805 
98.5 2.06716 
98.55 2.05627 
98.6 2.04539 
98.65 2.03451 
98.7 2.02364 
98.75 2.01278 
98.8 2.00192 
98.85 1.99107 
98.9 1.98022 
98.95 1.96938 
99 1.95855 
99.05 1.94773 
99.1 1.93691 
99.15 1.9261 
99.2 1.91529 
99.25 1.9045 
99.3 1.89371 
99.35 1.88293 
99.4 1.87216 
99.45 1.86139 
99.5 1.85064 
99.55 1.83989 
99.6 1.82916 
99.65 1.81843 
99.7 1.80771 
99.75 1.797 
99.8 1.7863 
99.85 1.77561 
99.9 1.76493 
99.95 1.75426 
100 1.7436 
100.05 1.73295 
100.1 1.72231 
100.15 1.71169 
100.2 1.70107 
100.25 1.69047 
100.3 1.67987 
100.35 1.66929 
100.4 1.65872 
100.45 1.64817 
100.5 1.63762 
100.55 1.62709 
100.6 1.61657 
100.65 1.60606 
100.7 1.59557 
100.75 1.58509 
100.8 1.57462 
100.85 1.56417 
100.9 1.55373 
100.95 1.5433 
101 1.53289 
101.05 1.52249 
101.1 1.51211 
101.15 1.50174 
101.2 1.49139 
101.25 1.48105 
101.3 1.47073 
101.35 1.46043 
101.4 1.45014 
101.45 1.43986 
101.5 1.4296 
101.55 1.41936 
101.6 1.40914 
101.65 1.39893 
101.7 1.38874 
101.75 1.37856 
101.8 1.36841 
101.85 1.35827 
101.9 1.34815 
101.95 1.33804 
102 1.32796 
102.05 1.31789 
102.1 1.30784 
102.15 1.29781 
102.2 1.28781 
102.25 1.27781 
102.3 1.26784 
102.35 1.25789 
102.4 1.24796 
102.45 1.23805 
102.5 1.22816 
102.55 1.21829 
102.6 1.20844 
102.65 1.19861 
102.7 1.1888 
102.75 1.17902 
102.8 1.16925 
102.85 1.15951 
102.9 1.14979 
102.95 1.14009 
103 1.13042 
103.05 1.12077 
103.1 1.11114 
103.15 1.10153 
103.2 1.09195 
103.25 1.08239 
103.3 1.07285 
103.35 1.06334 
103.4 1.05385 
103.45 1.04439 
103.5 1.03495 
103.55 1.02554 
103.6 1.01615 
103.65 1.00679 
103.7 0.997455 
103.75 0.988145 
103.8 0.978861 
103.85 0.969603 
103.9 0.960372 
103.95 0.951168 
104 0.941991 
104.05 0.932842 
104.1 0.92372 
104.15 0.914626 
104.2 0.90556 
104.25 0.896523 
104.3 0.887514 
104.35 0.878534 
104.4 0.869583 
104.45 0.860661 
104.5 0.851769 
104.55 0.842907 
104.6 0.834075 
104.65 0.825274 
104.7 0.816503 
104.75 0.807763 
104.8 0.799055 
104.85 0.790377 
104.9 0.781732 
104.95 0.773118 
105 0.764537 
105.05 0.755989 
105.1 0.747473 
105.15 0.73899 
105.2 0.730541 
105.25 0.722126 
105.3 0.713744 
105.35 0.705397 
105.4 0.697084 
105.45 0.688806 
105.5 0.680563 
105.55 0.672356 
105.6 0.664184 
105.65 0.656048 
105.7 0.647949 
105.75 0.639887 
105.8 0.631861 
105.85 0.623873 
105.9 0.615922 
105.95 0.608009 
106 0.600135 
106.05 0.592299 
106.1 0.584502 
106.15 0.576745 
106.2 0.569027 
106.25 0.561349 
106.3 0.553712 
106.35 0.546115 
106.4 0.538559 
106.45 0.531044 
106.5 0.523572 
106.55 0.516142 
106.6 0.508754 
106.65 0.501409 
106.7 0.494107 
106.75 0.48685 
106.8 0.479636 
106.85 0.472467 
106.9 0.465343 
106.95 0.458265 
107 0.451232 
107.05 0.444246 
107.1 0.437306 
107.15 0.430413 
107.2 0.423569 
107.25 0.416772 
107.3 0.410024 
107.35 0.403325 
107.4 0.396676 
107.45 0.390077 
107.5 0.383529 
107.55 0.377032 
107.6 0.370586 
107.65 0.364193 
107.7 0.357853 
107.75 0.351566 
107.8 0.345333 
107.85 0.339155 
107.9 0.333032 
107.95 0.326964 
108 0.320954 
108.05 0.315 
108.1 0.309104 
108.15 0.303267 
108.2 0.297489 
108.25 0.291771 
108.3 0.286114 
108.35 0.280518 
108.4 0.274984 
108.45 0.269513 
108.5 0.264106 
108.55 0.258763 
108.6 0.253486 
108.65 0.248275 
108.7 0.243131 
108.75 0.238055 
108.8 0.233048 
108.85 0.22811 
108.9 0.223244 
108.95 0.218449 
109 0.213727 
109.05 0.209078 
109.1 0.204504 
109.15 0.200006 
109.2 0.195584 
109.25 0.19124 
109.3 0.186975 
109.35 0.182789 
109.4 0.178684 
109.45 0.174661 
109.5 0.170721 
109.55 0.166864 
109.6 0.163092 
109.65 0.159406 
109.7 0.155807 
109.75 0.152296 
109.8 0.148872 
109.85 0.145538 
109.9 0.142294 
109.95 0.139141 
110 0.13608 
110.05 0.13311 
110.1 0.130232 
110.15 0.127447 
110.2 0.124755 
110.25 0.122156 
110.3 0.119651 
110.35 0.117237 
110.4 0.114917 
110.45 0.112688 
110.5 0.110551 
110.55 0.108504 
110.6 0.106547 
110.65 0.104678 
110.7 0.102897 
110.75 0.101201 
110.8 0.0995898 
110.85 0.0980606 
110.9 0.0966119 
110.95 0.0952415 
111 0.0939474 
111.05 0.0927274 
111.1 0.091579 
111.15 0.0904998 
111.2 0.0894875 
111.25 0.0885396 
111.3 0.0876534 
111.35 0.0868265 
111.4 0.0860564 
111.45 0.0853406 
111.5 0.0846767 
111.55 0.0840622 
111.6 0.0834948 
111.65 0.0829722 
111.7 0.0824921 
111.75 0.0820524 
111.8 0.081651 
111.85 0.0812858 
111.9 0.0809549 
111.95 0.0806564 
112 0.0803885 
112.05 0.0801494 
112.1 0.0799374 
112.15 0.0797509 
112.2 0.0795884 
112.25 0.0794483 
112.3 0.0793292 
112.35 0.0792296 
112.4 0.0791483 
112.45 0.0790839 
112.5 0.0790352 
112.55 0.0790009 
112.6 0.07898 
112.65 0.0789712 
112.7 0.0789735 
112.75 0.0789858 
112.8 0.0790071 
112.85 0.0790365 
112.9 0.0790729 
112.95 0.0791155 
113 0.0791634 
113.05 0.0792157 
113.1 0.0792716 
113.15 0.0793303 
113.2 0.079391 
113.25 0.079453 
113.3 0.0795155 
113.35 0.0795778 
113.4 0.0796393 
113.45 0.0796992 
113.5 0.079757 
113.55 0.0798119 
113.6 0.0798635 
113.65 0.0799111 
113.7 0.079954 
113.75 0.0799919 
113.8 0.080024 
113.85 0.0800499 
113.9 0.080069 
113.95 0.0800808 
114 0.0800848 
114.05 0.0800806 
114.1 0.0800675 
114.15 0.0800451 
114.2 0.0800131 
114.25 0.0799707 
114.3 0.0799176 
114.35 0.0798533 
114.4 0.0797774 
114.45 0.0796894 
114.5 0.0795887 
114.55 0.079475 
114.6 0.0793477 
114.65 0.0792064 
114.7 0.0790506 
114.75 0.0788798 
114.8 0.0786936 
114.85 0.0784914 
