0 0.25 
0.01 0.248797 
0.02 0.247609 
0.03 0.246435 
0.04 0.245275 
0.05 0.244129 
0.06 0.242997 
0.07 0.241879 
0.08 0.240774 
0.09 0.239681 
0.1 0.238602 
0.11 0.237535 
0.12 0.236481 
0.13 0.235438 
0.14 0.234408 
0.15 0.233389 
0.16 0.232382 
0.17 0.231386 
0.18 0.230401 
0.19 0.229427 
0.2 0.228464 
0.21 0.227511 
0.22 0.226569 
0.23 0.225637 
0.24 0.224715 
0.25 0.223803 
0.26 0.2229 
0.27 0.222007 
0.28 0.221123 
0.29 0.220249 
0.3 0.219383 
0.31 0.218526 
0.32 0.217678 
0.33 0.216839 
0.34 0.216008 
0.35 0.215185 
0.36 0.214371 
0.37 0.213564 
0.38 0.212766 
0.39 0.211975 
0.4 0.211191 
0.41 0.210416 
0.42 0.209647 
0.43 0.208886 
0.44 0.208132 
0.45 0.207385 
0.46 0.206645 
0.47 0.205912 
0.48 0.205185 
0.49 0.204465 
0.5 0.203752 
0.51 0.203045 
0.52 0.202344 
0.53 0.201649 
0.54 0.200961 
0.55 0.200278 
0.56 0.199601 
0.57 0.198931 
0.58 0.198265 
0.59 0.197606 
0.6 0.196952 
0.61 0.196304 
0.62 0.19566 
0.63 0.195023 
0.64 0.19439 
0.65 0.193763 
0.66 0.193141 
0.67 0.192523 
0.68 0.191911 
0.69 0.191303 
0.7 0.190701 
0.71 0.190103 
0.72 0.189509 
0.73 0.188921 
0.74 0.188337 
0.75 0.187757 
0.76 0.187182 
0.77 0.186611 
0.78 0.186044 
0.79 0.185481 
0.8 0.184923 
0.81 0.184369 
0.82 0.183819 
0.83 0.183273 
0.84 0.18273 
0.85 0.182192 
0.86 0.181658 
0.87 0.181127 
0.88 0.1806 
0.89 0.180077 
0.9 0.179557 
0.91 0.179041 
0.92 0.178529 
0.93 0.17802 
0.94 0.177514 
0.95 0.177012 
0.96 0.176514 
0.97 0.176018 
0.98 0.175526 
0.99 0.175037 
1 0.174552 
1.01 0.174069 
1.02 0.17359 
1.03 0.173114 
1.04 0.17264 
1.05 0.17217 
1.06 0.171703 
1.07 0.171239 
1.08 0.170778 
1.09 0.170319 
1.1 0.169863 
1.11 0.169411 
1.12 0.168961 
1.13 0.168513 
1.14 0.168069 
1.15 0.167627 
1.16 0.167188 
1.17 0.166751 
1.18 0.166317 
1.19 0.165886 
1.2 0.165457 
1.21 0.16503 
1.22 0.164606 
1.23 0.164185 
1.24 0.163766 
1.25 0.163349 
1.26 0.162935 
1.27 0.162523 
1.28 0.162113 
1.29 0.161705 
1.3 0.1613 
1.31 0.160897 
1.32 0.160497 
1.33 0.160098 
1.34 0.159702 
1.35 0.159308 
1.36 0.158916 
1.37 0.158526 
1.38 0.158138 
1.39 0.157752 
1.4 0.157369 
1.41 0.156987 
1.42 0.156607 
1.43 0.15623 
1.44 0.155854 
1.45 0.15548 
1.46 0.155108 
1.47 0.154738 
1.48 0.15437 
1.49 0.154004 
1.5 0.153639 
1.51 0.153277 
1.52 0.152916 
1.53 0.152557 
1.54 0.1522 
1.55 0.151845 
1.56 0.151491 
1.57 0.151139 
1.58 0.150789 
1.59 0.15044 
1.6 0.150093 
1.61 0.149748 
1.62 0.149404 
1.63 0.149063 
1.64 0.148722 
1.65 0.148384 
1.66 0.148046 
1.67 0.147711 
1.68 0.147377 
1.69 0.147044 
1.7 0.146713 
1.71 0.146384 
1.72 0.146056 
1.73 0.14573 
1.74 0.145405 
1.75 0.145081 
1.76 0.144759 
1.77 0.144439 
1.78 0.14412 
1.79 0.143802 
1.8 0.143486 
1.81 0.143171 
1.82 0.142857 
1.83 0.142545 
1.84 0.142234 
1.85 0.141925 
1.86 0.141617 
1.87 0.14131 
1.88 0.141004 
1.89 0.1407 
1.9 0.140397 
1.91 0.140096 
1.92 0.139795 
1.93 0.139496 
1.94 0.139198 
1.95 0.138902 
1.96 0.138606 
1.97 0.138312 
1.98 0.138019 
1.99 0.137728 
2 0.137437 
2.01 0.137148 
2.02 0.13686 
2.03 0.136573 
2.04 0.136287 
2.05 0.136002 
2.06 0.135718 
2.07 0.135436 
2.08 0.135155 
2.09 0.134874 
2.1 0.134595 
2.11 0.134317 
2.12 0.13404 
2.13 0.133764 
2.14 0.13349 
2.15 0.133216 
2.16 0.132943 
2.17 0.132672 
2.18 0.132401 
2.19 0.132131 
2.2 0.131863 
2.21 0.131595 
2.22 0.131329 
2.23 0.131063 
2.24 0.130799 
2.25 0.130535 
2.26 0.130273 
2.27 0.130011 
2.28 0.129751 
2.29 0.129491 
2.3 0.129232 
2.31 0.128975 
2.32 0.128718 
2.33 0.128462 
2.34 0.128207 
2.35 0.127953 
2.36 0.1277 
2.37 0.127448 
2.38 0.127196 
2.39 0.126946 
2.4 0.126697 
2.41 0.126448 
2.42 0.1262 
2.43 0.125953 
2.44 0.125707 
2.45 0.125462 
2.46 0.125218 
2.47 0.124974 
2.48 0.124732 
2.49 0.12449 
2.5 0.124249 
2.51 0.124009 
2.52 0.12377 
2.53 0.123531 
2.54 0.123294 
2.55 0.123057 
2.56 0.122821 
2.57 0.122586 
2.58 0.122351 
2.59 0.122118 
2.6 0.121885 
2.61 0.121653 
2.62 0.121421 
2.63 0.121191 
2.64 0.120961 
2.65 0.120732 
2.66 0.120504 
2.67 0.120276 
2.68 0.120049 
2.69 0.119823 
2.7 0.119598 
2.71 0.119373 
2.72 0.119149 
2.73 0.118926 
2.74 0.118704 
2.75 0.118482 
2.76 0.118261 
2.77 0.118041 
2.78 0.117821 
2.79 0.117602 
2.8 0.117384 
2.81 0.117167 
2.82 0.11695 
2.83 0.116734 
2.84 0.116518 
2.85 0.116303 
2.86 0.116089 
2.87 0.115876 
2.88 0.115663 
2.89 0.115451 
2.9 0.115239 
2.91 0.115028 
2.92 0.114818 
2.93 0.114608 
2.94 0.114399 
2.95 0.114191 
2.96 0.113983 
2.97 0.113776 
2.98 0.11357 
2.99 0.113364 
3 0.113159 
3.01 0.112954 
3.02 0.11275 
3.03 0.112547 
3.04 0.112344 
3.05 0.112142 
3.06 0.11194 
3.07 0.111739 
3.08 0.111539 
3.09 0.111339 
3.1 0.11114 
3.11 0.110941 
3.12 0.110743 
3.13 0.110546 
3.14 0.110349 
3.15 0.110152 
3.16 0.109956 
3.17 0.109761 
3.18 0.109566 
3.19 0.109372 
3.2 0.109179 
3.21 0.108986 
3.22 0.108793 
3.23 0.108601 
3.24 0.10841 
3.25 0.108219 
3.26 0.108029 
3.27 0.107839 
3.28 0.10765 
3.29 0.107461 
3.3 0.107273 
3.31 0.107085 
3.32 0.106898 
3.33 0.106711 
3.34 0.106525 
3.35 0.106339 
3.36 0.106154 
3.37 0.10597 
3.38 0.105786 
3.39 0.105602 
3.4 0.105419 
3.41 0.105236 
3.42 0.105054 
3.43 0.104873 
3.44 0.104691 
3.45 0.104511 
3.46 0.104331 
3.47 0.104151 
3.48 0.103972 
3.49 0.103793 
3.5 0.103615 
3.51 0.103437 
3.52 0.10326 
3.53 0.103083 
3.54 0.102906 
3.55 0.10273 
3.56 0.102555 
3.57 0.10238 
3.58 0.102205 
3.59 0.102031 
3.6 0.101858 
3.61 0.101684 
3.62 0.101512 
3.63 0.101339 
3.64 0.101168 
3.65 0.100996 
3.66 0.100825 
3.67 0.100655 
3.68 0.100484 
3.69 0.100315 
3.7 0.100146 
3.71 0.0999768 
3.72 0.0998084 
3.73 0.0996404 
3.74 0.0994729 
3.75 0.0993058 
3.76 0.0991391 
3.77 0.0989728 
3.78 0.098807 
3.79 0.0986415 
3.8 0.0984765 
3.81 0.0983119 
3.82 0.0981477 
3.83 0.0979839 
3.84 0.0978205 
3.85 0.0976575 
3.86 0.0974949 
3.87 0.0973327 
3.88 0.0971709 
3.89 0.0970095 
3.9 0.0968485 
3.91 0.0966879 
3.92 0.0965276 
3.93 0.0963678 
3.94 0.0962084 
3.95 0.0960493 
3.96 0.0958906 
3.97 0.0957323 
3.98 0.0955744 
3.99 0.0954169 
4 0.0952597 
4.01 0.0951029 
4.02 0.0949465 
4.03 0.0947905 
4.04 0.0946348 
4.05 0.0944795 
4.06 0.0943246 
4.07 0.09417 
4.08 0.0940158 
4.09 0.093862 
4.1 0.0937085 
4.11 0.0935554 
4.12 0.0934027 
4.13 0.0932503 
4.14 0.0930982 
4.15 0.0929465 
4.16 0.0927952 
4.17 0.0926442 
4.18 0.0924936 
4.19 0.0923433 
4.2 0.0921934 
4.21 0.0920438 
4.22 0.0918945 
4.23 0.0917456 
4.24 0.0915971 
4.25 0.0914489 
4.26 0.091301 
4.27 0.0911534 
4.28 0.0910062 
4.29 0.0908594 
4.3 0.0907128 
4.31 0.0905666 
4.32 0.0904207 
4.33 0.0902752 
4.34 0.0901299 
4.35 0.0899851 
4.36 0.0898405 
4.37 0.0896962 
4.38 0.0895523 
4.39 0.0894087 
4.4 0.0892654 
4.41 0.0891225 
4.42 0.0889798 
4.43 0.0888375 
4.44 0.0886955 
4.45 0.0885538 
4.46 0.0884124 
4.47 0.0882713 
4.48 0.0881306 
4.49 0.0879901 
4.5 0.08785 
4.51 0.0877102 
4.52 0.0875706 
4.53 0.0874314 
4.54 0.0872925 
4.55 0.0871539 
4.56 0.0870155 
4.57 0.0868775 
4.58 0.0867398 
4.59 0.0866024 
4.6 0.0864653 
4.61 0.0863284 
4.62 0.0861919 
4.63 0.0860557 
4.64 0.0859197 
4.65 0.0857841 
4.66 0.0856487 
4.67 0.0855136 
4.68 0.0853788 
4.69 0.0852443 
4.7 0.0851101 
4.71 0.0849762 
4.72 0.0848426 
4.73 0.0847092 
4.74 0.0845761 
4.75 0.0844433 
4.76 0.0843108 
4.77 0.0841786 
4.78 0.0840466 
4.79 0.0839149 
4.8 0.0837835 
4.81 0.0836524 
4.82 0.0835215 
4.83 0.0833909 
4.84 0.0832606 
4.85 0.0831306 
4.86 0.0830008 
4.87 0.0828713 
4.88 0.0827421 
4.89 0.0826131 
4.9 0.0824844 
4.91 0.0823559 
4.92 0.0822278 
4.93 0.0820999 
4.94 0.0819722 
4.95 0.0818448 
4.96 0.0817177 
4.97 0.0815908 
4.98 0.0814642 
4.99 0.0813379 
5 0.0812118 
5.01 0.081086 
5.02 0.0809604 
5.03 0.0808351 
5.04 0.08071 
5.05 0.0805852 
5.06 0.0804606 
5.07 0.0803363 
5.08 0.0802123 
5.09 0.0800885 
5.1 0.0799649 
5.11 0.0798416 
5.12 0.0797185 
5.13 0.0795957 
5.14 0.0794731 
5.15 0.0793508 
5.16 0.0792287 
5.17 0.0791069 
5.18 0.0789853 
5.19 0.0788639 
5.2 0.0787428 
5.21 0.0786219 
5.22 0.0785013 
5.23 0.0783809 
5.24 0.0782607 
5.25 0.0781408 
5.26 0.0780211 
5.27 0.0779016 
5.28 0.0777824 
5.29 0.0776634 
5.3 0.0775447 
5.31 0.0774262 
5.32 0.0773079 
5.33 0.0771898 
5.34 0.077072 
5.35 0.0769544 
5.36 0.076837 
5.37 0.0767199 
5.38 0.076603 
5.39 0.0764863 
5.4 0.0763698 
5.41 0.0762536 
5.42 0.0761376 
5.43 0.0760218 
5.44 0.0759062 
5.45 0.0757909 
5.46 0.0756757 
5.47 0.0755608 
5.48 0.0754462 
5.49 0.0753317 
5.5 0.0752175 
5.51 0.0751034 
5.52 0.0749896 
5.53 0.074876 
5.54 0.0747627 
5.55 0.0746495 
5.56 0.0745366 
5.57 0.0744238 
5.58 0.0743113 
5.59 0.074199 
5.6 0.0740869 
5.61 0.073975 
5.62 0.0738634 
5.63 0.0737519 
5.64 0.0736407 
5.65 0.0735296 
5.66 0.0734188 
5.67 0.0733082 
5.68 0.0731978 
5.69 0.0730876 
5.7 0.0729775 
5.71 0.0728678 
5.72 0.0727582 
5.73 0.0726488 
5.74 0.0725396 
5.75 0.0724306 
5.76 0.0723218 
5.77 0.0722132 
5.78 0.0721049 
5.79 0.0719967 
5.8 0.0718887 
5.81 0.0717809 
5.82 0.0716734 
5.83 0.071566 
5.84 0.0714588 
5.85 0.0713518 
5.86 0.071245 
5.87 0.0711384 
5.88 0.0710321 
5.89 0.0709259 
5.9 0.0708198 
5.91 0.070714 
5.92 0.0706084 
5.93 0.070503 
5.94 0.0703978 
5.95 0.0702927 
5.96 0.0701879 
5.97 0.0700832 
5.98 0.0699787 
5.99 0.0698745 
6 0.0697704 
6.01 0.0696665 
6.02 0.0695627 
6.03 0.0694592 
6.04 0.0693559 
6.05 0.0692527 
6.06 0.0691497 
6.07 0.069047 
6.08 0.0689444 
6.09 0.0688419 
6.1 0.0687397 
6.11 0.0686377 
6.12 0.0685358 
6.13 0.0684341 
6.14 0.0683326 
6.15 0.0682313 
6.16 0.0681302 
6.17 0.0680292 
6.18 0.0679284 
6.19 0.0678278 
6.2 0.0677274 
6.21 0.0676272 
6.22 0.0675271 
6.23 0.0674272 
6.24 0.0673275 
6.25 0.067228 
6.26 0.0671286 
6.27 0.0670294 
6.28 0.0669304 
6.29 0.0668316 
6.3 0.0667329 
6.31 0.0666345 
6.32 0.0665362 
6.33 0.066438 
6.34 0.0663401 
6.35 0.0662423 
6.36 0.0661446 
6.37 0.0660472 
6.38 0.0659499 
6.39 0.0658528 
6.4 0.0657559 
6.41 0.0656591 
6.42 0.0655625 
6.43 0.065466 
6.44 0.0653698 
6.45 0.0652737 
6.46 0.0651777 
6.47 0.065082 
6.48 0.0649864 
6.49 0.064891 
6.5 0.0647957 
6.51 0.0647006 
6.52 0.0646056 
6.53 0.0645109 
6.54 0.0644163 
6.55 0.0643218 
6.56 0.0642275 
6.57 0.0641334 
6.58 0.0640394 
6.59 0.0639456 
6.6 0.063852 
6.61 0.0637585 
6.62 0.0636652 
6.63 0.063572 
6.64 0.0634791 
6.65 0.0633862 
6.66 0.0632935 
6.67 0.063201 
6.68 0.0631086 
6.69 0.0630164 
6.7 0.0629244 
6.71 0.0628325 
6.72 0.0627408 
6.73 0.0626492 
6.74 0.0625578 
6.75 0.0624665 
6.76 0.0623754 
6.77 0.0622844 
6.78 0.0621936 
6.79 0.062103 
6.8 0.0620125 
6.81 0.0619221 
6.82 0.0618319 
6.83 0.0617419 
6.84 0.061652 
6.85 0.0615623 
6.86 0.0614727 
6.87 0.0613832 
6.88 0.061294 
6.89 0.0612048 
6.9 0.0611158 
6.91 0.061027 
6.92 0.0609383 
6.93 0.0608498 
6.94 0.0607614 
6.95 0.0606731 
6.96 0.060585 
6.97 0.0604971 
6.98 0.0604093 
6.99 0.0603216 
7 0.0602341 
7.01 0.0601468 
7.02 0.0600596 
7.03 0.0599725 
7.04 0.0598856 
7.05 0.0597988 
7.06 0.0597121 
7.07 0.0596256 
7.08 0.0595393 
7.09 0.0594531 
7.1 0.059367 
7.11 0.0592811 
7.12 0.0591953 
7.13 0.0591097 
7.14 0.0590242 
7.15 0.0589388 
7.16 0.0588536 
7.17 0.0587685 
7.18 0.0586836 
7.19 0.0585988 
7.2 0.0585142 
7.21 0.0584296 
7.22 0.0583453 
7.23 0.058261 
7.24 0.0581769 
7.25 0.058093 
7.26 0.0580091 
7.27 0.0579254 
7.28 0.0578419 
7.29 0.0577585 
7.3 0.0576752 
7.31 0.0575921 
7.32 0.0575091 
7.33 0.0574262 
7.34 0.0573435 
7.35 0.0572609 
7.36 0.0571784 
7.37 0.0570961 
7.38 0.0570139 
7.39 0.0569318 
7.4 0.0568499 
7.41 0.0567681 
7.42 0.0566864 
7.43 0.0566049 
7.44 0.0565235 
7.45 0.0564422 
7.46 0.0563611 
7.47 0.0562801 
7.48 0.0561992 
7.49 0.0561184 
7.5 0.0560378 
7.51 0.0559573 
7.52 0.055877 
7.53 0.0557968 
7.54 0.0557167 
7.55 0.0556367 
7.56 0.0555569 
7.57 0.0554772 
7.58 0.0553976 
7.59 0.0553181 
7.6 0.0552388 
7.61 0.0551596 
7.62 0.0550805 
7.63 0.0550016 
7.64 0.0549228 
7.65 0.0548441 
7.66 0.0547655 
7.67 0.0546871 
7.68 0.0546088 
7.69 0.0545306 
7.7 0.0544525 
7.71 0.0543746 
7.72 0.0542967 
7.73 0.054219 
7.74 0.0541415 
7.75 0.054064 
7.76 0.0539867 
7.77 0.0539095 
7.78 0.0538324 
7.79 0.0537555 
7.8 0.0536787 
7.81 0.053602 
7.82 0.0535254 
7.83 0.0534489 
7.84 0.0533726 
7.85 0.0532963 
7.86 0.0532202 
7.87 0.0531442 
7.88 0.0530684 
7.89 0.0529926 
7.9 0.052917 
7.91 0.0528415 
7.92 0.0527661 
7.93 0.0526909 
7.94 0.0526157 
7.95 0.0525407 
7.96 0.0524658 
7.97 0.052391 
7.98 0.0523163 
7.99 0.0522418 
8 0.0521673 
8.01 0.052093 
8.02 0.0520188 
8.03 0.0519447 
8.04 0.0518707 
8.05 0.0517969 
8.06 0.0517231 
8.07 0.0516495 
8.08 0.051576 
8.09 0.0515026 
8.1 0.0514293 
8.11 0.0513562 
8.12 0.0512831 
8.13 0.0512102 
8.14 0.0511374 
8.15 0.0510647 
8.16 0.0509921 
8.17 0.0509196 
8.18 0.0508472 
8.19 0.0507749 
8.2 0.0507028 
8.21 0.0506308 
8.22 0.0505589 
8.23 0.050487 
8.24 0.0504153 
8.25 0.0503438 
8.26 0.0502723 
8.27 0.0502009 
8.28 0.0501297 
8.29 0.0500585 
8.3 0.0499875 
8.31 0.0499166 
8.32 0.0498458 
8.33 0.0497751 
8.34 0.0497045 
8.35 0.049634 
8.36 0.0495636 
8.37 0.0494934 
8.38 0.0494232 
8.39 0.0493532 
8.4 0.0492832 
8.41 0.0492134 
8.42 0.0491437 
8.43 0.049074 
8.44 0.0490045 
8.45 0.0489351 
8.46 0.0488658 
8.47 0.0487967 
8.48 0.0487276 
8.49 0.0486586 
8.5 0.0485897 
8.51 0.048521 
8.52 0.0484523 
8.53 0.0483838 
8.54 0.0483153 
8.55 0.048247 
8.56 0.0481787 
8.57 0.0481106 
8.58 0.0480426 
8.59 0.0479746 
8.6 0.0479068 
8.61 0.0478391 
8.62 0.0477715 
8.63 0.047704 
8.64 0.0476366 
8.65 0.0475693 
8.66 0.0475021 
8.67 0.047435 
8.68 0.047368 
8.69 0.0473011 
8.7 0.0472343 
8.71 0.0471676 
8.72 0.047101 
8.73 0.0470345 
8.74 0.0469681 
8.75 0.0469019 
8.76 0.0468357 
8.77 0.0467696 
8.78 0.0467036 
8.79 0.0466377 
8.8 0.0465719 
8.81 0.0465063 
8.82 0.0464407 
8.83 0.0463752 
8.84 0.0463098 
8.85 0.0462445 
8.86 0.0461794 
8.87 0.0461143 
8.88 0.0460493 
8.89 0.0459844 
8.9 0.0459196 
8.91 0.0458549 
8.92 0.0457903 
8.93 0.0457258 
8.94 0.0456614 
8.95 0.0455971 
8.96 0.0455329 
8.97 0.0454688 
8.98 0.0454048 
8.99 0.0453409 
9 0.0452771 
9.01 0.0452133 
9.02 0.0451497 
9.03 0.0450862 
9.04 0.0450228 
9.05 0.0449594 
9.06 0.0448962 
9.07 0.044833 
9.08 0.04477 
9.09 0.044707 
9.1 0.0446442 
9.11 0.0445814 
9.12 0.0445187 
9.13 0.0444561 
9.14 0.0443937 
9.15 0.0443313 
9.16 0.044269 
9.17 0.0442068 
9.18 0.0441446 
9.19 0.0440826 
9.2 0.0440207 
9.21 0.0439589 
9.22 0.0438971 
9.23 0.0438355 
9.24 0.0437739 
9.25 0.0437125 
9.26 0.0436511 
9.27 0.0435898 
9.28 0.0435286 
9.29 0.0434675 
9.3 0.0434065 
9.31 0.0433456 
9.32 0.0432848 
9.33 0.0432241 
9.34 0.0431634 
9.35 0.0431029 
9.36 0.0430424 
9.37 0.042982 
9.38 0.0429218 
9.39 0.0428616 
9.4 0.0428015 
9.41 0.0427415 
9.42 0.0426815 
9.43 0.0426217 
9.44 0.042562 
9.45 0.0425023 
9.46 0.0424427 
9.47 0.0423833 
9.48 0.0423239 
9.49 0.0422646 
9.5 0.0422054 
9.51 0.0421462 
9.52 0.0420872 
9.53 0.0420283 
9.54 0.0419694 
9.55 0.0419106 
9.56 0.0418519 
9.57 0.0417933 
9.58 0.0417348 
9.59 0.0416764 
9.6 0.0416181 
9.61 0.0415598 
9.62 0.0415016 
9.63 0.0414436 
9.64 0.0413856 
9.65 0.0413277 
9.66 0.0412698 
9.67 0.0412121 
9.68 0.0411544 
9.69 0.0410969 
9.7 0.0410394 
9.71 0.040982 
9.72 0.0409247 
9.73 0.0408674 
9.74 0.0408103 
9.75 0.0407532 
9.76 0.0406963 
9.77 0.0406394 
9.78 0.0405826 
9.79 0.0405258 
9.8 0.0404692 
9.81 0.0404126 
9.82 0.0403562 
9.83 0.0402998 
9.84 0.0402435 
9.85 0.0401873 
9.86 0.0401311 
9.87 0.040075 
9.88 0.0400191 
9.89 0.0399632 
9.9 0.0399074 
9.91 0.0398516 
9.92 0.039796 
9.93 0.0397404 
9.94 0.0396849 
9.95 0.0396295 
9.96 0.0395742 
9.97 0.039519 
9.98 0.0394638 
9.99 0.0394087 
10 0.0393537 
10.01 0.0392988 
10.02 0.039244 
10.03 0.0391892 
10.04 0.0391345 
10.05 0.0390799 
10.06 0.0390254 
10.07 0.038971 
10.08 0.0389166 
10.09 0.0388624 
10.1 0.0388082 
10.11 0.038754 
10.12 0.0387 
10.13 0.038646 
10.14 0.0385922 
10.15 0.0385384 
10.16 0.0384846 
10.17 0.038431 
10.18 0.0383774 
10.19 0.0383239 
10.2 0.0382705 
10.21 0.0382172 
10.22 0.0381639 
10.23 0.0381108 
10.24 0.0380577 
10.25 0.0380046 
10.26 0.0379517 
10.27 0.0378988 
10.28 0.037846 
10.29 0.0377933 
10.3 0.0377407 
10.31 0.0376881 
10.32 0.0376356 
10.33 0.0375832 
10.34 0.0375309 
10.35 0.0374786 
10.36 0.0374265 
10.37 0.0373744 
10.38 0.0373223 
10.39 0.0372704 
10.4 0.0372185 
10.41 0.0371667 
10.42 0.037115 
10.43 0.0370633 
10.44 0.0370117 
10.45 0.0369602 
10.46 0.0369088 
10.47 0.0368575 
10.48 0.0368062 
10.49 0.036755 
10.5 0.0367039 
10.51 0.0366528 
10.52 0.0366018 
10.53 0.0365509 
10.54 0.0365001 
10.55 0.0364493 
10.56 0.0363986 
10.57 0.036348 
10.58 0.0362975 
10.59 0.036247 
10.6 0.0361966 
10.61 0.0361463 
10.62 0.0360961 
10.63 0.0360459 
10.64 0.0359958 
10.65 0.0359458 
10.66 0.0358958 
10.67 0.0358459 
10.68 0.0357961 
10.69 0.0357464 
10.7 0.0356967 
10.71 0.0356471 
10.72 0.0355976 
10.73 0.0355481 
10.74 0.0354987 
10.75 0.0354494 
10.76 0.0354002 
10.77 0.035351 
10.78 0.0353019 
10.79 0.0352529 
10.8 0.0352039 
10.81 0.0351551 
10.82 0.0351062 
10.83 0.0350575 
10.84 0.0350088 
10.85 0.0349602 
10.86 0.0349117 
10.87 0.0348632 
10.88 0.0348148 
10.89 0.0347665 
10.9 0.0347182 
10.91 0.0346701 
10.92 0.0346219 
10.93 0.0345739 
10.94 0.0345259 
10.95 0.034478 
10.96 0.0344302 
10.97 0.0343824 
10.98 0.0343347 
10.99 0.0342871 
11 0.0342395 
11.01 0.034192 
11.02 0.0341446 
11.03 0.0340972 
11.04 0.0340499 
11.05 0.0340027 
11.06 0.0339555 
11.07 0.0339084 
11.08 0.0338614 
11.09 0.0338145 
11.1 0.0337676 
11.11 0.0337208 
11.12 0.033674 
11.13 0.0336273 
11.14 0.0335807 
11.15 0.0335342 
11.16 0.0334877 
11.17 0.0334412 
11.18 0.0333949 
11.19 0.0333486 
11.2 0.0333024 
11.21 0.0332562 
11.22 0.0332102 
11.23 0.0331641 
11.24 0.0331182 
11.25 0.0330723 
11.26 0.0330265 
11.27 0.0329807 
11.28 0.032935 
11.29 0.0328894 
11.3 0.0328438 
11.31 0.0327983 
11.32 0.0327529 
11.33 0.0327075 
11.34 0.0326622 
11.35 0.032617 
11.36 0.0325718 
11.37 0.0325267 
11.38 0.0324817 
11.39 0.0324367 
11.4 0.0323918 
11.41 0.0323469 
11.42 0.0323021 
11.43 0.0322574 
11.44 0.0322128 
11.45 0.0321682 
11.46 0.0321236 
11.47 0.0320792 
11.48 0.0320348 
11.49 0.0319904 
11.5 0.0319461 
11.51 0.0319019 
11.52 0.0318578 
11.53 0.0318137 
11.54 0.0317697 
11.55 0.0317257 
11.56 0.0316818 
11.57 0.031638 
11.58 0.0315942 
11.59 0.0315505 
11.6 0.0315068 
11.61 0.0314632 
11.62 0.0314197 
11.63 0.0313762 
11.64 0.0313328 
11.65 0.0312895 
11.66 0.0312462 
11.67 0.031203 
11.68 0.0311598 
11.69 0.0311167 
11.7 0.0310737 
11.71 0.0310307 
11.72 0.0309878 
11.73 0.030945 
11.74 0.0309022 
11.75 0.0308594 
11.76 0.0308168 
11.77 0.0307742 
11.78 0.0307316 
11.79 0.0306891 
11.8 0.0306467 
11.81 0.0306043 
11.82 0.030562 
11.83 0.0305198 
11.84 0.0304776 
11.85 0.0304355 
11.86 0.0303934 
11.87 0.0303514 
11.88 0.0303095 
11.89 0.0302676 
11.9 0.0302258 
11.91 0.030184 
11.92 0.0301423 
11.93 0.0301006 
11.94 0.030059 
11.95 0.0300175 
11.96 0.029976 
11.97 0.0299346 
11.98 0.0298933 
11.99 0.029852 
12 0.0298107 
12.01 0.0297695 
12.02 0.0297284 
12.03 0.0296874 
12.04 0.0296463 
12.05 0.0296054 
12.06 0.0295645 
12.07 0.0295237 
12.08 0.0294829 
12.09 0.0294422 
12.1 0.0294015 
12.11 0.0293609 
12.12 0.0293204 
12.13 0.0292799 
12.14 0.0292395 
12.15 0.0291991 
12.16 0.0291588 
12.17 0.0291185 
12.18 0.0290783 
12.19 0.0290382 
12.2 0.0289981 
12.21 0.0289581 
12.22 0.0289181 
12.23 0.0288782 
12.24 0.0288383 
12.25 0.0287985 
12.26 0.0287587 
12.27 0.0287191 
12.28 0.0286794 
12.29 0.0286398 
12.3 0.0286003 
12.31 0.0285608 
12.32 0.0285214 
12.33 0.0284821 
12.34 0.0284428 
12.35 0.0284035 
12.36 0.0283643 
12.37 0.0283252 
12.38 0.0282861 
12.39 0.0282471 
12.4 0.0282081 
12.41 0.0281692 
12.42 0.0281304 
12.43 0.0280915 
12.44 0.0280528 
12.45 0.0280141 
12.46 0.0279755 
12.47 0.0279369 
12.48 0.0278983 
12.49 0.0278599 
12.5 0.0278214 
12.51 0.0277831 
12.52 0.0277447 
12.53 0.0277065 
12.54 0.0276683 
12.55 0.0276301 
12.56 0.027592 
12.57 0.027554 
12.58 0.027516 
12.59 0.027478 
12.6 0.0274401 
12.61 0.0274023 
12.62 0.0273645 
12.63 0.0273268 
12.64 0.0272891 
12.65 0.0272515 
12.66 0.0272139 
12.67 0.0271764 
12.68 0.027139 
12.69 0.0271016 
12.7 0.0270642 
12.71 0.0270269 
12.72 0.0269896 
12.73 0.0269524 
12.74 0.0269153 
12.75 0.0268782 
12.76 0.0268412 
12.77 0.0268042 
12.78 0.0267672 
12.79 0.0267303 
12.8 0.0266935 
12.81 0.0266567 
12.82 0.02662 
12.83 0.0265833 
12.84 0.0265467 
12.85 0.0265101 
12.86 0.0264736 
12.87 0.0264371 
12.88 0.0264007 
12.89 0.0263643 
12.9 0.026328 
12.91 0.0262917 
12.92 0.0262555 
12.93 0.0262193 
12.94 0.0261832 
12.95 0.0261471 
12.96 0.0261111 
12.97 0.0260752 
12.98 0.0260393 
12.99 0.0260034 
13 0.0259676 
13.01 0.0259318 
13.02 0.0258961 
13.03 0.0258604 
13.04 0.0258248 
13.05 0.0257892 
13.06 0.0257537 
13.07 0.0257183 
13.08 0.0256829 
13.09 0.0256475 
13.1 0.0256122 
13.11 0.0255769 
13.12 0.0255417 
13.13 0.0255065 
13.14 0.0254714 
13.15 0.0254363 
13.16 0.0254013 
13.17 0.0253663 
13.18 0.0253314 
13.19 0.0252966 
13.2 0.0252617 
13.21 0.025227 
13.22 0.0251922 
13.23 0.0251575 
13.24 0.0251229 
13.25 0.0250883 
13.26 0.0250538 
13.27 0.0250193 
13.28 0.0249849 
13.29 0.0249505 
13.3 0.0249162 
13.31 0.0248819 
13.32 0.0248476 
13.33 0.0248134 
13.34 0.0247793 
13.35 0.0247452 
13.36 0.0247111 
13.37 0.0246771 
13.38 0.0246432 
13.39 0.0246093 
13.4 0.0245754 
13.41 0.0245416 
13.42 0.0245078 
13.43 0.0244741 
13.44 0.0244404 
13.45 0.0244068 
13.46 0.0243732 
13.47 0.0243397 
13.48 0.0243062 
13.49 0.0242728 
13.5 0.0242394 
13.51 0.024206 
13.52 0.0241727 
13.53 0.0241395 
13.54 0.0241063 
13.55 0.0240731 
13.56 0.02404 
13.57 0.0240069 
13.58 0.0239739 
13.59 0.0239409 
13.6 0.023908 
13.61 0.0238751 
13.62 0.0238423 
13.63 0.0238095 
13.64 0.0237767 
13.65 0.023744 
13.66 0.0237114 
13.67 0.0236788 
13.68 0.0236462 
13.69 0.0236137 
13.7 0.0235812 
13.71 0.0235488 
13.72 0.0235164 
13.73 0.0234841 
13.74 0.0234518 
13.75 0.0234195 
13.76 0.0233873 
13.77 0.0233552 
13.78 0.0233231 
13.79 0.023291 
13.8 0.023259 
13.81 0.023227 
13.82 0.0231951 
13.83 0.0231632 
13.84 0.0231314 
13.85 0.0230996 
13.86 0.0230678 
13.87 0.0230361 
13.88 0.0230044 
13.89 0.0229728 
13.9 0.0229412 
13.91 0.0229097 
13.92 0.0228782 
13.93 0.0228468 
13.94 0.0228154 
13.95 0.022784 
13.96 0.0227527 
13.97 0.0227214 
13.98 0.0226902 
13.99 0.022659 
14 0.0226279 
14.01 0.0225968 
14.02 0.0225657 
14.03 0.0225347 
14.04 0.0225037 
14.05 0.0224728 
14.06 0.0224419 
14.07 0.0224111 
14.08 0.0223803 
14.09 0.0223495 
14.1 0.0223188 
14.11 0.0222882 
14.12 0.0222575 
14.13 0.022227 
14.14 0.0221964 
14.15 0.0221659 
14.16 0.0221355 
14.17 0.0221051 
14.18 0.0220747 
14.19 0.0220444 
14.2 0.0220141 
14.21 0.0219838 
14.22 0.0219536 
14.23 0.0219235 
14.24 0.0218934 
14.25 0.0218633 
14.26 0.0218332 
14.27 0.0218033 
14.28 0.0217733 
14.29 0.0217434 
14.3 0.0217135 
14.31 0.0216837 
14.32 0.0216539 
14.33 0.0216242 
14.34 0.0215945 
14.35 0.0215648 
14.36 0.0215352 
14.37 0.0215056 
14.38 0.0214761 
14.39 0.0214466 
14.4 0.0214171 
14.41 0.0213877 
14.42 0.0213583 
14.43 0.021329 
14.44 0.0212997 
14.45 0.0212705 
14.46 0.0212413 
14.47 0.0212121 
14.48 0.021183 
14.49 0.0211539 
14.5 0.0211248 
14.51 0.0210958 
14.52 0.0210669 
14.53 0.0210379 
14.54 0.021009 
14.55 0.0209802 
14.56 0.0209514 
14.57 0.0209226 
14.58 0.0208939 
14.59 0.0208652 
14.6 0.0208366 
14.61 0.020808 
14.62 0.0207794 
14.63 0.0207509 
14.64 0.0207224 
14.65 0.0206939 
14.66 0.0206655 
14.67 0.0206372 
14.68 0.0206088 
14.69 0.0205805 
14.7 0.0205523 
14.71 0.0205241 
14.72 0.0204959 
14.73 0.0204678 
14.74 0.0204397 
14.75 0.0204116 
14.76 0.0203836 
14.77 0.0203556 
14.78 0.0203277 
14.79 0.0202998 
14.8 0.0202719 
14.81 0.0202441 
14.82 0.0202163 
14.83 0.0201886 
14.84 0.0201609 
14.85 0.0201332 
14.86 0.0201056 
14.87 0.020078 
14.88 0.0200504 
14.89 0.0200229 
14.9 0.0199954 
14.91 0.019968 
14.92 0.0199406 
14.93 0.0199132 
14.94 0.0198859 
14.95 0.0198586 
14.96 0.0198314 
14.97 0.0198041 
14.98 0.019777 
14.99 0.0197498 
15 0.0197227 
15.01 0.0196957 
15.02 0.0196686 
15.03 0.0196417 
15.04 0.0196147 
15.05 0.0195878 
15.06 0.0195609 
15.07 0.0195341 
15.08 0.0195073 
15.09 0.0194805 
15.1 0.0194538 
15.11 0.0194271 
15.12 0.0194005 
15.13 0.0193738 
15.14 0.0193473 
15.15 0.0193207 
15.16 0.0192942 
15.17 0.0192677 
15.18 0.0192413 
15.19 0.0192149 
15.2 0.0191886 
15.21 0.0191622 
15.22 0.019136 
15.23 0.0191097 
15.24 0.0190835 
15.25 0.0190573 
15.26 0.0190312 
15.27 0.0190051 
15.28 0.018979 
15.29 0.018953 
15.3 0.018927 
15.31 0.018901 
15.32 0.0188751 
15.33 0.0188492 
15.34 0.0188234 
15.35 0.0187975 
15.36 0.0187718 
15.37 0.018746 
15.38 0.0187203 
15.39 0.0186946 
15.4 0.018669 
15.41 0.0186434 
15.42 0.0186178 
15.43 0.0185923 
15.44 0.0185668 
15.45 0.0185413 
15.46 0.0185159 
15.47 0.0184905 
15.48 0.0184652 
15.49 0.0184398 
15.5 0.0184146 
15.51 0.0183893 
15.52 0.0183641 
15.53 0.0183389 
15.54 0.0183138 
15.55 0.0182887 
15.56 0.0182636 
15.57 0.0182385 
15.58 0.0182135 
15.59 0.0181886 
15.6 0.0181636 
15.61 0.0181387 
15.62 0.0181138 
15.63 0.018089 
15.64 0.0180642 
15.65 0.0180394 
15.66 0.0180147 
15.67 0.01799 
15.68 0.0179653 
15.69 0.0179407 
15.7 0.0179161 
15.71 0.0178916 
15.72 0.017867 
15.73 0.0178425 
15.74 0.0178181 
15.75 0.0177937 
15.76 0.0177693 
15.77 0.0177449 
15.78 0.0177206 
15.79 0.0176963 
15.8 0.017672 
15.81 0.0176478 
15.82 0.0176236 
15.83 0.0175995 
15.84 0.0175753 
15.85 0.0175512 
15.86 0.0175272 
15.87 0.0175032 
15.88 0.0174792 
15.89 0.0174552 
15.9 0.0174313 
15.91 0.0174074 
15.92 0.0173835 
15.93 0.0173597 
15.94 0.0173359 
15.95 0.0173122 
15.96 0.0172884 
15.97 0.0172647 
15.98 0.0172411 
15.99 0.0172175 
16 0.0171939 
16.01 0.0171703 
16.02 0.0171468 
16.03 0.0171233 
16.04 0.0170998 
16.05 0.0170764 
16.06 0.017053 
16.07 0.0170296 
16.08 0.0170063 
16.09 0.016983 
16.1 0.0169597 
16.11 0.0169364 
16.12 0.0169132 
16.13 0.0168901 
16.14 0.0168669 
16.15 0.0168438 
16.16 0.0168207 
16.17 0.0167977 
16.18 0.0167747 
16.19 0.0167517 
16.2 0.0167287 
16.21 0.0167058 
16.22 0.0166829 
16.23 0.01666 
16.24 0.0166372 
16.25 0.0166144 
16.26 0.0165917 
16.27 0.0165689 
16.28 0.0165462 
16.29 0.0165236 
16.3 0.0165009 
16.31 0.0164783 
16.32 0.0164557 
16.33 0.0164332 
16.34 0.0164107 
16.35 0.0163882 
16.36 0.0163657 
16.37 0.0163433 
16.38 0.0163209 
16.39 0.0162986 
16.4 0.0162762 
16.41 0.0162539 
16.42 0.0162317 
16.43 0.0162094 
16.44 0.0161872 
16.45 0.0161651 
16.46 0.0161429 
16.47 0.0161208 
16.48 0.0160987 
16.49 0.0160767 
16.5 0.0160546 
16.51 0.0160327 
16.52 0.0160107 
16.53 0.0159888 
16.54 0.0159669 
16.55 0.015945 
16.56 0.0159231 
16.57 0.0159013 
16.58 0.0158796 
16.59 0.0158578 
16.6 0.0158361 
16.61 0.0158144 
16.62 0.0157927 
16.63 0.0157711 
16.64 0.0157495 
16.65 0.0157279 
16.66 0.0157064 
16.67 0.0156849 
16.68 0.0156634 
16.69 0.0156419 
16.7 0.0156205 
16.71 0.0155991 
16.72 0.0155778 
16.73 0.0155564 
16.74 0.0155351 
16.75 0.0155138 
16.76 0.0154926 
16.77 0.0154714 
16.78 0.0154502 
16.79 0.015429 
16.8 0.0154079 
16.81 0.0153868 
16.82 0.0153657 
16.83 0.0153447 
16.84 0.0153237 
16.85 0.0153027 
16.86 0.0152817 
16.87 0.0152608 
16.88 0.0152399 
16.89 0.015219 
16.9 0.0151982 
16.91 0.0151774 
16.92 0.0151566 
16.93 0.0151359 
16.94 0.0151151 
16.95 0.0150944 
16.96 0.0150738 
16.97 0.0150531 
16.98 0.0150325 
16.99 0.0150119 
17 0.0149914 
17.01 0.0149708 
17.02 0.0149503 
17.03 0.0149299 
17.04 0.0149094 
17.05 0.014889 
17.06 0.0148686 
17.07 0.0148483 
17.08 0.0148279 
17.09 0.0148076 
17.1 0.0147874 
17.11 0.0147671 
17.12 0.0147469 
17.13 0.0147267 
17.14 0.0147066 
17.15 0.0146864 
17.16 0.0146663 
17.17 0.0146462 
17.18 0.0146262 
17.19 0.0146062 
17.2 0.0145862 
17.21 0.0145662 
17.22 0.0145462 
17.23 0.0145263 
17.24 0.0145064 
17.25 0.0144866 
17.26 0.0144668 
17.27 0.0144469 
17.28 0.0144272 
17.29 0.0144074 
17.3 0.0143877 
17.31 0.014368 
17.32 0.0143483 
17.33 0.0143287 
17.34 0.0143091 
17.35 0.0142895 
17.36 0.0142699 
17.37 0.0142504 
17.38 0.0142309 
17.39 0.0142114 
17.4 0.014192 
17.41 0.0141725 
17.42 0.0141531 
17.43 0.0141338 
17.44 0.0141144 
17.45 0.0140951 
17.46 0.0140758 
17.47 0.0140565 
17.48 0.0140373 
17.49 0.0140181 
17.5 0.0139989 
17.51 0.0139797 
17.52 0.0139606 
17.53 0.0139415 
17.54 0.0139224 
17.55 0.0139033 
17.56 0.0138843 
17.57 0.0138653 
17.58 0.0138463 
17.59 0.0138274 
17.6 0.0138085 
17.61 0.0137896 
17.62 0.0137707 
17.63 0.0137518 
17.64 0.013733 
17.65 0.0137142 
17.66 0.0136954 
17.67 0.0136767 
17.68 0.013658 
17.69 0.0136393 
17.7 0.0136206 
17.71 0.013602 
17.72 0.0135834 
17.73 0.0135648 
17.74 0.0135462 
17.75 0.0135277 
17.76 0.0135092 
17.77 0.0134907 
17.78 0.0134722 
17.79 0.0134538 
17.8 0.0134354 
17.81 0.013417 
17.82 0.0133986 
17.83 0.0133803 
17.84 0.013362 
17.85 0.0133437 
17.86 0.0133254 
17.87 0.0133072 
17.88 0.013289 
17.89 0.0132708 
17.9 0.0132526 
17.91 0.0132345 
17.92 0.0132164 
17.93 0.0131983 
17.94 0.0131803 
17.95 0.0131622 
17.96 0.0131442 
17.97 0.0131262 
17.98 0.0131083 
17.99 0.0130903 
18 0.0130724 
18.01 0.0130545 
18.02 0.0130367 
18.03 0.0130188 
18.04 0.013001 
18.05 0.0129832 
18.06 0.0129655 
18.07 0.0129477 
18.08 0.01293 
18.09 0.0129123 
18.1 0.0128946 
18.11 0.012877 
18.12 0.0128594 
18.13 0.0128418 
18.14 0.0128242 
18.15 0.0128067 
18.16 0.0127891 
18.17 0.0127716 
18.18 0.0127542 
18.19 0.0127367 
18.2 0.0127193 
18.21 0.0127019 
18.22 0.0126845 
18.23 0.0126672 
18.24 0.0126498 
18.25 0.0126325 
18.26 0.0126152 
18.27 0.012598 
18.28 0.0125807 
18.29 0.0125635 
18.3 0.0125463 
18.31 0.0125292 
18.32 0.012512 
18.33 0.0124949 
18.34 0.0124778 
18.35 0.0124608 
18.36 0.0124437 
18.37 0.0124267 
18.38 0.0124097 
18.39 0.0123927 
18.4 0.0123757 
18.41 0.0123588 
18.42 0.0123419 
18.43 0.012325 
18.44 0.0123082 
18.45 0.0122913 
18.46 0.0122745 
18.47 0.0122577 
18.48 0.012241 
18.49 0.0122242 
18.5 0.0122075 
18.51 0.0121908 
18.52 0.0121741 
18.53 0.0121575 
18.54 0.0121408 
18.55 0.0121242 
18.56 0.0121076 
18.57 0.0120911 
18.58 0.0120745 
18.59 0.012058 
18.6 0.0120415 
18.61 0.0120251 
18.62 0.0120086 
18.63 0.0119922 
18.64 0.0119758 
18.65 0.0119594 
18.66 0.011943 
18.67 0.0119267 
18.68 0.0119104 
18.69 0.0118941 
18.7 0.0118778 
18.71 0.0118616 
18.72 0.0118454 
18.73 0.0118292 
18.74 0.011813 
18.75 0.0117968 
18.76 0.0117807 
18.77 0.0117646 
18.78 0.0117485 
18.79 0.0117324 
18.8 0.0117164 
18.81 0.0117003 
18.82 0.0116843 
18.83 0.0116684 
18.84 0.0116524 
18.85 0.0116365 
18.86 0.0116205 
18.87 0.0116047 
18.88 0.0115888 
18.89 0.0115729 
18.9 0.0115571 
18.91 0.0115413 
18.92 0.0115255 
18.93 0.0115098 
18.94 0.011494 
18.95 0.0114783 
18.96 0.0114626 
18.97 0.0114469 
18.98 0.0114313 
18.99 0.0114156 
19 0.0114 
19.01 0.0113844 
19.02 0.0113689 
19.03 0.0113533 
19.04 0.0113378 
19.05 0.0113223 
19.06 0.0113068 
19.07 0.0112913 
19.08 0.0112759 
19.09 0.0112605 
19.1 0.0112451 
19.11 0.0112297 
19.12 0.0112143 
19.13 0.011199 
19.14 0.0111837 
19.15 0.0111684 
19.16 0.0111531 
19.17 0.0111379 
19.18 0.0111226 
19.19 0.0111074 
19.2 0.0110922 
19.21 0.0110771 
19.22 0.0110619 
19.23 0.0110468 
19.24 0.0110317 
19.25 0.0110166 
19.26 0.0110015 
19.27 0.0109865 
19.28 0.0109715 
19.29 0.0109565 
19.3 0.0109415 
19.31 0.0109265 
19.32 0.0109116 
19.33 0.0108967 
19.34 0.0108818 
19.35 0.0108669 
19.36 0.010852 
19.37 0.0108372 
19.38 0.0108224 
19.39 0.0108076 
19.4 0.0107928 
19.41 0.010778 
19.42 0.0107633 
19.43 0.0107486 
19.44 0.0107339 
19.45 0.0107192 
19.46 0.0107045 
19.47 0.0106899 
19.48 0.0106753 
19.49 0.0106607 
19.5 0.0106461 
19.51 0.0106315 
19.52 0.010617 
19.53 0.0106025 
19.54 0.010588 
19.55 0.0105735 
19.56 0.0105591 
19.57 0.0105446 
19.58 0.0105302 
19.59 0.0105158 
19.6 0.0105014 
19.61 0.0104871 
19.62 0.0104727 
19.63 0.0104584 
19.64 0.0104441 
19.65 0.0104298 
19.66 0.0104156 
19.67 0.0104013 
19.68 0.0103871 
19.69 0.0103729 
19.7 0.0103587 
19.71 0.0103446 
19.72 0.0103304 
19.73 0.0103163 
19.74 0.0103022 
19.75 0.0102881 
19.76 0.010274 
19.77 0.01026 
19.78 0.010246 
19.79 0.010232 
19.8 0.010218 
19.81 0.010204 
19.82 0.01019 
19.83 0.0101761 
19.84 0.0101622 
19.85 0.0101483 
19.86 0.0101344 
19.87 0.0101206 
19.88 0.0101067 
19.89 0.0100929 
19.9 0.0100791 
19.91 0.0100653 
19.92 0.0100516 
19.93 0.0100378 
19.94 0.0100241 
19.95 0.0100104 
19.96 0.00999673 
19.97 0.00998306 
19.98 0.00996942 
19.99 0.00995579 
20 0.00994218 
20.01 0.00992859 
20.02 0.00991501 
20.03 0.00990146 
20.04 0.00988792 
20.05 0.0098744 
20.06 0.0098609 
20.07 0.00984742 
20.08 0.00983396 
20.09 0.00982052 
20.1 0.00980709 
20.11 0.00979369 
20.12 0.0097803 
20.13 0.00976693 
20.14 0.00975358 
20.15 0.00974024 
20.16 0.00972693 
20.17 0.00971363 
20.18 0.00970035 
20.19 0.00968709 
20.2 0.00967385 
20.21 0.00966063 
20.22 0.00964742 
20.23 0.00963423 
20.24 0.00962107 
20.25 0.00960791 
20.26 0.00959478 
20.27 0.00958166 
20.28 0.00956857 
20.29 0.00955549 
20.3 0.00954242 
20.31 0.00952938 
20.32 0.00951635 
20.33 0.00950335 
20.34 0.00949036 
20.35 0.00947738 
20.36 0.00946443 
20.37 0.00945149 
20.38 0.00943857 
20.39 0.00942567 
20.4 0.00941279 
20.41 0.00939992 
20.42 0.00938707 
20.43 0.00937424 
20.44 0.00936142 
20.45 0.00934863 
20.46 0.00933585 
20.47 0.00932309 
20.48 0.00931035 
20.49 0.00929762 
20.5 0.00928491 
20.51 0.00927222 
20.52 0.00925954 
20.53 0.00924689 
20.54 0.00923425 
20.55 0.00922163 
20.56 0.00920902 
20.57 0.00919643 
20.58 0.00918386 
20.59 0.00917131 
20.6 0.00915877 
20.61 0.00914626 
20.62 0.00913375 
20.63 0.00912127 
20.64 0.0091088 
20.65 0.00909635 
20.66 0.00908392 
20.67 0.0090715 
20.68 0.0090591 
20.69 0.00904672 
20.7 0.00903436 
20.71 0.00902201 
20.72 0.00900968 
20.73 0.00899736 
20.74 0.00898506 
20.75 0.00897278 
20.76 0.00896052 
20.77 0.00894827 
20.78 0.00893604 
20.79 0.00892383 
20.8 0.00891163 
20.81 0.00889945 
20.82 0.00888729 
20.83 0.00887514 
20.84 0.00886301 
20.85 0.0088509 
20.86 0.0088388 
20.87 0.00882672 
20.88 0.00881466 
20.89 0.00880261 
20.9 0.00879058 
20.91 0.00877857 
20.92 0.00876657 
20.93 0.00875459 
20.94 0.00874262 
20.95 0.00873067 
20.96 0.00871874 
20.97 0.00870683 
20.98 0.00869493 
20.99 0.00868304 
21 0.00867118 
21.01 0.00865933 
21.02 0.00864749 
21.03 0.00863567 
21.04 0.00862387 
21.05 0.00861209 
21.06 0.00860032 
21.07 0.00858856 
21.08 0.00857683 
21.09 0.0085651 
21.1 0.0085534 
21.11 0.00854171 
21.12 0.00853004 
21.13 0.00851838 
21.14 0.00850674 
21.15 0.00849511 
21.16 0.0084835 
21.17 0.00847191 
21.18 0.00846033 
21.19 0.00844877 
21.2 0.00843722 
21.21 0.00842569 
21.22 0.00841418 
21.23 0.00840268 
21.24 0.00839119 
21.25 0.00837973 
21.26 0.00836828 
21.27 0.00835684 
21.28 0.00834542 
21.29 0.00833402 
21.3 0.00832263 
21.31 0.00831125 
21.32 0.00829989 
21.33 0.00828855 
21.34 0.00827723 
21.35 0.00826591 
21.36 0.00825462 
21.37 0.00824334 
21.38 0.00823207 
21.39 0.00822082 
21.4 0.00820959 
21.41 0.00819837 
21.42 0.00818717 
21.43 0.00817598 
21.44 0.00816481 
21.45 0.00815365 
21.46 0.00814251 
21.47 0.00813138 
21.48 0.00812027 
21.49 0.00810917 
21.5 0.00809809 
21.51 0.00808702 
21.52 0.00807597 
21.53 0.00806494 
21.54 0.00805391 
21.55 0.00804291 
21.56 0.00803192 
21.57 0.00802094 
21.58 0.00800998 
21.59 0.00799904 
21.6 0.00798811 
21.61 0.00797719 
21.62 0.00796629 
21.63 0.0079554 
21.64 0.00794453 
21.65 0.00793368 
21.66 0.00792284 
21.67 0.00791201 
21.68 0.0079012 
21.69 0.0078904 
21.7 0.00787962 
21.71 0.00786885 
21.72 0.0078581 
21.73 0.00784736 
21.74 0.00783664 
21.75 0.00782593 
21.76 0.00781524 
21.77 0.00780456 
21.78 0.00779389 
21.79 0.00778324 
21.8 0.00777261 
21.81 0.00776199 
21.82 0.00775138 
21.83 0.00774079 
21.84 0.00773021 
21.85 0.00771965 
21.86 0.0077091 
21.87 0.00769857 
21.88 0.00768805 
21.89 0.00767754 
21.9 0.00766705 
21.91 0.00765657 
21.92 0.00764611 
21.93 0.00763566 
21.94 0.00762523 
21.95 0.00761481 
21.96 0.00760441 
21.97 0.00759402 
21.98 0.00758364 
21.99 0.00757328 
22 0.00756293 
22.01 0.0075526 
22.02 0.00754228 
22.03 0.00753197 
22.04 0.00752168 
22.05 0.0075114 
22.06 0.00750114 
22.07 0.00749089 
22.08 0.00748065 
22.09 0.00747043 
22.1 0.00746023 
22.11 0.00745003 
22.12 0.00743985 
22.13 0.00742969 
22.14 0.00741954 
22.15 0.0074094 
22.16 0.00739928 
22.17 0.00738917 
22.18 0.00737907 
22.19 0.00736899 
22.2 0.00735892 
22.21 0.00734886 
22.22 0.00733882 
22.23 0.0073288 
22.24 0.00731878 
22.25 0.00730878 
22.26 0.0072988 
22.27 0.00728882 
22.28 0.00727887 
22.29 0.00726892 
22.3 0.00725899 
22.31 0.00724907 
22.32 0.00723917 
22.33 0.00722928 
22.34 0.0072194 
22.35 0.00720953 
22.36 0.00719968 
22.37 0.00718985 
22.38 0.00718002 
22.39 0.00717021 
22.4 0.00716042 
22.41 0.00715063 
22.42 0.00714086 
22.43 0.00713111 
22.44 0.00712137 
22.45 0.00711164 
22.46 0.00710192 
22.47 0.00709222 
22.48 0.00708253 
22.49 0.00707285 
22.5 0.00706319 
22.51 0.00705354 
22.52 0.0070439 
22.53 0.00703428 
22.54 0.00702466 
22.55 0.00701507 
22.56 0.00700548 
22.57 0.00699591 
22.58 0.00698635 
22.59 0.00697681 
22.6 0.00696728 
22.61 0.00695776 
22.62 0.00694825 
22.63 0.00693876 
22.64 0.00692928 
22.65 0.00691981 
22.66 0.00691036 
22.67 0.00690092 
22.68 0.00689149 
22.69 0.00688207 
22.7 0.00687267 
22.71 0.00686328 
22.72 0.0068539 
22.73 0.00684454 
22.74 0.00683519 
22.75 0.00682585 
22.76 0.00681652 
22.77 0.00680721 
22.78 0.00679791 
22.79 0.00678862 
22.8 0.00677935 
22.81 0.00677009 
22.82 0.00676084 
22.83 0.0067516 
22.84 0.00674238 
22.85 0.00673317 
22.86 0.00672397 
22.87 0.00671478 
22.88 0.00670561 
22.89 0.00669645 
22.9 0.0066873 
22.91 0.00667816 
22.92 0.00666904 
22.93 0.00665993 
22.94 0.00665083 
22.95 0.00664174 
22.96 0.00663267 
22.97 0.00662361 
22.98 0.00661456 
22.99 0.00660552 
23 0.0065965 
23.01 0.00658749 
23.02 0.00657849 
23.03 0.0065695 
23.04 0.00656052 
23.05 0.00655156 
23.06 0.00654261 
23.07 0.00653367 
23.08 0.00652475 
23.09 0.00651583 
23.1 0.00650693 
23.11 0.00649804 
23.12 0.00648916 
23.13 0.0064803 
23.14 0.00647145 
23.15 0.00646261 
23.16 0.00645378 
23.17 0.00644496 
23.18 0.00643616 
23.19 0.00642736 
23.2 0.00641858 
23.21 0.00640981 
23.22 0.00640106 
23.23 0.00639231 
23.24 0.00638358 
23.25 0.00637486 
23.26 0.00636615 
23.27 0.00635745 
23.28 0.00634877 
23.29 0.0063401 
23.3 0.00633144 
23.31 0.00632279 
23.32 0.00631415 
23.33 0.00630552 
23.34 0.00629691 
23.35 0.00628831 
23.36 0.00627972 
23.37 0.00627114 
23.38 0.00626257 
23.39 0.00625402 
23.4 0.00624547 
23.41 0.00623694 
23.42 0.00622842 
23.43 0.00621991 
23.44 0.00621142 
23.45 0.00620293 
23.46 0.00619446 
23.47 0.00618599 
23.48 0.00617754 
23.49 0.00616911 
23.5 0.00616068 
23.51 0.00615226 
23.52 0.00614386 
23.53 0.00613547 
23.54 0.00612708 
23.55 0.00611871 
23.56 0.00611036 
23.57 0.00610201 
23.58 0.00609367 
23.59 0.00608535 
23.6 0.00607704 
23.61 0.00606874 
23.62 0.00606045 
23.63 0.00605217 
23.64 0.0060439 
23.65 0.00603564 
23.66 0.0060274 
23.67 0.00601917 
23.68 0.00601094 
23.69 0.00600273 
23.7 0.00599453 
23.71 0.00598634 
23.72 0.00597817 
23.73 0.00597 
23.74 0.00596184 
23.75 0.0059537 
23.76 0.00594557 
23.77 0.00593745 
23.78 0.00592934 
23.79 0.00592124 
23.8 0.00591315 
23.81 0.00590507 
23.82 0.005897 
23.83 0.00588895 
23.84 0.0058809 
23.85 0.00587287 
23.86 0.00586485 
23.87 0.00585684 
23.88 0.00584884 
23.89 0.00584085 
23.9 0.00583287 
23.91 0.0058249 
23.92 0.00581694 
23.93 0.005809 
23.94 0.00580106 
23.95 0.00579314 
23.96 0.00578523 
23.97 0.00577732 
23.98 0.00576943 
23.99 0.00576155 
24 0.00575368 
24.01 0.00574582 
24.02 0.00573797 
24.03 0.00573013 
24.04 0.00572231 
24.05 0.00571449 
24.06 0.00570668 
24.07 0.00569889 
24.08 0.0056911 
24.09 0.00568333 
24.1 0.00567557 
24.11 0.00566781 
24.12 0.00566007 
24.13 0.00565234 
24.14 0.00564462 
24.15 0.00563691 
24.16 0.00562921 
24.17 0.00562152 
24.18 0.00561384 
24.19 0.00560617 
24.2 0.00559851 
24.21 0.00559087 
24.22 0.00558323 
24.23 0.0055756 
24.24 0.00556799 
24.25 0.00556038 
24.26 0.00555279 
24.27 0.0055452 
24.28 0.00553763 
24.29 0.00553006 
24.3 0.00552251 
24.31 0.00551497 
24.32 0.00550743 
24.33 0.00549991 
24.34 0.0054924 
24.35 0.0054849 
24.36 0.0054774 
24.37 0.00546992 
24.38 0.00546245 
24.39 0.00545499 
24.4 0.00544754 
24.41 0.0054401 
24.42 0.00543267 
24.43 0.00542525 
24.44 0.00541784 
24.45 0.00541044 
24.46 0.00540305 
24.47 0.00539566 
24.48 0.00538829 
24.49 0.00538094 
24.5 0.00537359 
24.51 0.00536625 
24.52 0.00535892 
24.53 0.0053516 
24.54 0.00534429 
24.55 0.00533699 
24.56 0.0053297 
24.57 0.00532242 
24.58 0.00531515 
24.59 0.00530789 
24.6 0.00530064 
24.61 0.0052934 
24.62 0.00528617 
24.63 0.00527895 
24.64 0.00527174 
24.65 0.00526454 
24.66 0.00525735 
24.67 0.00525016 
24.68 0.00524299 
24.69 0.00523583 
24.7 0.00522868 
24.71 0.00522154 
24.72 0.00521441 
24.73 0.00520728 
24.74 0.00520017 
24.75 0.00519307 
24.76 0.00518598 
24.77 0.00517889 
24.78 0.00517182 
24.79 0.00516476 
24.8 0.0051577 
24.81 0.00515066 
24.82 0.00514362 
24.83 0.0051366 
24.84 0.00512958 
24.85 0.00512257 
24.86 0.00511558 
24.87 0.00510859 
24.88 0.00510161 
24.89 0.00509464 
24.9 0.00508768 
24.91 0.00508074 
24.92 0.0050738 
24.93 0.00506687 
24.94 0.00505994 
24.95 0.00505303 
24.96 0.00504613 
24.97 0.00503924 
24.98 0.00503236 
24.99 0.00502548 
25 0.00501862 
25.01 0.00501176 
25.02 0.00500492 
25.03 0.00499808 
25.04 0.00499126 
25.05 0.00498444 
25.06 0.00497763 
25.07 0.00497083 
25.08 0.00496404 
25.09 0.00495726 
25.1 0.00495049 
25.11 0.00494373 
25.12 0.00493698 
25.13 0.00493023 
25.14 0.0049235 
25.15 0.00491677 
25.16 0.00491006 
25.17 0.00490335 
25.18 0.00489665 
25.19 0.00488997 
25.2 0.00488329 
25.21 0.00487662 
25.22 0.00486996 
25.23 0.0048633 
25.24 0.00485666 
25.25 0.00485003 
25.26 0.0048434 
25.27 0.00483679 
25.28 0.00483018 
25.29 0.00482358 
25.3 0.00481699 
25.31 0.00481041 
25.32 0.00480384 
25.33 0.00479728 
25.34 0.00479073 
25.35 0.00478419 
25.36 0.00477765 
25.37 0.00477113 
25.38 0.00476461 
25.39 0.0047581 
25.4 0.0047516 
25.41 0.00474511 
25.42 0.00473863 
25.43 0.00473216 
25.44 0.0047257 
25.45 0.00471924 
25.46 0.00471279 
25.47 0.00470636 
25.48 0.00469993 
25.49 0.00469351 
25.5 0.0046871 
25.51 0.0046807 
25.52 0.0046743 
25.53 0.00466792 
25.54 0.00466154 
25.55 0.00465518 
25.56 0.00464882 
25.57 0.00464247 
25.58 0.00463613 
25.59 0.0046298 
25.6 0.00462347 
25.61 0.00461716 
25.62 0.00461085 
25.63 0.00460455 
25.64 0.00459826 
25.65 0.00459198 
25.66 0.00458571 
25.67 0.00457945 
25.68 0.00457319 
25.69 0.00456695 
25.7 0.00456071 
25.71 0.00455448 
25.72 0.00454826 
25.73 0.00454205 
25.74 0.00453584 
25.75 0.00452965 
25.76 0.00452346 
25.77 0.00451728 
25.78 0.00451111 
25.79 0.00450495 
25.8 0.0044988 
25.81 0.00449266 
25.82 0.00448652 
25.83 0.00448039 
25.84 0.00447427 
25.85 0.00446816 
25.86 0.00446206 
25.87 0.00445597 
25.88 0.00444988 
25.89 0.0044438 
25.9 0.00443773 
25.91 0.00443167 
25.92 0.00442562 
25.93 0.00441957 
25.94 0.00441354 
25.95 0.00440751 
25.96 0.00440149 
25.97 0.00439548 
25.98 0.00438948 
25.99 0.00438348 
26 0.00437749 
26.01 0.00437152 
26.02 0.00436554 
26.03 0.00435958 
26.04 0.00435363 
26.05 0.00434768 
26.06 0.00434174 
26.07 0.00433581 
26.08 0.00432989 
26.09 0.00432398 
26.1 0.00431807 
26.11 0.00431218 
26.12 0.00430629 
26.13 0.00430041 
26.14 0.00429453 
26.15 0.00428867 
26.16 0.00428281 
26.17 0.00427696 
26.18 0.00427112 
26.19 0.00426529 
26.2 0.00425946 
26.21 0.00425364 
26.22 0.00424783 
26.23 0.00424203 
26.24 0.00423624 
26.25 0.00423045 
26.26 0.00422468 
26.27 0.00421891 
26.28 0.00421314 
26.29 0.00420739 
26.3 0.00420164 
26.31 0.00419591 
26.32 0.00419018 
26.33 0.00418445 
26.34 0.00417874 
26.35 0.00417303 
26.36 0.00416733 
26.37 0.00416164 
26.38 0.00415596 
26.39 0.00415028 
26.4 0.00414461 
26.41 0.00413895 
26.42 0.0041333 
26.43 0.00412766 
26.44 0.00412202 
26.45 0.00411639 
26.46 0.00411077 
26.47 0.00410515 
26.48 0.00409955 
26.49 0.00409395 
26.5 0.00408836 
26.51 0.00408278 
26.52 0.0040772 
26.53 0.00407163 
26.54 0.00406607 
26.55 0.00406052 
26.56 0.00405497 
26.57 0.00404943 
26.58 0.0040439 
26.59 0.00403838 
26.6 0.00403287 
26.61 0.00402736 
26.62 0.00402186 
26.63 0.00401637 
26.64 0.00401088 
26.65 0.0040054 
26.66 0.00399993 
26.67 0.00399447 
26.68 0.00398902 
26.69 0.00398357 
26.7 0.00397813 
26.71 0.0039727 
26.72 0.00396727 
26.73 0.00396185 
26.74 0.00395644 
26.75 0.00395104 
26.76 0.00394564 
26.77 0.00394026 
26.78 0.00393488 
26.79 0.0039295 
26.8 0.00392414 
26.81 0.00391878 
26.82 0.00391343 
26.83 0.00390808 
26.84 0.00390274 
26.85 0.00389742 
26.86 0.00389209 
26.87 0.00388678 
26.88 0.00388147 
26.89 0.00387617 
26.9 0.00387088 
26.91 0.00386559 
26.92 0.00386031 
26.93 0.00385504 
26.94 0.00384978 
26.95 0.00384452 
26.96 0.00383927 
26.97 0.00383402 
26.98 0.00382879 
26.99 0.00382356 
27 0.00381834 
27.01 0.00381312 
27.02 0.00380792 
27.03 0.00380272 
27.04 0.00379752 
27.05 0.00379234 
27.06 0.00378716 
27.07 0.00378199 
27.08 0.00377682 
27.09 0.00377167 
27.1 0.00376652 
27.11 0.00376137 
27.12 0.00375624 
27.13 0.00375111 
27.14 0.00374598 
27.15 0.00374087 
27.16 0.00373576 
27.17 0.00373066 
27.18 0.00372556 
27.19 0.00372048 
27.2 0.00371539 
27.21 0.00371032 
27.22 0.00370525 
27.23 0.00370019 
27.24 0.00369514 
27.25 0.0036901 
27.26 0.00368506 
27.27 0.00368002 
27.28 0.003675 
27.29 0.00366998 
27.3 0.00366497 
27.31 0.00365996 
27.32 0.00365497 
27.33 0.00364997 
27.34 0.00364499 
27.35 0.00364001 
27.36 0.00363504 
27.37 0.00363008 
27.38 0.00362512 
27.39 0.00362017 
27.4 0.00361523 
27.41 0.00361029 
27.42 0.00360536 
27.43 0.00360044 
27.44 0.00359552 
27.45 0.00359061 
27.46 0.00358571 
27.47 0.00358081 
27.48 0.00357592 
27.49 0.00357104 
27.5 0.00356616 
27.51 0.00356129 
27.52 0.00355643 
27.53 0.00355157 
27.54 0.00354672 
27.55 0.00354188 
27.56 0.00353704 
27.57 0.00353221 
27.58 0.00352739 
27.59 0.00352257 
27.6 0.00351776 
27.61 0.00351296 
27.62 0.00350816 
27.63 0.00350337 
27.64 0.00349859 
27.65 0.00349381 
27.66 0.00348904 
27.67 0.00348427 
27.68 0.00347951 
27.69 0.00347476 
27.7 0.00347002 
27.71 0.00346528 
27.72 0.00346055 
27.73 0.00345582 
27.74 0.0034511 
27.75 0.00344639 
27.76 0.00344168 
27.77 0.00343698 
27.78 0.00343229 
27.79 0.0034276 
27.8 0.00342292 
27.81 0.00341825 
27.82 0.00341358 
27.83 0.00340892 
27.84 0.00340426 
27.85 0.00339962 
27.86 0.00339497 
27.87 0.00339034 
27.88 0.00338571 
27.89 0.00338108 
27.9 0.00337647 
27.91 0.00337186 
27.92 0.00336725 
27.93 0.00336265 
27.94 0.00335806 
27.95 0.00335348 
27.96 0.0033489 
27.97 0.00334432 
27.98 0.00333976 
27.99 0.0033352 
28 0.00333064 
28.01 0.00332609 
28.02 0.00332155 
28.03 0.00331702 
28.04 0.00331249 
28.05 0.00330796 
28.06 0.00330345 
28.07 0.00329894 
28.08 0.00329443 
28.09 0.00328993 
28.1 0.00328544 
28.11 0.00328095 
28.12 0.00327647 
28.13 0.003272 
28.14 0.00326753 
28.15 0.00326307 
28.16 0.00325861 
28.17 0.00325416 
28.18 0.00324972 
28.19 0.00324528 
28.2 0.00324085 
28.21 0.00323643 
28.22 0.00323201 
28.23 0.00322759 
28.24 0.00322319 
28.25 0.00321879 
28.26 0.00321439 
28.27 0.00321 
28.28 0.00320562 
28.29 0.00320124 
28.3 0.00319687 
28.31 0.0031925 
28.32 0.00318814 
28.33 0.00318379 
28.34 0.00317944 
28.35 0.0031751 
28.36 0.00317077 
28.37 0.00316644 
28.38 0.00316211 
28.39 0.00315779 
28.4 0.00315348 
28.41 0.00314918 
28.42 0.00314488 
28.43 0.00314058 
28.44 0.00313629 
28.45 0.00313201 
28.46 0.00312773 
28.47 0.00312346 
28.48 0.0031192 
28.49 0.00311494 
28.5 0.00311069 
28.51 0.00310644 
28.52 0.0031022 
28.53 0.00309796 
28.54 0.00309373 
28.55 0.00308951 
28.56 0.00308529 
28.57 0.00308107 
28.58 0.00307687 
28.59 0.00307267 
28.6 0.00306847 
28.61 0.00306428 
28.62 0.0030601 
28.63 0.00305592 
28.64 0.00305174 
28.65 0.00304758 
28.66 0.00304342 
28.67 0.00303926 
28.68 0.00303511 
28.69 0.00303097 
28.7 0.00302683 
28.71 0.00302269 
28.72 0.00301857 
28.73 0.00301444 
28.74 0.00301033 
28.75 0.00300622 
28.76 0.00300211 
28.77 0.00299801 
28.78 0.00299392 
28.79 0.00298983 
28.8 0.00298575 
28.81 0.00298167 
28.82 0.0029776 
28.83 0.00297353 
28.84 0.00296947 
28.85 0.00296542 
28.86 0.00296137 
28.87 0.00295733 
28.88 0.00295329 
28.89 0.00294926 
28.9 0.00294523 
28.91 0.00294121 
28.92 0.00293719 
28.93 0.00293318 
28.94 0.00292917 
28.95 0.00292517 
28.96 0.00292118 
28.97 0.00291719 
28.98 0.00291321 
28.99 0.00290923 
29 0.00290526 
29.01 0.00290129 
29.02 0.00289733 
29.03 0.00289337 
29.04 0.00288942 
29.05 0.00288548 
29.06 0.00288154 
29.07 0.0028776 
29.08 0.00287367 
29.09 0.00286975 
29.1 0.00286583 
29.11 0.00286191 
29.12 0.00285801 
29.13 0.0028541 
29.14 0.00285021 
29.15 0.00284631 
29.16 0.00284243 
29.17 0.00283855 
29.18 0.00283467 
29.19 0.0028308 
29.2 0.00282693 
29.21 0.00282307 
29.22 0.00281922 
29.23 0.00281537 
29.24 0.00281152 
29.25 0.00280769 
29.26 0.00280385 
29.27 0.00280002 
29.28 0.0027962 
29.29 0.00279238 
29.3 0.00278857 
29.31 0.00278476 
29.32 0.00278096 
29.33 0.00277716 
29.34 0.00277337 
29.35 0.00276958 
29.36 0.0027658 
29.37 0.00276202 
29.38 0.00275825 
29.39 0.00275448 
29.4 0.00275072 
29.41 0.00274697 
29.42 0.00274322 
29.43 0.00273947 
29.44 0.00273573 
29.45 0.00273199 
29.46 0.00272826 
29.47 0.00272454 
29.48 0.00272082 
29.49 0.0027171 
29.5 0.00271339 
29.51 0.00270968 
29.52 0.00270598 
29.53 0.00270229 
29.54 0.0026986 
29.55 0.00269491 
29.56 0.00269123 
29.57 0.00268756 
29.58 0.00268389 
29.59 0.00268022 
29.6 0.00267656 
29.61 0.00267291 
29.62 0.00266926 
29.63 0.00266561 
29.64 0.00266197 
29.65 0.00265834 
29.66 0.00265471 
29.67 0.00265108 
29.68 0.00264746 
29.69 0.00264385 
29.7 0.00264024 
29.71 0.00263663 
29.72 0.00263303 
29.73 0.00262944 
29.74 0.00262585 
29.75 0.00262226 
29.76 0.00261868 
29.77 0.0026151 
29.78 0.00261153 
29.79 0.00260797 
29.8 0.0026044 
29.81 0.00260085 
29.82 0.0025973 
29.83 0.00259375 
29.84 0.00259021 
29.85 0.00258667 
29.86 0.00258314 
29.87 0.00257961 
29.88 0.00257609 
29.89 0.00257257 
29.9 0.00256906 
29.91 0.00256555 
29.92 0.00256205 
29.93 0.00255855 
29.94 0.00255505 
29.95 0.00255156 
29.96 0.00254808 
29.97 0.0025446 
29.98 0.00254113 
29.99 0.00253766 
30 0.00253419 
30.01 0.00253073 
30.02 0.00252727 
30.03 0.00252382 
30.04 0.00252038 
30.05 0.00251693 
30.06 0.0025135 
30.07 0.00251006 
30.08 0.00250664 
30.09 0.00250321 
30.1 0.0024998 
30.11 0.00249638 
30.12 0.00249297 
30.13 0.00248957 
30.14 0.00248617 
30.15 0.00248277 
30.16 0.00247938 
30.17 0.002476 
30.18 0.00247262 
30.19 0.00246924 
30.2 0.00246587 
30.21 0.0024625 
30.22 0.00245914 
30.23 0.00245578 
30.24 0.00245243 
30.25 0.00244908 
30.26 0.00244573 
30.27 0.00244239 
30.28 0.00243906 
30.29 0.00243573 
30.3 0.0024324 
30.31 0.00242908 
30.32 0.00242576 
30.33 0.00242245 
30.34 0.00241914 
30.35 0.00241584 
30.36 0.00241254 
30.37 0.00240925 
30.38 0.00240596 
30.39 0.00240267 
30.4 0.00239939 
30.41 0.00239611 
30.42 0.00239284 
30.43 0.00238957 
30.44 0.00238631 
30.45 0.00238305 
30.46 0.0023798 
30.47 0.00237655 
30.48 0.0023733 
30.49 0.00237006 
30.5 0.00236682 
30.51 0.00236359 
30.52 0.00236036 
30.53 0.00235714 
30.54 0.00235392 
30.55 0.00235071 
30.56 0.0023475 
30.57 0.00234429 
30.58 0.00234109 
30.59 0.00233789 
30.6 0.0023347 
30.61 0.00233151 
30.62 0.00232833 
30.63 0.00232515 
30.64 0.00232198 
30.65 0.0023188 
30.66 0.00231564 
30.67 0.00231248 
30.68 0.00230932 
30.69 0.00230616 
30.7 0.00230302 
30.71 0.00229987 
30.72 0.00229673 
30.73 0.00229359 
30.74 0.00229046 
30.75 0.00228733 
30.76 0.00228421 
30.77 0.00228109 
30.78 0.00227798 
30.79 0.00227487 
30.8 0.00227176 
30.81 0.00226866 
30.82 0.00226556 
30.83 0.00226246 
30.84 0.00225938 
30.85 0.00225629 
30.86 0.00225321 
30.87 0.00225013 
30.88 0.00224706 
30.89 0.00224399 
30.9 0.00224093 
30.91 0.00223787 
30.92 0.00223481 
30.93 0.00223176 
30.94 0.00222871 
30.95 0.00222567 
30.96 0.00222263 
30.97 0.00221959 
30.98 0.00221656 
30.99 0.00221354 
31 0.00221051 
31.01 0.00220749 
31.02 0.00220448 
31.03 0.00220147 
31.04 0.00219846 
31.05 0.00219546 
31.06 0.00219246 
31.07 0.00218947 
31.08 0.00218648 
31.09 0.00218349 
31.1 0.00218051 
31.11 0.00217753 
31.12 0.00217456 
31.13 0.00217159 
31.14 0.00216863 
31.15 0.00216566 
31.16 0.00216271 
31.17 0.00215975 
31.18 0.0021568 
31.19 0.00215386 
31.2 0.00215092 
31.21 0.00214798 
31.22 0.00214505 
31.23 0.00214212 
31.24 0.00213919 
31.25 0.00213627 
31.26 0.00213336 
31.27 0.00213044 
31.28 0.00212753 
31.29 0.00212463 
31.3 0.00212173 
31.31 0.00211883 
31.32 0.00211594 
31.33 0.00211305 
31.34 0.00211016 
31.35 0.00210728 
31.36 0.0021044 
31.37 0.00210153 
31.38 0.00209866 
31.39 0.00209579 
31.4 0.00209293 
31.41 0.00209007 
31.42 0.00208722 
31.43 0.00208437 
31.44 0.00208152 
31.45 0.00207868 
31.46 0.00207584 
31.47 0.00207301 
31.48 0.00207018 
31.49 0.00206735 
31.5 0.00206453 
31.51 0.00206171 
31.52 0.00205889 
31.53 0.00205608 
31.54 0.00205327 
31.55 0.00205047 
31.56 0.00204767 
31.57 0.00204487 
31.58 0.00204208 
31.59 0.00203929 
31.6 0.00203651 
31.61 0.00203373 
31.62 0.00203095 
31.63 0.00202818 
31.64 0.00202541 
31.65 0.00202264 
31.66 0.00201988 
31.67 0.00201712 
31.68 0.00201437 
31.69 0.00201161 
31.7 0.00200887 
31.71 0.00200612 
31.72 0.00200339 
31.73 0.00200065 
31.74 0.00199792 
31.75 0.00199519 
31.76 0.00199246 
31.77 0.00198974 
31.78 0.00198703 
31.79 0.00198431 
31.8 0.0019816 
31.81 0.0019789 
31.82 0.0019762 
31.83 0.0019735 
31.84 0.0019708 
31.85 0.00196811 
31.86 0.00196542 
31.87 0.00196274 
31.88 0.00196006 
31.89 0.00195738 
31.9 0.00195471 
31.91 0.00195204 
31.92 0.00194938 
31.93 0.00194671 
31.94 0.00194406 
31.95 0.0019414 
31.96 0.00193875 
31.97 0.0019361 
31.98 0.00193346 
31.99 0.00193082 
32 0.00192818 
32.01 0.00192555 
32.02 0.00192292 
32.03 0.00192029 
32.04 0.00191767 
32.05 0.00191505 
32.06 0.00191244 
32.07 0.00190983 
32.08 0.00190722 
32.09 0.00190462 
32.1 0.00190201 
32.11 0.00189942 
32.12 0.00189682 
32.13 0.00189423 
32.14 0.00189165 
32.15 0.00188906 
32.16 0.00188648 
32.17 0.00188391 
32.18 0.00188134 
32.19 0.00187877 
32.2 0.0018762 
32.21 0.00187364 
32.22 0.00187108 
32.23 0.00186853 
32.24 0.00186597 
32.25 0.00186343 
32.26 0.00186088 
32.27 0.00185834 
32.28 0.0018558 
32.29 0.00185327 
32.3 0.00185074 
32.31 0.00184821 
32.32 0.00184569 
32.33 0.00184317 
32.34 0.00184065 
32.35 0.00183814 
32.36 0.00183563 
32.37 0.00183312 
32.38 0.00183062 
32.39 0.00182812 
32.4 0.00182562 
32.41 0.00182313 
32.42 0.00182064 
32.43 0.00181815 
32.44 0.00181567 
32.45 0.00181319 
32.46 0.00181072 
32.47 0.00180824 
32.48 0.00180577 
32.49 0.00180331 
32.5 0.00180085 
32.51 0.00179839 
32.52 0.00179593 
32.53 0.00179348 
32.54 0.00179103 
32.55 0.00178858 
32.56 0.00178614 
32.57 0.0017837 
32.58 0.00178127 
32.59 0.00177884 
32.6 0.00177641 
32.61 0.00177398 
32.62 0.00177156 
32.63 0.00176914 
32.64 0.00176672 
32.65 0.00176431 
32.66 0.0017619 
32.67 0.0017595 
32.68 0.00175709 
32.69 0.0017547 
32.7 0.0017523 
32.71 0.00174991 
32.72 0.00174752 
32.73 0.00174513 
32.74 0.00174275 
32.75 0.00174037 
32.76 0.00173799 
32.77 0.00173562 
32.78 0.00173325 
32.79 0.00173088 
32.8 0.00172852 
32.81 0.00172616 
32.82 0.0017238 
32.83 0.00172145 
32.84 0.0017191 
32.85 0.00171675 
32.86 0.00171441 
32.87 0.00171206 
32.88 0.00170973 
32.89 0.00170739 
32.9 0.00170506 
32.91 0.00170273 
32.92 0.00170041 
32.93 0.00169809 
32.94 0.00169577 
32.95 0.00169345 
32.96 0.00169114 
32.97 0.00168883 
32.98 0.00168652 
32.99 0.00168422 
33 0.00168192 
33.01 0.00167962 
33.02 0.00167733 
33.03 0.00167504 
33.04 0.00167275 
33.05 0.00167047 
33.06 0.00166819 
33.07 0.00166591 
33.08 0.00166364 
33.09 0.00166136 
33.1 0.0016591 
33.11 0.00165683 
33.12 0.00165457 
33.13 0.00165231 
33.14 0.00165005 
33.15 0.0016478 
33.16 0.00164555 
33.17 0.0016433 
33.18 0.00164106 
33.19 0.00163882 
33.2 0.00163658 
33.21 0.00163434 
33.22 0.00163211 
33.23 0.00162988 
33.24 0.00162766 
33.25 0.00162544 
33.26 0.00162322 
33.27 0.001621 
33.28 0.00161879 
33.29 0.00161658 
33.3 0.00161437 
33.31 0.00161216 
33.32 0.00160996 
33.33 0.00160776 
33.34 0.00160557 
33.35 0.00160338 
33.36 0.00160119 
33.37 0.001599 
33.38 0.00159682 
33.39 0.00159464 
33.4 0.00159246 
33.41 0.00159028 
33.42 0.00158811 
33.43 0.00158594 
33.44 0.00158378 
33.45 0.00158162 
33.46 0.00157946 
33.47 0.0015773 
33.48 0.00157515 
33.49 0.00157299 
33.5 0.00157085 
33.51 0.0015687 
33.52 0.00156656 
33.53 0.00156442 
33.54 0.00156228 
33.55 0.00156015 
33.56 0.00155802 
33.57 0.00155589 
33.58 0.00155377 
33.59 0.00155165 
33.6 0.00154953 
33.61 0.00154741 
33.62 0.0015453 
33.63 0.00154319 
33.64 0.00154108 
33.65 0.00153898 
33.66 0.00153687 
33.67 0.00153478 
33.68 0.00153268 
33.69 0.00153059 
33.7 0.0015285 
33.71 0.00152641 
33.72 0.00152433 
33.73 0.00152224 
33.74 0.00152017 
33.75 0.00151809 
33.76 0.00151602 
33.77 0.00151395 
33.78 0.00151188 
33.79 0.00150981 
33.8 0.00150775 
33.81 0.00150569 
33.82 0.00150364 
33.83 0.00150158 
33.84 0.00149953 
33.85 0.00149749 
33.86 0.00149544 
33.87 0.0014934 
33.88 0.00149136 
33.89 0.00148932 
33.9 0.00148729 
33.91 0.00148526 
33.92 0.00148323 
33.93 0.0014812 
33.94 0.00147918 
33.95 0.00147716 
33.96 0.00147514 
33.97 0.00147313 
33.98 0.00147112 
33.99 0.00146911 
34 0.0014671 
34.01 0.0014651 
34.02 0.0014631 
34.03 0.0014611 
34.04 0.00145911 
34.05 0.00145711 
34.06 0.00145512 
34.07 0.00145314 
34.08 0.00145115 
34.09 0.00144917 
34.1 0.00144719 
34.11 0.00144521 
34.12 0.00144324 
34.13 0.00144127 
34.14 0.0014393 
34.15 0.00143734 
34.16 0.00143537 
34.17 0.00143341 
34.18 0.00143146 
34.19 0.0014295 
34.2 0.00142755 
34.21 0.0014256 
34.22 0.00142365 
34.23 0.00142171 
34.24 0.00141977 
34.25 0.00141783 
34.26 0.00141589 
34.27 0.00141396 
34.28 0.00141203 
34.29 0.0014101 
34.3 0.00140817 
34.31 0.00140625 
34.32 0.00140433 
34.33 0.00140241 
34.34 0.0014005 
34.35 0.00139858 
34.36 0.00139667 
34.37 0.00139477 
34.38 0.00139286 
34.39 0.00139096 
34.4 0.00138906 
34.41 0.00138716 
34.42 0.00138527 
34.43 0.00138338 
34.44 0.00138149 
34.45 0.0013796 
34.46 0.00137772 
34.47 0.00137584 
34.48 0.00137396 
34.49 0.00137208 
34.5 0.00137021 
34.51 0.00136834 
34.52 0.00136647 
34.53 0.0013646 
34.54 0.00136274 
34.55 0.00136088 
34.56 0.00135902 
34.57 0.00135716 
34.58 0.00135531 
34.59 0.00135346 
34.6 0.00135161 
34.61 0.00134976 
34.62 0.00134792 
34.63 0.00134608 
34.64 0.00134424 
34.65 0.0013424 
34.66 0.00134057 
34.67 0.00133874 
34.68 0.00133691 
34.69 0.00133509 
34.7 0.00133326 
34.71 0.00133144 
34.72 0.00132962 
34.73 0.00132781 
34.74 0.00132599 
34.75 0.00132418 
34.76 0.00132238 
34.77 0.00132057 
34.78 0.00131877 
34.79 0.00131696 
34.8 0.00131517 
34.81 0.00131337 
34.82 0.00131158 
34.83 0.00130978 
34.84 0.001308 
34.85 0.00130621 
34.86 0.00130443 
34.87 0.00130264 
34.88 0.00130087 
34.89 0.00129909 
34.9 0.00129731 
34.91 0.00129554 
34.92 0.00129377 
34.93 0.00129201 
34.94 0.00129024 
34.95 0.00128848 
34.96 0.00128672 
34.97 0.00128496 
34.98 0.00128321 
34.99 0.00128146 
35 0.00127971 
35.01 0.00127796 
35.02 0.00127621 
35.03 0.00127447 
35.04 0.00127273 
35.05 0.00127099 
35.06 0.00126926 
35.07 0.00126752 
35.08 0.00126579 
35.09 0.00126406 
35.1 0.00126234 
35.11 0.00126061 
35.12 0.00125889 
35.13 0.00125717 
35.14 0.00125545 
35.15 0.00125374 
35.16 0.00125203 
35.17 0.00125032 
35.18 0.00124861 
35.19 0.0012469 
35.2 0.0012452 
35.21 0.0012435 
35.22 0.0012418 
35.23 0.00124011 
35.24 0.00123841 
35.25 0.00123672 
35.26 0.00123503 
35.27 0.00123335 
35.28 0.00123166 
35.29 0.00122998 
35.3 0.0012283 
35.31 0.00122662 
35.32 0.00122495 
35.33 0.00122327 
35.34 0.0012216 
35.35 0.00121994 
35.36 0.00121827 
35.37 0.00121661 
35.38 0.00121494 
35.39 0.00121329 
35.4 0.00121163 
35.41 0.00120997 
35.42 0.00120832 
35.43 0.00120667 
35.44 0.00120502 
35.45 0.00120338 
35.46 0.00120173 
35.47 0.00120009 
35.48 0.00119845 
35.49 0.00119682 
35.5 0.00119518 
35.51 0.00119355 
35.52 0.00119192 
35.53 0.00119029 
35.54 0.00118867 
35.55 0.00118704 
35.56 0.00118542 
35.57 0.0011838 
35.58 0.00118219 
35.59 0.00118057 
35.6 0.00117896 
35.61 0.00117735 
35.62 0.00117574 
35.63 0.00117414 
35.64 0.00117253 
35.65 0.00117093 
35.66 0.00116933 
35.67 0.00116774 
35.68 0.00116614 
35.69 0.00116455 
35.7 0.00116296 
35.71 0.00116137 
35.72 0.00115978 
35.73 0.0011582 
35.74 0.00115662 
35.75 0.00115504 
35.76 0.00115346 
35.77 0.00115189 
35.78 0.00115031 
35.79 0.00114874 
35.8 0.00114717 
35.81 0.00114561 
35.82 0.00114404 
35.83 0.00114248 
35.84 0.00114092 
35.85 0.00113936 
35.86 0.00113781 
35.87 0.00113625 
35.88 0.0011347 
35.89 0.00113315 
35.9 0.0011316 
35.91 0.00113006 
35.92 0.00112851 
35.93 0.00112697 
35.94 0.00112543 
35.95 0.0011239 
35.96 0.00112236 
35.97 0.00112083 
35.98 0.0011193 
35.99 0.00111777 
36 0.00111624 
36.01 0.00111472 
36.02 0.0011132 
36.03 0.00111168 
36.04 0.00111016 
36.05 0.00110864 
36.06 0.00110713 
36.07 0.00110562 
36.08 0.00110411 
36.09 0.0011026 
36.1 0.00110109 
36.11 0.00109959 
36.12 0.00109809 
36.13 0.00109659 
36.14 0.00109509 
36.15 0.00109359 
36.16 0.0010921 
36.17 0.00109061 
36.18 0.00108912 
36.19 0.00108763 
36.2 0.00108615 
36.21 0.00108466 
36.22 0.00108318 
36.23 0.0010817 
36.24 0.00108023 
36.25 0.00107875 
36.26 0.00107728 
36.27 0.00107581 
36.28 0.00107434 
36.29 0.00107287 
36.3 0.00107141 
36.31 0.00106994 
36.32 0.00106848 
36.33 0.00106702 
36.34 0.00106557 
36.35 0.00106411 
36.36 0.00106266 
36.37 0.00106121 
36.38 0.00105976 
36.39 0.00105831 
36.4 0.00105686 
36.41 0.00105542 
36.42 0.00105398 
36.43 0.00105254 
36.44 0.0010511 
36.45 0.00104967 
36.46 0.00104823 
36.47 0.0010468 
36.48 0.00104537 
36.49 0.00104394 
36.5 0.00104252 
36.51 0.0010411 
36.52 0.00103967 
36.53 0.00103825 
36.54 0.00103684 
36.55 0.00103542 
36.56 0.00103401 
36.57 0.00103259 
36.58 0.00103118 
36.59 0.00102978 
36.6 0.00102837 
36.61 0.00102697 
36.62 0.00102556 
36.63 0.00102416 
36.64 0.00102276 
36.65 0.00102137 
36.66 0.00101997 
36.67 0.00101858 
36.68 0.00101719 
36.69 0.0010158 
36.7 0.00101441 
36.71 0.00101303 
36.72 0.00101164 
36.73 0.00101026 
36.74 0.00100888 
36.75 0.0010075 
36.76 0.00100613 
36.77 0.00100475 
36.78 0.00100338 
36.79 0.00100201 
36.8 0.00100064 
36.81 0.000999277 
36.82 0.000997912 
36.83 0.00099655 
36.84 0.000995189 
36.85 0.00099383 
36.86 0.000992473 
36.87 0.000991117 
36.88 0.000989764 
36.89 0.000988412 
36.9 0.000987062 
36.91 0.000985714 
36.92 0.000984368 
36.93 0.000983024 
36.94 0.000981682 
36.95 0.000980341 
36.96 0.000979002 
36.97 0.000977665 
36.98 0.00097633 
36.99 0.000974997 
37 0.000973665 
37.01 0.000972336 
37.02 0.000971008 
37.03 0.000969682 
37.04 0.000968358 
37.05 0.000967035 
37.06 0.000965715 
37.07 0.000964396 
37.08 0.000963079 
37.09 0.000961764 
37.1 0.00096045 
37.11 0.000959139 
37.12 0.000957829 
37.13 0.000956521 
37.14 0.000955215 
37.15 0.00095391 
37.16 0.000952608 
37.17 0.000951307 
37.18 0.000950008 
37.19 0.00094871 
37.2 0.000947415 
37.21 0.000946121 
37.22 0.000944829 
37.23 0.000943539 
37.24 0.00094225 
37.25 0.000940964 
37.26 0.000939679 
37.27 0.000938395 
37.28 0.000937114 
37.29 0.000935834 
37.3 0.000934556 
37.31 0.00093328 
37.32 0.000932005 
37.33 0.000930733 
37.34 0.000929462 
37.35 0.000928193 
37.36 0.000926925 
37.37 0.000925659 
37.38 0.000924395 
37.39 0.000923133 
37.4 0.000921872 
37.41 0.000920613 
37.42 0.000919356 
37.43 0.000918101 
37.44 0.000916847 
37.45 0.000915595 
37.46 0.000914345 
37.47 0.000913096 
37.48 0.000911849 
37.49 0.000910604 
37.5 0.00090936 
37.51 0.000908118 
37.52 0.000906878 
37.53 0.00090564 
37.54 0.000904403 
37.55 0.000903168 
37.56 0.000901935 
37.57 0.000900703 
37.58 0.000899473 
37.59 0.000898245 
37.6 0.000897018 
37.61 0.000895793 
37.62 0.00089457 
37.63 0.000893348 
37.64 0.000892129 
37.65 0.00089091 
37.66 0.000889694 
37.67 0.000888479 
37.68 0.000887265 
37.69 0.000886054 
37.7 0.000884844 
37.71 0.000883636 
37.72 0.000882429 
37.73 0.000881224 
37.74 0.00088002 
37.75 0.000878819 
37.76 0.000877619 
37.77 0.00087642 
37.78 0.000875223 
37.79 0.000874028 
37.8 0.000872835 
37.81 0.000871643 
37.82 0.000870453 
37.83 0.000869264 
37.84 0.000868077 
37.85 0.000866891 
37.86 0.000865708 
37.87 0.000864525 
37.88 0.000863345 
37.89 0.000862166 
37.9 0.000860989 
37.91 0.000859813 
37.92 0.000858639 
37.93 0.000857466 
37.94 0.000856295 
37.95 0.000855126 
37.96 0.000853958 
37.97 0.000852792 
37.98 0.000851628 
37.99 0.000850465 
38 0.000849303 
38.01 0.000848143 
38.02 0.000846985 
38.03 0.000845829 
38.04 0.000844674 
38.05 0.00084352 
38.06 0.000842368 
38.07 0.000841218 
38.08 0.000840069 
38.09 0.000838922 
38.1 0.000837776 
38.11 0.000836632 
38.12 0.00083549 
38.13 0.000834349 
38.14 0.00083321 
38.15 0.000832072 
38.16 0.000830935 
38.17 0.000829801 
38.18 0.000828668 
38.19 0.000827536 
38.2 0.000826406 
38.21 0.000825277 
38.22 0.000824151 
38.23 0.000823025 
38.24 0.000821901 
38.25 0.000820779 
38.26 0.000819658 
38.27 0.000818539 
38.28 0.000817421 
38.29 0.000816305 
38.3 0.00081519 
38.31 0.000814077 
38.32 0.000812965 
38.33 0.000811855 
38.34 0.000810746 
38.35 0.000809639 
38.36 0.000808533 
38.37 0.000807429 
38.38 0.000806327 
38.39 0.000805226 
38.4 0.000804126 
38.41 0.000803028 
38.42 0.000801931 
38.43 0.000800836 
38.44 0.000799743 
38.45 0.00079865 
38.46 0.00079756 
38.47 0.000796471 
38.48 0.000795383 
38.49 0.000794297 
38.5 0.000793212 
38.51 0.000792129 
38.52 0.000791047 
38.53 0.000789967 
38.54 0.000788888 
38.55 0.000787811 
38.56 0.000786735 
38.57 0.000785661 
38.58 0.000784588 
38.59 0.000783517 
38.6 0.000782447 
38.61 0.000781378 
38.62 0.000780311 
38.63 0.000779245 
38.64 0.000778181 
38.65 0.000777119 
38.66 0.000776057 
38.67 0.000774998 
38.68 0.000773939 
38.69 0.000772882 
38.7 0.000771827 
38.71 0.000770773 
38.72 0.00076972 
38.73 0.000768669 
38.74 0.00076762 
38.75 0.000766571 
38.76 0.000765525 
38.77 0.000764479 
38.78 0.000763435 
38.79 0.000762393 
38.8 0.000761351 
38.81 0.000760312 
38.82 0.000759273 
38.83 0.000758237 
38.84 0.000757201 
38.85 0.000756167 
38.86 0.000755135 
38.87 0.000754103 
38.88 0.000753074 
38.89 0.000752045 
38.9 0.000751018 
38.91 0.000749993 
38.92 0.000748968 
38.93 0.000747946 
38.94 0.000746924 
38.95 0.000745904 
38.96 0.000744886 
38.97 0.000743868 
38.98 0.000742853 
38.99 0.000741838 
39 0.000740825 
39.01 0.000739813 
39.02 0.000738803 
39.03 0.000737794 
39.04 0.000736787 
39.05 0.00073578 
39.06 0.000734776 
39.07 0.000733772 
39.08 0.00073277 
39.09 0.00073177 
39.1 0.00073077 
39.11 0.000729772 
39.12 0.000728776 
39.13 0.000727781 
39.14 0.000726787 
39.15 0.000725794 
39.16 0.000724803 
39.17 0.000723813 
39.18 0.000722825 
39.19 0.000721838 
39.2 0.000720852 
39.21 0.000719868 
39.22 0.000718884 
39.23 0.000717903 
39.24 0.000716922 
39.25 0.000715943 
39.26 0.000714966 
39.27 0.000713989 
39.28 0.000713014 
39.29 0.000712041 
39.3 0.000711068 
39.31 0.000710097 
39.32 0.000709127 
39.33 0.000708159 
39.34 0.000707192 
39.35 0.000706226 
39.36 0.000705262 
39.37 0.000704299 
39.38 0.000703337 
39.39 0.000702376 
39.4 0.000701417 
39.41 0.000700459 
39.42 0.000699503 
39.43 0.000698548 
39.44 0.000697594 
39.45 0.000696641 
39.46 0.00069569 
39.47 0.00069474 
39.48 0.000693791 
39.49 0.000692843 
39.5 0.000691897 
39.51 0.000690952 
39.52 0.000690009 
39.53 0.000689066 
39.54 0.000688125 
39.55 0.000687186 
39.56 0.000686247 
39.57 0.00068531 
39.58 0.000684374 
39.59 0.00068344 
39.6 0.000682506 
39.61 0.000681574 
39.62 0.000680643 
39.63 0.000679714 
39.64 0.000678786 
39.65 0.000677859 
39.66 0.000676933 
39.67 0.000676009 
39.68 0.000675085 
39.69 0.000674164 
39.7 0.000673243 
39.71 0.000672324 
39.72 0.000671405 
39.73 0.000670488 
39.74 0.000669573 
39.75 0.000668658 
39.76 0.000667745 
39.77 0.000666833 
39.78 0.000665923 
39.79 0.000665013 
39.8 0.000664105 
39.81 0.000663198 
39.82 0.000662293 
39.83 0.000661388 
39.84 0.000660485 
39.85 0.000659583 
39.86 0.000658682 
39.87 0.000657783 
39.88 0.000656884 
39.89 0.000655987 
39.9 0.000655091 
39.91 0.000654197 
39.92 0.000653304 
39.93 0.000652411 
39.94 0.00065152 
39.95 0.000650631 
39.96 0.000649742 
39.97 0.000648855 
39.98 0.000647969 
39.99 0.000647084 
40 0.0006462 
40.01 0.000645318 
40.02 0.000644436 
40.03 0.000643556 
40.04 0.000642677 
40.05 0.0006418 
40.06 0.000640923 
40.07 0.000640048 
40.08 0.000639174 
40.09 0.000638301 
40.1 0.000637429 
40.11 0.000636559 
40.12 0.00063569 
40.13 0.000634821 
40.14 0.000633955 
40.15 0.000633089 
40.16 0.000632224 
40.17 0.000631361 
40.18 0.000630499 
40.19 0.000629638 
40.2 0.000628778 
40.21 0.000627919 
40.22 0.000627061 
40.23 0.000626205 
40.24 0.00062535 
40.25 0.000624496 
40.26 0.000623643 
40.27 0.000622791 
40.28 0.000621941 
40.29 0.000621092 
40.3 0.000620243 
40.31 0.000619396 
40.32 0.00061855 
40.33 0.000617706 
40.34 0.000616862 
40.35 0.00061602 
40.36 0.000615178 
40.37 0.000614338 
40.38 0.000613499 
40.39 0.000612662 
40.4 0.000611825 
40.41 0.000610989 
40.42 0.000610155 
40.43 0.000609322 
40.44 0.00060849 
40.45 0.000607659 
40.46 0.000606829 
40.47 0.000606 
40.48 0.000605172 
40.49 0.000604346 
40.5 0.000603521 
40.51 0.000602696 
40.52 0.000601873 
40.53 0.000601051 
40.54 0.000600231 
40.55 0.000599411 
40.56 0.000598592 
40.57 0.000597775 
40.58 0.000596958 
40.59 0.000596143 
40.6 0.000595329 
40.61 0.000594516 
40.62 0.000593704 
40.63 0.000592893 
40.64 0.000592084 
40.65 0.000591275 
40.66 0.000590468 
40.67 0.000589661 
40.68 0.000588856 
40.69 0.000588052 
40.7 0.000587249 
40.71 0.000586447 
40.72 0.000585646 
40.73 0.000584846 
40.74 0.000584047 
40.75 0.00058325 
40.76 0.000582453 
40.77 0.000581658 
40.78 0.000580863 
40.79 0.00058007 
40.8 0.000579278 
40.81 0.000578487 
40.82 0.000577697 
40.83 0.000576908 
40.84 0.00057612 
40.85 0.000575333 
40.86 0.000574547 
40.87 0.000573763 
40.88 0.000572979 
40.89 0.000572197 
40.9 0.000571415 
40.91 0.000570635 
40.92 0.000569856 
40.93 0.000569077 
40.94 0.0005683 
40.95 0.000567524 
40.96 0.000566749 
40.97 0.000565975 
40.98 0.000565202 
40.99 0.00056443 
41 0.000563659 
41.01 0.00056289 
41.02 0.000562121 
41.03 0.000561353 
41.04 0.000560587 
41.05 0.000559821 
41.06 0.000559056 
41.07 0.000558293 
41.08 0.00055753 
41.09 0.000556769 
41.1 0.000556009 
41.11 0.000555249 
41.12 0.000554491 
41.13 0.000553734 
41.14 0.000552978 
41.15 0.000552222 
41.16 0.000551468 
41.17 0.000550715 
41.18 0.000549963 
41.19 0.000549212 
41.2 0.000548462 
41.21 0.000547713 
41.22 0.000546965 
41.23 0.000546218 
41.24 0.000545472 
41.25 0.000544727 
41.26 0.000543983 
41.27 0.00054324 
41.28 0.000542498 
41.29 0.000541757 
41.3 0.000541017 
41.31 0.000540279 
41.32 0.000539541 
41.33 0.000538804 
41.34 0.000538068 
41.35 0.000537333 
41.36 0.000536599 
41.37 0.000535866 
41.38 0.000535135 
41.39 0.000534404 
41.4 0.000533674 
41.41 0.000532945 
41.42 0.000532217 
41.43 0.00053149 
41.44 0.000530765 
41.45 0.00053004 
41.46 0.000529316 
41.47 0.000528593 
41.48 0.000527871 
41.49 0.00052715 
41.5 0.00052643 
41.51 0.000525711 
41.52 0.000524993 
41.53 0.000524276 
41.54 0.00052356 
41.55 0.000522845 
41.56 0.000522131 
41.57 0.000521418 
41.58 0.000520706 
41.59 0.000519995 
41.6 0.000519285 
41.61 0.000518576 
41.62 0.000517867 
41.63 0.00051716 
41.64 0.000516454 
41.65 0.000515748 
41.66 0.000515044 
41.67 0.000514341 
41.68 0.000513638 
41.69 0.000512937 
41.7 0.000512236 
41.71 0.000511537 
41.72 0.000510838 
41.73 0.00051014 
41.74 0.000509444 
41.75 0.000508748 
41.76 0.000508053 
41.77 0.000507359 
41.78 0.000506666 
41.79 0.000505974 
41.8 0.000505283 
41.81 0.000504593 
41.82 0.000503904 
41.83 0.000503216 
41.84 0.000502529 
41.85 0.000501842 
41.86 0.000501157 
41.87 0.000500473 
41.88 0.000499789 
41.89 0.000499107 
41.9 0.000498425 
41.91 0.000497744 
41.92 0.000497064 
41.93 0.000496386 
41.94 0.000495708 
41.95 0.000495031 
41.96 0.000494355 
41.97 0.000493679 
41.98 0.000493005 
41.99 0.000492332 
42 0.000491659 
42.01 0.000490988 
42.02 0.000490317 
42.03 0.000489648 
42.04 0.000488979 
42.05 0.000488311 
42.06 0.000487644 
42.07 0.000486978 
42.08 0.000486313 
42.09 0.000485649 
42.1 0.000484986 
42.11 0.000484323 
42.12 0.000483662 
42.13 0.000483001 
42.14 0.000482342 
42.15 0.000481683 
42.16 0.000481025 
42.17 0.000480368 
42.18 0.000479712 
42.19 0.000479057 
42.2 0.000478403 
42.21 0.000477749 
42.22 0.000477097 
42.23 0.000476445 
42.24 0.000475795 
42.25 0.000475145 
42.26 0.000474496 
42.27 0.000473848 
42.28 0.000473201 
42.29 0.000472554 
42.3 0.000471909 
42.31 0.000471265 
42.32 0.000470621 
42.33 0.000469978 
42.34 0.000469336 
42.35 0.000468695 
42.36 0.000468055 
42.37 0.000467416 
42.38 0.000466778 
42.39 0.00046614 
42.4 0.000465503 
42.41 0.000464868 
42.42 0.000464233 
42.43 0.000463599 
42.44 0.000462966 
42.45 0.000462333 
42.46 0.000461702 
42.47 0.000461071 
42.48 0.000460442 
42.49 0.000459813 
42.5 0.000459185 
42.51 0.000458558 
42.52 0.000457931 
42.53 0.000457306 
42.54 0.000456681 
42.55 0.000456058 
42.56 0.000455435 
42.57 0.000454813 
42.58 0.000454192 
42.59 0.000453571 
42.6 0.000452952 
42.61 0.000452333 
42.62 0.000451715 
42.63 0.000451098 
42.64 0.000450482 
42.65 0.000449867 
42.66 0.000449253 
42.67 0.000448639 
42.68 0.000448026 
42.69 0.000447414 
42.7 0.000446803 
42.71 0.000446193 
42.72 0.000445584 
42.73 0.000444975 
42.74 0.000444367 
42.75 0.000443761 
42.76 0.000443154 
42.77 0.000442549 
42.78 0.000441945 
42.79 0.000441341 
42.8 0.000440738 
42.81 0.000440136 
42.82 0.000439535 
42.83 0.000438935 
42.84 0.000438336 
42.85 0.000437737 
42.86 0.000437139 
42.87 0.000436542 
42.88 0.000435946 
42.89 0.00043535 
42.9 0.000434756 
42.91 0.000434162 
42.92 0.000433569 
42.93 0.000432977 
42.94 0.000432386 
42.95 0.000431795 
42.96 0.000431205 
42.97 0.000430616 
42.98 0.000430028 
42.99 0.000429441 
43 0.000428854 
43.01 0.000428269 
43.02 0.000427684 
43.03 0.0004271 
43.04 0.000426516 
43.05 0.000425934 
43.06 0.000425352 
43.07 0.000424771 
43.08 0.000424191 
43.09 0.000423612 
43.1 0.000423033 
43.11 0.000422455 
43.12 0.000421878 
43.13 0.000421302 
43.14 0.000420727 
43.15 0.000420152 
43.16 0.000419578 
43.17 0.000419005 
43.18 0.000418433 
43.19 0.000417861 
43.2 0.000417291 
43.21 0.000416721 
43.22 0.000416152 
43.23 0.000415583 
43.24 0.000415016 
43.25 0.000414449 
43.26 0.000413883 
43.27 0.000413318 
43.28 0.000412753 
43.29 0.000412189 
43.3 0.000411626 
43.31 0.000411064 
43.32 0.000410503 
43.33 0.000409942 
43.34 0.000409382 
43.35 0.000408823 
43.36 0.000408265 
43.37 0.000407707 
43.38 0.00040715 
43.39 0.000406594 
43.4 0.000406039 
43.41 0.000405484 
43.42 0.000404931 
43.43 0.000404377 
43.44 0.000403825 
43.45 0.000403274 
43.46 0.000402723 
43.47 0.000402173 
43.48 0.000401624 
43.49 0.000401075 
43.5 0.000400527 
43.51 0.00039998 
43.52 0.000399434 
43.53 0.000398888 
43.54 0.000398344 
43.55 0.0003978 
43.56 0.000397256 
43.57 0.000396714 
43.58 0.000396172 
43.59 0.000395631 
43.6 0.00039509 
43.61 0.000394551 
43.62 0.000394012 
43.63 0.000393474 
43.64 0.000392936 
43.65 0.0003924 
43.66 0.000391864 
43.67 0.000391329 
43.68 0.000390794 
43.69 0.00039026 
43.7 0.000389727 
43.71 0.000389195 
43.72 0.000388664 
43.73 0.000388133 
43.74 0.000387603 
43.75 0.000387073 
43.76 0.000386545 
43.77 0.000386017 
43.78 0.000385489 
43.79 0.000384963 
43.8 0.000384437 
43.81 0.000383912 
43.82 0.000383388 
43.83 0.000382864 
43.84 0.000382341 
43.85 0.000381819 
43.86 0.000381298 
43.87 0.000380777 
43.88 0.000380257 
43.89 0.000379737 
43.9 0.000379219 
43.91 0.000378701 
43.92 0.000378184 
43.93 0.000377667 
43.94 0.000377151 
43.95 0.000376636 
43.96 0.000376122 
43.97 0.000375608 
43.98 0.000375095 
43.99 0.000374583 
44 0.000374071 
44.01 0.00037356 
44.02 0.00037305 
44.03 0.000372541 
44.04 0.000372032 
44.05 0.000371524 
44.06 0.000371016 
44.07 0.00037051 
44.08 0.000370004 
44.09 0.000369498 
44.1 0.000368994 
44.11 0.00036849 
44.12 0.000367986 
44.13 0.000367484 
44.14 0.000366982 
44.15 0.000366481 
44.16 0.00036598 
44.17 0.00036548 
44.18 0.000364981 
44.19 0.000364483 
44.2 0.000363985 
44.21 0.000363488 
44.22 0.000362991 
44.23 0.000362495 
44.24 0.000362 
44.25 0.000361506 
44.26 0.000361012 
44.27 0.000360519 
44.28 0.000360027 
44.29 0.000359535 
44.3 0.000359044 
44.31 0.000358554 
44.32 0.000358064 
44.33 0.000357575 
44.34 0.000357087 
44.35 0.000356599 
44.36 0.000356112 
44.37 0.000355625 
44.38 0.00035514 
44.39 0.000354655 
44.4 0.00035417 
44.41 0.000353687 
44.42 0.000353204 
44.43 0.000352721 
44.44 0.000352239 
44.45 0.000351758 
44.46 0.000351278 
44.47 0.000350798 
44.48 0.000350319 
44.49 0.000349841 
44.5 0.000349363 
44.51 0.000348886 
44.52 0.000348409 
44.53 0.000347933 
44.54 0.000347458 
44.55 0.000346983 
44.56 0.00034651 
44.57 0.000346036 
44.58 0.000345564 
44.59 0.000345092 
44.6 0.00034462 
44.61 0.00034415 
44.62 0.00034368 
44.63 0.00034321 
44.64 0.000342742 
44.65 0.000342274 
44.66 0.000341806 
44.67 0.000341339 
44.68 0.000340873 
44.69 0.000340407 
44.7 0.000339943 
44.71 0.000339478 
44.72 0.000339015 
44.73 0.000338552 
44.74 0.000338089 
44.75 0.000337627 
44.76 0.000337166 
44.77 0.000336706 
44.78 0.000336246 
44.79 0.000335787 
44.8 0.000335328 
44.81 0.00033487 
44.82 0.000334413 
44.83 0.000333956 
44.84 0.0003335 
44.85 0.000333044 
44.86 0.00033259 
44.87 0.000332135 
44.88 0.000331682 
44.89 0.000331229 
44.9 0.000330776 
44.91 0.000330325 
44.92 0.000329873 
44.93 0.000329423 
44.94 0.000328973 
44.95 0.000328524 
44.96 0.000328075 
44.97 0.000327627 
44.98 0.000327179 
44.99 0.000326733 
45 0.000326286 
45.01 0.000325841 
45.02 0.000325396 
45.03 0.000324951 
45.04 0.000324507 
45.05 0.000324064 
45.06 0.000323622 
45.07 0.00032318 
45.08 0.000322738 
45.09 0.000322297 
45.1 0.000321857 
45.11 0.000321418 
45.12 0.000320979 
45.13 0.00032054 
45.14 0.000320103 
45.15 0.000319665 
45.16 0.000319229 
45.17 0.000318793 
45.18 0.000318357 
45.19 0.000317923 
45.2 0.000317488 
45.21 0.000317055 
45.22 0.000316622 
45.23 0.000316189 
45.24 0.000315757 
45.25 0.000315326 
45.26 0.000314895 
45.27 0.000314465 
45.28 0.000314036 
45.29 0.000313607 
45.3 0.000313179 
45.31 0.000312751 
45.32 0.000312324 
45.33 0.000311897 
45.34 0.000311471 
45.35 0.000311046 
45.36 0.000310621 
45.37 0.000310197 
45.38 0.000309773 
45.39 0.00030935 
45.4 0.000308928 
45.41 0.000308506 
45.42 0.000308084 
45.43 0.000307664 
45.44 0.000307243 
45.45 0.000306824 
45.46 0.000306405 
45.47 0.000305986 
45.48 0.000305568 
45.49 0.000305151 
45.5 0.000304734 
45.51 0.000304318 
45.52 0.000303902 
45.53 0.000303487 
45.54 0.000303073 
45.55 0.000302659 
45.56 0.000302245 
45.57 0.000301833 
45.58 0.00030142 
45.59 0.000301009 
45.6 0.000300598 
45.61 0.000300187 
45.62 0.000299777 
45.63 0.000299368 
45.64 0.000298959 
45.65 0.00029855 
45.66 0.000298143 
45.67 0.000297736 
45.68 0.000297329 
45.69 0.000296923 
45.7 0.000296517 
45.71 0.000296112 
45.72 0.000295708 
45.73 0.000295304 
45.74 0.000294901 
45.75 0.000294498 
45.76 0.000294096 
45.77 0.000293694 
45.78 0.000293293 
45.79 0.000292892 
45.8 0.000292492 
45.81 0.000292093 
45.82 0.000291694 
45.83 0.000291296 
45.84 0.000290898 
45.85 0.0002905 
45.86 0.000290104 
45.87 0.000289707 
45.88 0.000289312 
45.89 0.000288917 
45.9 0.000288522 
45.91 0.000288128 
45.92 0.000287734 
45.93 0.000287341 
45.94 0.000286949 
45.95 0.000286557 
45.96 0.000286166 
45.97 0.000285775 
45.98 0.000285385 
45.99 0.000284995 
46 0.000284606 
46.01 0.000284217 
46.02 0.000283829 
46.03 0.000283441 
46.04 0.000283054 
46.05 0.000282667 
46.06 0.000282281 
46.07 0.000281896 
46.08 0.000281511 
46.09 0.000281126 
46.1 0.000280742 
46.11 0.000280359 
46.12 0.000279976 
46.13 0.000279594 
46.14 0.000279212 
46.15 0.00027883 
46.16 0.00027845 
46.17 0.000278069 
46.18 0.000277689 
46.19 0.00027731 
46.2 0.000276931 
46.21 0.000276553 
46.22 0.000276176 
46.23 0.000275798 
46.24 0.000275422 
46.25 0.000275045 
46.26 0.00027467 
46.27 0.000274295 
46.28 0.00027392 
46.29 0.000273546 
46.3 0.000273172 
46.31 0.000272799 
46.32 0.000272427 
46.33 0.000272055 
46.34 0.000271683 
46.35 0.000271312 
46.36 0.000270941 
46.37 0.000270571 
46.38 0.000270202 
46.39 0.000269833 
46.4 0.000269464 
46.41 0.000269096 
46.42 0.000268729 
46.43 0.000268362 
46.44 0.000267995 
46.45 0.000267629 
46.46 0.000267264 
46.47 0.000266899 
46.48 0.000266534 
46.49 0.00026617 
46.5 0.000265807 
46.51 0.000265443 
46.52 0.000265081 
46.53 0.000264719 
46.54 0.000264357 
46.55 0.000263996 
46.56 0.000263636 
46.57 0.000263276 
46.58 0.000262916 
46.59 0.000262557 
46.6 0.000262198 
46.61 0.00026184 
46.62 0.000261483 
46.63 0.000261126 
46.64 0.000260769 
46.65 0.000260413 
46.66 0.000260057 
46.67 0.000259702 
46.68 0.000259347 
46.69 0.000258993 
46.7 0.000258639 
46.71 0.000258286 
46.72 0.000257933 
46.73 0.000257581 
46.74 0.000257229 
46.75 0.000256878 
46.76 0.000256527 
46.77 0.000256177 
46.78 0.000255827 
46.79 0.000255477 
46.8 0.000255128 
46.81 0.00025478 
46.82 0.000254432 
46.83 0.000254085 
46.84 0.000253738 
46.85 0.000253391 
46.86 0.000253045 
46.87 0.000252699 
46.88 0.000252354 
46.89 0.00025201 
46.9 0.000251665 
46.91 0.000251322 
46.92 0.000250978 
46.93 0.000250636 
46.94 0.000250293 
46.95 0.000249951 
46.96 0.00024961 
46.97 0.000249269 
46.98 0.000248929 
46.99 0.000248589 
47 0.000248249 
47.01 0.00024791 
47.02 0.000247572 
47.03 0.000247233 
47.04 0.000246896 
47.05 0.000246559 
47.06 0.000246222 
47.07 0.000245886 
47.08 0.00024555 
47.09 0.000245214 
47.1 0.000244879 
47.11 0.000244545 
47.12 0.000244211 
47.13 0.000243877 
47.14 0.000243544 
47.15 0.000243212 
47.16 0.00024288 
47.17 0.000242548 
47.18 0.000242217 
47.19 0.000241886 
47.2 0.000241555 
47.21 0.000241225 
47.22 0.000240896 
47.23 0.000240567 
47.24 0.000240238 
47.25 0.00023991 
47.26 0.000239583 
47.27 0.000239255 
47.28 0.000238929 
47.29 0.000238602 
47.3 0.000238277 
47.31 0.000237951 
47.32 0.000237626 
47.33 0.000237302 
47.34 0.000236977 
47.35 0.000236654 
47.36 0.000236331 
47.37 0.000236008 
47.38 0.000235685 
47.39 0.000235364 
47.4 0.000235042 
47.41 0.000234721 
47.42 0.000234401 
47.43 0.00023408 
47.44 0.000233761 
47.45 0.000233441 
47.46 0.000233123 
47.47 0.000232804 
47.48 0.000232486 
47.49 0.000232169 
47.5 0.000231852 
47.51 0.000231535 
47.52 0.000231219 
47.53 0.000230903 
47.54 0.000230588 
47.55 0.000230273 
47.56 0.000229958 
47.57 0.000229644 
47.58 0.00022933 
47.59 0.000229017 
47.6 0.000228704 
47.61 0.000228392 
47.62 0.00022808 
47.63 0.000227769 
47.64 0.000227458 
47.65 0.000227147 
47.66 0.000226837 
47.67 0.000226527 
47.68 0.000226217 
47.69 0.000225909 
47.7 0.0002256 
47.71 0.000225292 
47.72 0.000224984 
47.73 0.000224677 
47.74 0.00022437 
47.75 0.000224064 
47.76 0.000223758 
47.77 0.000223452 
47.78 0.000223147 
47.79 0.000222842 
47.8 0.000222538 
47.81 0.000222234 
47.82 0.00022193 
47.83 0.000221627 
47.84 0.000221324 
47.85 0.000221022 
47.86 0.00022072 
47.87 0.000220419 
47.88 0.000220118 
47.89 0.000219817 
47.9 0.000219517 
47.91 0.000219217 
47.92 0.000218918 
47.93 0.000218619 
47.94 0.00021832 
47.95 0.000218022 
47.96 0.000217724 
47.97 0.000217427 
47.98 0.00021713 
47.99 0.000216833 
48 0.000216537 
48.01 0.000216241 
48.02 0.000215946 
48.03 0.000215651 
48.04 0.000215357 
48.05 0.000215062 
48.06 0.000214769 
48.07 0.000214475 
48.08 0.000214182 
48.09 0.00021389 
48.1 0.000213598 
48.11 0.000213306 
48.12 0.000213015 
48.13 0.000212724 
48.14 0.000212433 
48.15 0.000212143 
48.16 0.000211853 
48.17 0.000211564 
48.18 0.000211275 
48.19 0.000210987 
48.2 0.000210698 
48.21 0.000210411 
48.22 0.000210123 
48.23 0.000209836 
48.24 0.00020955 
48.25 0.000209264 
48.26 0.000208978 
48.27 0.000208692 
48.28 0.000208407 
48.29 0.000208123 
48.3 0.000207838 
48.31 0.000207555 
48.32 0.000207271 
48.33 0.000206988 
48.34 0.000206705 
48.35 0.000206423 
48.36 0.000206141 
48.37 0.000205859 
48.38 0.000205578 
48.39 0.000205298 
48.4 0.000205017 
48.41 0.000204737 
48.42 0.000204458 
48.43 0.000204178 
48.44 0.000203899 
48.45 0.000203621 
48.46 0.000203343 
48.47 0.000203065 
48.48 0.000202788 
48.49 0.000202511 
48.5 0.000202234 
48.51 0.000201958 
48.52 0.000201682 
48.53 0.000201407 
48.54 0.000201132 
48.55 0.000200857 
48.56 0.000200583 
48.57 0.000200309 
48.58 0.000200035 
48.59 0.000199762 
48.6 0.000199489 
48.61 0.000199217 
48.62 0.000198945 
48.63 0.000198673 
48.64 0.000198401 
48.65 0.00019813 
48.66 0.00019786 
48.67 0.00019759 
48.68 0.00019732 
48.69 0.00019705 
48.7 0.000196781 
48.71 0.000196512 
48.72 0.000196244 
48.73 0.000195976 
48.74 0.000195708 
48.75 0.000195441 
48.76 0.000195174 
48.77 0.000194908 
48.78 0.000194641 
48.79 0.000194376 
48.8 0.00019411 
48.81 0.000193845 
48.82 0.00019358 
48.83 0.000193316 
48.84 0.000193052 
48.85 0.000192788 
48.86 0.000192525 
48.87 0.000192262 
48.88 0.000191999 
48.89 0.000191737 
48.9 0.000191475 
48.91 0.000191214 
48.92 0.000190953 
48.93 0.000190692 
48.94 0.000190431 
48.95 0.000190171 
48.96 0.000189911 
48.97 0.000189652 
48.98 0.000189393 
48.99 0.000189134 
49 0.000188876 
49.01 0.000188618 
49.02 0.00018836 
49.03 0.000188103 
49.04 0.000187846 
49.05 0.00018759 
49.06 0.000187334 
49.07 0.000187078 
49.08 0.000186822 
49.09 0.000186567 
49.1 0.000186312 
49.11 0.000186058 
49.12 0.000185804 
49.13 0.00018555 
49.14 0.000185296 
49.15 0.000185043 
49.16 0.000184791 
49.17 0.000184538 
49.18 0.000184286 
49.19 0.000184035 
49.2 0.000183783 
49.21 0.000183532 
49.22 0.000183282 
49.23 0.000183031 
49.24 0.000182781 
49.25 0.000182532 
49.26 0.000182282 
49.27 0.000182033 
49.28 0.000181785 
49.29 0.000181536 
49.3 0.000181289 
49.31 0.000181041 
49.32 0.000180794 
49.33 0.000180547 
49.34 0.0001803 
49.35 0.000180054 
49.36 0.000179808 
49.37 0.000179562 
49.38 0.000179317 
49.39 0.000179072 
49.4 0.000178828 
49.41 0.000178583 
49.42 0.00017834 
49.43 0.000178096 
49.44 0.000177853 
49.45 0.00017761 
49.46 0.000177367 
49.47 0.000177125 
49.48 0.000176883 
49.49 0.000176641 
49.5 0.0001764 
49.51 0.000176159 
49.52 0.000175919 
49.53 0.000175678 
49.54 0.000175439 
49.55 0.000175199 
49.56 0.00017496 
49.57 0.000174721 
49.58 0.000174482 
49.59 0.000174244 
49.6 0.000174006 
49.61 0.000173768 
49.62 0.000173531 
49.63 0.000173294 
49.64 0.000173057 
49.65 0.000172821 
49.66 0.000172585 
49.67 0.000172349 
49.68 0.000172114 
49.69 0.000171879 
49.7 0.000171644 
49.71 0.000171409 
49.72 0.000171175 
49.73 0.000170941 
49.74 0.000170708 
49.75 0.000170475 
49.76 0.000170242 
49.77 0.00017001 
49.78 0.000169777 
49.79 0.000169545 
49.8 0.000169314 
49.81 0.000169083 
49.82 0.000168852 
49.83 0.000168621 
49.84 0.000168391 
49.85 0.000168161 
49.86 0.000167931 
49.87 0.000167702 
49.88 0.000167473 
49.89 0.000167244 
49.9 0.000167016 
49.91 0.000166787 
49.92 0.00016656 
49.93 0.000166332 
49.94 0.000166105 
49.95 0.000165878 
49.96 0.000165652 
49.97 0.000165425 
49.98 0.000165199 
49.99 0.000164974 
50 0.000164748 
