0 0.25 
0.01 0.250134 
0.02 0.250268 
0.03 0.250402 
0.04 0.250536 
0.05 0.250669 
0.06 0.250803 
0.07 0.250936 
0.08 0.25107 
0.09 0.251203 
0.1 0.251337 
0.11 0.25147 
0.12 0.251603 
0.13 0.251736 
0.14 0.25187 
0.15 0.252003 
0.16 0.252136 
0.17 0.252268 
0.18 0.252401 
0.19 0.252534 
0.2 0.252667 
0.21 0.252799 
0.22 0.252932 
0.23 0.253064 
0.24 0.253197 
0.25 0.253329 
0.26 0.253462 
0.27 0.253594 
0.28 0.253726 
0.29 0.253858 
0.3 0.25399 
0.31 0.254122 
0.32 0.254254 
0.33 0.254386 
0.34 0.254517 
0.35 0.254649 
0.36 0.254781 
0.37 0.254912 
0.38 0.255044 
0.39 0.255175 
0.4 0.255306 
0.41 0.255438 
0.42 0.255569 
0.43 0.2557 
0.44 0.255831 
0.45 0.255962 
0.46 0.256093 
0.47 0.256224 
0.48 0.256355 
0.49 0.256485 
0.5 0.256616 
0.51 0.256747 
0.52 0.256877 
0.53 0.257007 
0.54 0.257138 
0.55 0.257268 
0.56 0.257398 
0.57 0.257528 
0.58 0.257659 
0.59 0.257789 
0.6 0.257919 
0.61 0.258048 
0.62 0.258178 
0.63 0.258308 
0.64 0.258438 
0.65 0.258567 
0.66 0.258697 
0.67 0.258826 
0.68 0.258956 
0.69 0.259085 
0.7 0.259214 
0.71 0.259343 
0.72 0.259472 
0.73 0.259601 
0.74 0.25973 
0.75 0.259859 
0.76 0.259988 
0.77 0.260117 
0.78 0.260246 
0.79 0.260374 
0.8 0.260503 
0.81 0.260631 
0.82 0.26076 
0.83 0.260888 
0.84 0.261016 
0.85 0.261144 
0.86 0.261273 
0.87 0.261401 
0.88 0.261529 
0.89 0.261657 
0.9 0.261784 
0.91 0.261912 
0.92 0.26204 
0.93 0.262168 
0.94 0.262295 
0.95 0.262423 
0.96 0.26255 
0.97 0.262677 
0.98 0.262805 
0.99 0.262932 
1 0.263059 
1.01 0.263186 
1.02 0.263313 
1.03 0.26344 
1.04 0.263567 
1.05 0.263694 
1.06 0.26382 
1.07 0.263947 
1.08 0.264074 
1.09 0.2642 
1.1 0.264326 
1.11 0.264453 
1.12 0.264579 
1.13 0.264705 
1.14 0.264832 
1.15 0.264958 
1.16 0.265084 
1.17 0.26521 
1.18 0.265335 
1.19 0.265461 
1.2 0.265587 
1.21 0.265713 
1.22 0.265838 
1.23 0.265964 
1.24 0.266089 
1.25 0.266214 
1.26 0.26634 
1.27 0.266465 
1.28 0.26659 
1.29 0.266715 
1.3 0.26684 
1.31 0.266965 
1.32 0.26709 
1.33 0.267215 
1.34 0.26734 
1.35 0.267464 
1.36 0.267589 
1.37 0.267713 
1.38 0.267838 
1.39 0.267962 
1.4 0.268087 
1.41 0.268211 
1.42 0.268335 
1.43 0.268459 
1.44 0.268583 
1.45 0.268707 
1.46 0.268831 
1.47 0.268955 
1.48 0.269078 
1.49 0.269202 
1.5 0.269326 
1.51 0.269449 
1.52 0.269573 
1.53 0.269696 
1.54 0.269819 
1.55 0.269943 
1.56 0.270066 
1.57 0.270189 
1.58 0.270312 
1.59 0.270435 
1.6 0.270558 
1.61 0.27068 
1.62 0.270803 
1.63 0.270926 
1.64 0.271048 
1.65 0.271171 
1.66 0.271293 
1.67 0.271416 
1.68 0.271538 
1.69 0.27166 
1.7 0.271782 
1.71 0.271905 
1.72 0.272027 
1.73 0.272149 
1.74 0.27227 
1.75 0.272392 
1.76 0.272514 
1.77 0.272636 
1.78 0.272757 
1.79 0.272879 
1.8 0.273 
1.81 0.273122 
1.82 0.273243 
1.83 0.273364 
1.84 0.273485 
1.85 0.273606 
1.86 0.273727 
1.87 0.273848 
1.88 0.273969 
1.89 0.27409 
1.9 0.274211 
1.91 0.274331 
1.92 0.274452 
1.93 0.274572 
1.94 0.274693 
1.95 0.274813 
1.96 0.274934 
1.97 0.275054 
1.98 0.275174 
1.99 0.275294 
2 0.275414 
2.01 0.275534 
2.02 0.275654 
2.03 0.275774 
2.04 0.275894 
2.05 0.276013 
2.06 0.276133 
2.07 0.276252 
2.08 0.276372 
2.09 0.276491 
2.1 0.27661 
2.11 0.27673 
2.12 0.276849 
2.13 0.276968 
2.14 0.277087 
2.15 0.277206 
2.16 0.277325 
2.17 0.277444 
2.18 0.277562 
2.19 0.277681 
2.2 0.2778 
2.21 0.277918 
2.22 0.278037 
2.23 0.278155 
2.24 0.278273 
2.25 0.278391 
2.26 0.27851 
2.27 0.278628 
2.28 0.278746 
2.29 0.278864 
2.3 0.278982 
2.31 0.279099 
2.32 0.279217 
2.33 0.279335 
2.34 0.279452 
2.35 0.27957 
2.36 0.279687 
2.37 0.279805 
2.38 0.279922 
2.39 0.280039 
2.4 0.280156 
2.41 0.280274 
2.42 0.280391 
2.43 0.280508 
2.44 0.280624 
2.45 0.280741 
2.46 0.280858 
2.47 0.280975 
2.48 0.281091 
2.49 0.281208 
2.5 0.281324 
2.51 0.281441 
2.52 0.281557 
2.53 0.281673 
2.54 0.281789 
2.55 0.281906 
2.56 0.282022 
2.57 0.282137 
2.58 0.282253 
2.59 0.282369 
2.6 0.282485 
2.61 0.282601 
2.62 0.282716 
2.63 0.282832 
2.64 0.282947 
2.65 0.283063 
2.66 0.283178 
2.67 0.283293 
2.68 0.283408 
2.69 0.283524 
2.7 0.283639 
2.71 0.283754 
2.72 0.283868 
2.73 0.283983 
2.74 0.284098 
2.75 0.284213 
2.76 0.284327 
2.77 0.284442 
2.78 0.284556 
2.79 0.284671 
2.8 0.284785 
2.81 0.284899 
2.82 0.285014 
2.83 0.285128 
2.84 0.285242 
2.85 0.285356 
2.86 0.28547 
2.87 0.285583 
2.88 0.285697 
2.89 0.285811 
2.9 0.285925 
2.91 0.286038 
2.92 0.286152 
2.93 0.286265 
2.94 0.286378 
2.95 0.286492 
2.96 0.286605 
2.97 0.286718 
2.98 0.286831 
2.99 0.286944 
3 0.287057 
3.01 0.28717 
3.02 0.287283 
3.03 0.287395 
3.04 0.287508 
3.05 0.287621 
3.06 0.287733 
3.07 0.287846 
3.08 0.287958 
3.09 0.28807 
3.1 0.288182 
3.11 0.288295 
3.12 0.288407 
3.13 0.288519 
3.14 0.288631 
3.15 0.288743 
3.16 0.288854 
3.17 0.288966 
3.18 0.289078 
3.19 0.289189 
3.2 0.289301 
3.21 0.289412 
3.22 0.289524 
3.23 0.289635 
3.24 0.289746 
3.25 0.289858 
3.26 0.289969 
3.27 0.29008 
3.28 0.290191 
3.29 0.290302 
3.3 0.290412 
3.31 0.290523 
3.32 0.290634 
3.33 0.290744 
3.34 0.290855 
3.35 0.290966 
3.36 0.291076 
3.37 0.291186 
3.38 0.291297 
3.39 0.291407 
3.4 0.291517 
3.41 0.291627 
3.42 0.291737 
3.43 0.291847 
3.44 0.291957 
3.45 0.292067 
3.46 0.292176 
3.47 0.292286 
3.48 0.292396 
3.49 0.292505 
3.5 0.292615 
3.51 0.292724 
3.52 0.292833 
3.53 0.292942 
3.54 0.293052 
3.55 0.293161 
3.56 0.29327 
3.57 0.293379 
3.58 0.293488 
3.59 0.293597 
3.6 0.293705 
3.61 0.293814 
3.62 0.293923 
3.63 0.294031 
3.64 0.29414 
3.65 0.294248 
3.66 0.294356 
3.67 0.294465 
3.68 0.294573 
3.69 0.294681 
3.7 0.294789 
3.71 0.294897 
3.72 0.295005 
3.73 0.295113 
3.74 0.295221 
3.75 0.295328 
3.76 0.295436 
3.77 0.295544 
3.78 0.295651 
3.79 0.295759 
3.8 0.295866 
3.81 0.295973 
3.82 0.296081 
3.83 0.296188 
3.84 0.296295 
3.85 0.296402 
3.86 0.296509 
3.87 0.296616 
3.88 0.296723 
3.89 0.29683 
3.9 0.296936 
3.91 0.297043 
3.92 0.297149 
3.93 0.297256 
3.94 0.297362 
3.95 0.297469 
3.96 0.297575 
3.97 0.297681 
3.98 0.297788 
3.99 0.297894 
4 0.298 
4.01 0.298106 
4.02 0.298212 
4.03 0.298317 
4.04 0.298423 
4.05 0.298529 
4.06 0.298634 
4.07 0.29874 
4.08 0.298845 
4.09 0.298951 
4.1 0.299056 
4.11 0.299162 
4.12 0.299267 
4.13 0.299372 
4.14 0.299477 
4.15 0.299582 
4.16 0.299687 
4.17 0.299792 
4.18 0.299897 
4.19 0.300002 
4.2 0.300106 
4.21 0.300211 
4.22 0.300315 
4.23 0.30042 
4.24 0.300524 
4.25 0.300629 
4.26 0.300733 
4.27 0.300837 
4.28 0.300941 
4.29 0.301045 
4.3 0.301149 
4.31 0.301253 
4.32 0.301357 
4.33 0.301461 
4.34 0.301565 
4.35 0.301669 
4.36 0.301772 
4.37 0.301876 
4.38 0.301979 
4.39 0.302083 
4.4 0.302186 
4.41 0.302289 
4.42 0.302393 
4.43 0.302496 
4.44 0.302599 
4.45 0.302702 
4.46 0.302805 
4.47 0.302908 
4.48 0.303011 
4.49 0.303113 
4.5 0.303216 
4.51 0.303319 
4.52 0.303421 
4.53 0.303524 
4.54 0.303626 
4.55 0.303728 
4.56 0.303831 
4.57 0.303933 
4.58 0.304035 
4.59 0.304137 
4.6 0.304239 
4.61 0.304341 
4.62 0.304443 
4.63 0.304545 
4.64 0.304647 
4.65 0.304749 
4.66 0.30485 
4.67 0.304952 
4.68 0.305053 
4.69 0.305155 
4.7 0.305256 
4.71 0.305357 
4.72 0.305459 
4.73 0.30556 
4.74 0.305661 
4.75 0.305762 
4.76 0.305863 
4.77 0.305964 
4.78 0.306065 
4.79 0.306166 
4.8 0.306266 
4.81 0.306367 
4.82 0.306468 
4.83 0.306568 
4.84 0.306669 
4.85 0.306769 
4.86 0.30687 
4.87 0.30697 
4.88 0.30707 
4.89 0.30717 
4.9 0.30727 
4.91 0.30737 
4.92 0.30747 
4.93 0.30757 
4.94 0.30767 
4.95 0.30777 
4.96 0.307869 
4.97 0.307969 
4.98 0.308069 
4.99 0.308168 
5 0.308268 
5.01 0.308367 
5.02 0.308466 
5.03 0.308566 
5.04 0.308665 
5.05 0.308764 
5.06 0.308863 
5.07 0.308962 
5.08 0.309061 
5.09 0.30916 
5.1 0.309259 
5.11 0.309357 
5.12 0.309456 
5.13 0.309555 
5.14 0.309653 
5.15 0.309752 
5.16 0.30985 
5.17 0.309948 
5.18 0.310047 
5.19 0.310145 
5.2 0.310243 
5.21 0.310341 
5.22 0.310439 
5.23 0.310537 
5.24 0.310635 
5.25 0.310733 
5.26 0.310831 
5.27 0.310929 
5.28 0.311026 
5.29 0.311124 
5.3 0.311221 
5.31 0.311319 
5.32 0.311416 
5.33 0.311514 
5.34 0.311611 
5.35 0.311708 
5.36 0.311805 
5.37 0.311902 
5.38 0.311999 
5.39 0.312096 
5.4 0.312193 
5.41 0.31229 
5.42 0.312387 
5.43 0.312484 
5.44 0.31258 
5.45 0.312677 
5.46 0.312773 
5.47 0.31287 
5.48 0.312966 
5.49 0.313063 
5.5 0.313159 
5.51 0.313255 
5.52 0.313351 
5.53 0.313448 
5.54 0.313544 
5.55 0.31364 
5.56 0.313735 
5.57 0.313831 
5.58 0.313927 
5.59 0.314023 
5.6 0.314119 
5.61 0.314214 
5.62 0.31431 
5.63 0.314405 
5.64 0.314501 
5.65 0.314596 
5.66 0.314691 
5.67 0.314786 
5.68 0.314882 
5.69 0.314977 
5.7 0.315072 
5.71 0.315167 
5.72 0.315262 
5.73 0.315357 
5.74 0.315451 
5.75 0.315546 
5.76 0.315641 
5.77 0.315735 
5.78 0.31583 
5.79 0.315924 
5.8 0.316019 
5.81 0.316113 
5.82 0.316208 
5.83 0.316302 
5.84 0.316396 
5.85 0.31649 
5.86 0.316584 
5.87 0.316678 
5.88 0.316772 
5.89 0.316866 
5.9 0.31696 
5.91 0.317054 
5.92 0.317147 
5.93 0.317241 
5.94 0.317335 
5.95 0.317428 
5.96 0.317522 
5.97 0.317615 
5.98 0.317708 
5.99 0.317802 
6 0.317895 
6.01 0.317988 
6.02 0.318081 
6.03 0.318174 
6.04 0.318267 
6.05 0.31836 
6.06 0.318453 
6.07 0.318546 
6.08 0.318639 
6.09 0.318731 
6.1 0.318824 
6.11 0.318916 
6.12 0.319009 
6.13 0.319101 
6.14 0.319194 
6.15 0.319286 
6.16 0.319378 
6.17 0.319471 
6.18 0.319563 
6.19 0.319655 
6.2 0.319747 
6.21 0.319839 
6.22 0.319931 
6.23 0.320023 
6.24 0.320114 
6.25 0.320206 
6.26 0.320298 
6.27 0.320389 
6.28 0.320481 
6.29 0.320572 
6.3 0.320664 
6.31 0.320755 
6.32 0.320847 
6.33 0.320938 
6.34 0.321029 
6.35 0.32112 
6.36 0.321211 
6.37 0.321302 
6.38 0.321393 
6.39 0.321484 
6.4 0.321575 
6.41 0.321666 
6.42 0.321757 
6.43 0.321847 
6.44 0.321938 
6.45 0.322028 
6.46 0.322119 
6.47 0.322209 
6.48 0.3223 
6.49 0.32239 
6.5 0.32248 
6.51 0.322571 
6.52 0.322661 
6.53 0.322751 
6.54 0.322841 
6.55 0.322931 
6.56 0.323021 
6.57 0.323111 
6.58 0.3232 
6.59 0.32329 
6.6 0.32338 
6.61 0.323469 
6.62 0.323559 
6.63 0.323648 
6.64 0.323738 
6.65 0.323827 
6.66 0.323917 
6.67 0.324006 
6.68 0.324095 
6.69 0.324184 
6.7 0.324273 
6.71 0.324362 
6.72 0.324451 
6.73 0.32454 
6.74 0.324629 
6.75 0.324718 
6.76 0.324807 
6.77 0.324896 
6.78 0.324984 
6.79 0.325073 
6.8 0.325161 
6.81 0.32525 
6.82 0.325338 
6.83 0.325427 
6.84 0.325515 
6.85 0.325603 
6.86 0.325691 
6.87 0.32578 
6.88 0.325868 
6.89 0.325956 
6.9 0.326044 
6.91 0.326131 
6.92 0.326219 
6.93 0.326307 
6.94 0.326395 
6.95 0.326483 
6.96 0.32657 
6.97 0.326658 
6.98 0.326745 
6.99 0.326833 
7 0.32692 
7.01 0.327008 
7.02 0.327095 
7.03 0.327182 
7.04 0.327269 
7.05 0.327356 
7.06 0.327443 
7.07 0.32753 
7.08 0.327617 
7.09 0.327704 
7.1 0.327791 
7.11 0.327878 
7.12 0.327965 
7.13 0.328051 
7.14 0.328138 
7.15 0.328224 
7.16 0.328311 
7.17 0.328397 
7.18 0.328484 
7.19 0.32857 
7.2 0.328656 
7.21 0.328743 
7.22 0.328829 
7.23 0.328915 
7.24 0.329001 
7.25 0.329087 
7.26 0.329173 
7.27 0.329259 
7.28 0.329345 
7.29 0.329431 
7.3 0.329516 
7.31 0.329602 
7.32 0.329688 
7.33 0.329773 
7.34 0.329859 
7.35 0.329944 
7.36 0.33003 
7.37 0.330115 
7.38 0.3302 
7.39 0.330285 
7.4 0.330371 
7.41 0.330456 
7.42 0.330541 
7.43 0.330626 
7.44 0.330711 
7.45 0.330796 
7.46 0.330881 
7.47 0.330965 
7.48 0.33105 
7.49 0.331135 
7.5 0.331219 
7.51 0.331304 
7.52 0.331389 
7.53 0.331473 
7.54 0.331557 
7.55 0.331642 
7.56 0.331726 
7.57 0.33181 
7.58 0.331895 
7.59 0.331979 
7.6 0.332063 
7.61 0.332147 
7.62 0.332231 
7.63 0.332315 
7.64 0.332399 
7.65 0.332483 
7.66 0.332566 
7.67 0.33265 
7.68 0.332734 
7.69 0.332817 
7.7 0.332901 
7.71 0.332984 
7.72 0.333068 
7.73 0.333151 
7.74 0.333235 
7.75 0.333318 
7.76 0.333401 
7.77 0.333484 
7.78 0.333568 
7.79 0.333651 
7.8 0.333734 
7.81 0.333817 
7.82 0.3339 
7.83 0.333982 
7.84 0.334065 
7.85 0.334148 
7.86 0.334231 
7.87 0.334313 
7.88 0.334396 
7.89 0.334479 
7.9 0.334561 
7.91 0.334643 
7.92 0.334726 
7.93 0.334808 
7.94 0.334891 
7.95 0.334973 
7.96 0.335055 
7.97 0.335137 
7.98 0.335219 
7.99 0.335301 
8 0.335383 
8.01 0.335465 
8.02 0.335547 
8.03 0.335629 
8.04 0.335711 
8.05 0.335792 
8.06 0.335874 
8.07 0.335956 
8.08 0.336037 
8.09 0.336119 
8.1 0.3362 
8.11 0.336282 
8.12 0.336363 
8.13 0.336444 
8.14 0.336525 
8.15 0.336607 
8.16 0.336688 
8.17 0.336769 
8.18 0.33685 
8.19 0.336931 
8.2 0.337012 
8.21 0.337093 
8.22 0.337174 
8.23 0.337254 
8.24 0.337335 
8.25 0.337416 
8.26 0.337496 
8.27 0.337577 
8.28 0.337658 
8.29 0.337738 
8.3 0.337818 
8.31 0.337899 
8.32 0.337979 
8.33 0.338059 
8.34 0.33814 
8.35 0.33822 
8.36 0.3383 
8.37 0.33838 
8.38 0.33846 
8.39 0.33854 
8.4 0.33862 
8.41 0.3387 
8.42 0.33878 
8.43 0.338859 
8.44 0.338939 
8.45 0.339019 
8.46 0.339098 
8.47 0.339178 
8.48 0.339257 
8.49 0.339337 
8.5 0.339416 
8.51 0.339496 
8.52 0.339575 
8.53 0.339654 
8.54 0.339734 
8.55 0.339813 
8.56 0.339892 
8.57 0.339971 
8.58 0.34005 
8.59 0.340129 
8.6 0.340208 
8.61 0.340287 
8.62 0.340365 
8.63 0.340444 
8.64 0.340523 
8.65 0.340602 
8.66 0.34068 
8.67 0.340759 
8.68 0.340837 
8.69 0.340916 
8.7 0.340994 
8.71 0.341073 
8.72 0.341151 
8.73 0.341229 
8.74 0.341307 
8.75 0.341386 
8.76 0.341464 
8.77 0.341542 
8.78 0.34162 
8.79 0.341698 
8.8 0.341776 
8.81 0.341853 
8.82 0.341931 
8.83 0.342009 
8.84 0.342087 
8.85 0.342165 
8.86 0.342242 
8.87 0.34232 
8.88 0.342397 
8.89 0.342475 
8.9 0.342552 
8.91 0.34263 
8.92 0.342707 
8.93 0.342784 
8.94 0.342861 
8.95 0.342939 
8.96 0.343016 
8.97 0.343093 
8.98 0.34317 
8.99 0.343247 
9 0.343324 
9.01 0.343401 
9.02 0.343478 
9.03 0.343554 
9.04 0.343631 
9.05 0.343708 
9.06 0.343785 
9.07 0.343861 
9.08 0.343938 
9.09 0.344014 
9.1 0.344091 
9.11 0.344167 
9.12 0.344243 
9.13 0.34432 
9.14 0.344396 
9.15 0.344472 
9.16 0.344548 
9.17 0.344625 
9.18 0.344701 
9.19 0.344777 
9.2 0.344853 
9.21 0.344929 
9.22 0.345005 
9.23 0.34508 
9.24 0.345156 
9.25 0.345232 
9.26 0.345308 
9.27 0.345383 
9.28 0.345459 
9.29 0.345534 
9.3 0.34561 
9.31 0.345685 
9.32 0.345761 
9.33 0.345836 
9.34 0.345912 
9.35 0.345987 
9.36 0.346062 
9.37 0.346137 
9.38 0.346212 
9.39 0.346288 
9.4 0.346363 
9.41 0.346438 
9.42 0.346512 
9.43 0.346587 
9.44 0.346662 
9.45 0.346737 
9.46 0.346812 
9.47 0.346887 
9.48 0.346961 
9.49 0.347036 
9.5 0.34711 
9.51 0.347185 
9.52 0.347259 
9.53 0.347334 
9.54 0.347408 
9.55 0.347483 
9.56 0.347557 
9.57 0.347631 
9.58 0.347705 
9.59 0.34778 
9.6 0.347854 
9.61 0.347928 
9.62 0.348002 
9.63 0.348076 
9.64 0.34815 
9.65 0.348224 
9.66 0.348297 
9.67 0.348371 
9.68 0.348445 
9.69 0.348519 
9.7 0.348592 
9.71 0.348666 
9.72 0.348739 
9.73 0.348813 
9.74 0.348886 
9.75 0.34896 
9.76 0.349033 
9.77 0.349107 
9.78 0.34918 
9.79 0.349253 
9.8 0.349326 
9.81 0.349399 
9.82 0.349473 
9.83 0.349546 
9.84 0.349619 
9.85 0.349692 
9.86 0.349764 
9.87 0.349837 
9.88 0.34991 
9.89 0.349983 
9.9 0.350056 
9.91 0.350128 
9.92 0.350201 
9.93 0.350274 
9.94 0.350346 
9.95 0.350419 
9.96 0.350491 
9.97 0.350564 
9.98 0.350636 
9.99 0.350708 
10 0.350781 
10.01 0.350853 
10.02 0.350925 
10.03 0.350997 
10.04 0.351069 
10.05 0.351141 
10.06 0.351214 
10.07 0.351286 
10.08 0.351357 
10.09 0.351429 
10.1 0.351501 
10.11 0.351573 
10.12 0.351645 
10.13 0.351716 
10.14 0.351788 
10.15 0.35186 
10.16 0.351931 
10.17 0.352003 
10.18 0.352074 
10.19 0.352146 
10.2 0.352217 
10.21 0.352289 
10.22 0.35236 
10.23 0.352431 
10.24 0.352502 
10.25 0.352574 
10.26 0.352645 
10.27 0.352716 
10.28 0.352787 
10.29 0.352858 
10.3 0.352929 
10.31 0.353 
10.32 0.353071 
10.33 0.353142 
10.34 0.353212 
10.35 0.353283 
10.36 0.353354 
10.37 0.353424 
10.38 0.353495 
10.39 0.353566 
10.4 0.353636 
10.41 0.353707 
10.42 0.353777 
10.43 0.353848 
10.44 0.353918 
10.45 0.353988 
10.46 0.354058 
10.47 0.354129 
10.48 0.354199 
10.49 0.354269 
10.5 0.354339 
10.51 0.354409 
10.52 0.354479 
10.53 0.354549 
10.54 0.354619 
10.55 0.354689 
10.56 0.354759 
10.57 0.354829 
10.58 0.354898 
10.59 0.354968 
10.6 0.355038 
10.61 0.355107 
10.62 0.355177 
10.63 0.355247 
10.64 0.355316 
10.65 0.355386 
10.66 0.355455 
10.67 0.355524 
10.68 0.355594 
10.69 0.355663 
10.7 0.355732 
10.71 0.355801 
10.72 0.355871 
10.73 0.35594 
10.74 0.356009 
10.75 0.356078 
10.76 0.356147 
10.77 0.356216 
10.78 0.356285 
10.79 0.356354 
10.8 0.356422 
10.81 0.356491 
10.82 0.35656 
10.83 0.356629 
10.84 0.356697 
10.85 0.356766 
10.86 0.356834 
10.87 0.356903 
10.88 0.356971 
10.89 0.35704 
10.9 0.357108 
10.91 0.357177 
10.92 0.357245 
10.93 0.357313 
10.94 0.357382 
10.95 0.35745 
10.96 0.357518 
10.97 0.357586 
10.98 0.357654 
10.99 0.357722 
11 0.35779 
11.01 0.357858 
11.02 0.357926 
11.03 0.357994 
11.04 0.358062 
11.05 0.358129 
11.06 0.358197 
11.07 0.358265 
11.08 0.358333 
11.09 0.3584 
11.1 0.358468 
11.11 0.358535 
11.12 0.358603 
11.13 0.35867 
11.14 0.358738 
11.15 0.358805 
11.16 0.358872 
11.17 0.35894 
11.18 0.359007 
11.19 0.359074 
11.2 0.359141 
11.21 0.359208 
11.22 0.359276 
11.23 0.359343 
11.24 0.35941 
11.25 0.359477 
11.26 0.359544 
11.27 0.35961 
11.28 0.359677 
11.29 0.359744 
11.3 0.359811 
11.31 0.359878 
11.32 0.359944 
11.33 0.360011 
11.34 0.360078 
11.35 0.360144 
11.36 0.360211 
11.37 0.360277 
11.38 0.360344 
11.39 0.36041 
11.4 0.360476 
11.41 0.360543 
11.42 0.360609 
11.43 0.360675 
11.44 0.360741 
11.45 0.360808 
11.46 0.360874 
11.47 0.36094 
11.48 0.361006 
11.49 0.361072 
11.5 0.361138 
11.51 0.361204 
11.52 0.36127 
11.53 0.361335 
11.54 0.361401 
11.55 0.361467 
11.56 0.361533 
11.57 0.361598 
11.58 0.361664 
11.59 0.36173 
11.6 0.361795 
11.61 0.361861 
11.62 0.361926 
11.63 0.361992 
11.64 0.362057 
11.65 0.362123 
11.66 0.362188 
11.67 0.362253 
11.68 0.362318 
11.69 0.362384 
11.7 0.362449 
11.71 0.362514 
11.72 0.362579 
11.73 0.362644 
11.74 0.362709 
11.75 0.362774 
11.76 0.362839 
11.77 0.362904 
11.78 0.362969 
11.79 0.363034 
11.8 0.363098 
11.81 0.363163 
11.82 0.363228 
11.83 0.363293 
11.84 0.363357 
11.85 0.363422 
11.86 0.363486 
11.87 0.363551 
11.88 0.363615 
11.89 0.36368 
11.9 0.363744 
11.91 0.363809 
11.92 0.363873 
11.93 0.363937 
11.94 0.364001 
11.95 0.364066 
11.96 0.36413 
11.97 0.364194 
11.98 0.364258 
11.99 0.364322 
12 0.364386 
12.01 0.36445 
12.02 0.364514 
12.03 0.364578 
12.04 0.364642 
12.05 0.364706 
12.06 0.364769 
12.07 0.364833 
12.08 0.364897 
12.09 0.36496 
12.1 0.365024 
12.11 0.365088 
12.12 0.365151 
12.13 0.365215 
12.14 0.365278 
12.15 0.365342 
12.16 0.365405 
12.17 0.365469 
12.18 0.365532 
12.19 0.365595 
12.2 0.365658 
12.21 0.365722 
12.22 0.365785 
12.23 0.365848 
12.24 0.365911 
12.25 0.365974 
12.26 0.366037 
12.27 0.3661 
12.28 0.366163 
12.29 0.366226 
12.3 0.366289 
12.31 0.366352 
12.32 0.366415 
12.33 0.366477 
12.34 0.36654 
12.35 0.366603 
12.36 0.366665 
12.37 0.366728 
12.38 0.366791 
12.39 0.366853 
12.4 0.366916 
12.41 0.366978 
12.42 0.367041 
12.43 0.367103 
12.44 0.367165 
12.45 0.367228 
12.46 0.36729 
12.47 0.367352 
12.48 0.367415 
12.49 0.367477 
12.5 0.367539 
12.51 0.367601 
12.52 0.367663 
12.53 0.367725 
12.54 0.367787 
12.55 0.367849 
12.56 0.367911 
12.57 0.367973 
12.58 0.368035 
12.59 0.368097 
12.6 0.368158 
12.61 0.36822 
12.62 0.368282 
12.63 0.368343 
12.64 0.368405 
12.65 0.368467 
12.66 0.368528 
12.67 0.36859 
12.68 0.368651 
12.69 0.368713 
12.7 0.368774 
12.71 0.368835 
12.72 0.368897 
12.73 0.368958 
12.74 0.369019 
12.75 0.369081 
12.76 0.369142 
12.77 0.369203 
12.78 0.369264 
12.79 0.369325 
12.8 0.369386 
12.81 0.369447 
12.82 0.369508 
12.83 0.369569 
12.84 0.36963 
12.85 0.369691 
12.86 0.369752 
12.87 0.369813 
12.88 0.369873 
12.89 0.369934 
12.9 0.369995 
12.91 0.370055 
12.92 0.370116 
12.93 0.370177 
12.94 0.370237 
12.95 0.370298 
12.96 0.370358 
12.97 0.370419 
12.98 0.370479 
12.99 0.37054 
13 0.3706 
13.01 0.37066 
13.02 0.37072 
13.03 0.370781 
13.04 0.370841 
13.05 0.370901 
13.06 0.370961 
13.07 0.371021 
13.08 0.371081 
13.09 0.371141 
13.1 0.371201 
13.11 0.371261 
13.12 0.371321 
13.13 0.371381 
13.14 0.371441 
13.15 0.371501 
13.16 0.371561 
13.17 0.37162 
13.18 0.37168 
13.19 0.37174 
13.2 0.371799 
13.21 0.371859 
13.22 0.371919 
13.23 0.371978 
13.24 0.372038 
13.25 0.372097 
13.26 0.372157 
13.27 0.372216 
13.28 0.372275 
13.29 0.372335 
13.3 0.372394 
13.31 0.372453 
13.32 0.372512 
13.33 0.372572 
13.34 0.372631 
13.35 0.37269 
13.36 0.372749 
13.37 0.372808 
13.38 0.372867 
13.39 0.372926 
13.4 0.372985 
13.41 0.373044 
13.42 0.373103 
13.43 0.373162 
13.44 0.37322 
13.45 0.373279 
13.46 0.373338 
13.47 0.373397 
13.48 0.373455 
13.49 0.373514 
13.5 0.373573 
13.51 0.373631 
13.52 0.37369 
13.53 0.373748 
13.54 0.373807 
13.55 0.373865 
13.56 0.373924 
13.57 0.373982 
13.58 0.37404 
13.59 0.374099 
13.6 0.374157 
13.61 0.374215 
13.62 0.374273 
13.63 0.374332 
13.64 0.37439 
13.65 0.374448 
13.66 0.374506 
13.67 0.374564 
13.68 0.374622 
13.69 0.37468 
13.7 0.374738 
13.71 0.374796 
13.72 0.374854 
13.73 0.374911 
13.74 0.374969 
13.75 0.375027 
13.76 0.375085 
13.77 0.375142 
13.78 0.3752 
13.79 0.375258 
13.8 0.375315 
13.81 0.375373 
13.82 0.37543 
13.83 0.375488 
13.84 0.375545 
13.85 0.375603 
13.86 0.37566 
13.87 0.375718 
13.88 0.375775 
13.89 0.375832 
13.9 0.37589 
13.91 0.375947 
13.92 0.376004 
13.93 0.376061 
13.94 0.376118 
13.95 0.376175 
13.96 0.376233 
13.97 0.37629 
13.98 0.376347 
13.99 0.376404 
14 0.37646 
14.01 0.376517 
14.02 0.376574 
14.03 0.376631 
14.04 0.376688 
14.05 0.376745 
14.06 0.376801 
14.07 0.376858 
14.08 0.376915 
14.09 0.376972 
14.1 0.377028 
14.11 0.377085 
14.12 0.377141 
14.13 0.377198 
14.14 0.377254 
14.15 0.377311 
14.16 0.377367 
14.17 0.377424 
14.18 0.37748 
14.19 0.377536 
14.2 0.377593 
14.21 0.377649 
14.22 0.377705 
14.23 0.377761 
14.24 0.377817 
14.25 0.377874 
14.26 0.37793 
14.27 0.377986 
14.28 0.378042 
14.29 0.378098 
14.3 0.378154 
14.31 0.37821 
14.32 0.378266 
14.33 0.378322 
14.34 0.378377 
14.35 0.378433 
14.36 0.378489 
14.37 0.378545 
14.38 0.378601 
14.39 0.378656 
14.4 0.378712 
14.41 0.378767 
14.42 0.378823 
14.43 0.378879 
14.44 0.378934 
14.45 0.37899 
14.46 0.379045 
14.47 0.379101 
14.48 0.379156 
14.49 0.379211 
14.5 0.379267 
14.51 0.379322 
14.52 0.379377 
14.53 0.379433 
14.54 0.379488 
14.55 0.379543 
14.56 0.379598 
14.57 0.379653 
14.58 0.379708 
14.59 0.379763 
14.6 0.379818 
14.61 0.379873 
14.62 0.379928 
14.63 0.379983 
14.64 0.380038 
14.65 0.380093 
14.66 0.380148 
14.67 0.380203 
14.68 0.380258 
14.69 0.380312 
14.7 0.380367 
14.71 0.380422 
14.72 0.380476 
14.73 0.380531 
14.74 0.380586 
14.75 0.38064 
14.76 0.380695 
14.77 0.380749 
14.78 0.380804 
14.79 0.380858 
14.8 0.380913 
14.81 0.380967 
14.82 0.381021 
14.83 0.381076 
14.84 0.38113 
14.85 0.381184 
14.86 0.381238 
14.87 0.381293 
14.88 0.381347 
14.89 0.381401 
14.9 0.381455 
14.91 0.381509 
14.92 0.381563 
14.93 0.381617 
14.94 0.381671 
14.95 0.381725 
14.96 0.381779 
14.97 0.381833 
14.98 0.381887 
14.99 0.381941 
15 0.381994 
15.01 0.382048 
15.02 0.382102 
15.03 0.382156 
15.04 0.382209 
15.05 0.382263 
15.06 0.382317 
15.07 0.38237 
15.08 0.382424 
15.09 0.382477 
15.1 0.382531 
15.11 0.382584 
15.12 0.382638 
15.13 0.382691 
15.14 0.382744 
15.15 0.382798 
15.16 0.382851 
15.17 0.382904 
15.18 0.382958 
15.19 0.383011 
15.2 0.383064 
15.21 0.383117 
15.22 0.38317 
15.23 0.383224 
15.24 0.383277 
15.25 0.38333 
15.26 0.383383 
15.27 0.383436 
15.28 0.383489 
15.29 0.383542 
15.3 0.383594 
15.31 0.383647 
15.32 0.3837 
15.33 0.383753 
15.34 0.383806 
15.35 0.383859 
15.36 0.383911 
15.37 0.383964 
15.38 0.384017 
15.39 0.384069 
15.4 0.384122 
15.41 0.384174 
15.42 0.384227 
15.43 0.38428 
15.44 0.384332 
15.45 0.384385 
15.46 0.384437 
15.47 0.384489 
15.48 0.384542 
15.49 0.384594 
15.5 0.384646 
15.51 0.384699 
15.52 0.384751 
15.53 0.384803 
15.54 0.384855 
15.55 0.384908 
15.56 0.38496 
15.57 0.385012 
15.58 0.385064 
15.59 0.385116 
15.6 0.385168 
15.61 0.38522 
15.62 0.385272 
15.63 0.385324 
15.64 0.385376 
15.65 0.385428 
15.66 0.38548 
15.67 0.385531 
15.68 0.385583 
15.69 0.385635 
15.7 0.385687 
15.71 0.385738 
15.72 0.38579 
15.73 0.385842 
15.74 0.385893 
15.75 0.385945 
15.76 0.385996 
15.77 0.386048 
15.78 0.3861 
15.79 0.386151 
15.8 0.386202 
15.81 0.386254 
15.82 0.386305 
15.83 0.386357 
15.84 0.386408 
15.85 0.386459 
15.86 0.386511 
15.87 0.386562 
15.88 0.386613 
15.89 0.386664 
15.9 0.386715 
15.91 0.386767 
15.92 0.386818 
15.93 0.386869 
15.94 0.38692 
15.95 0.386971 
15.96 0.387022 
15.97 0.387073 
15.98 0.387124 
15.99 0.387175 
16 0.387226 
16.01 0.387276 
16.02 0.387327 
16.03 0.387378 
16.04 0.387429 
16.05 0.38748 
16.06 0.38753 
16.07 0.387581 
16.08 0.387632 
16.09 0.387682 
16.1 0.387733 
16.11 0.387783 
16.12 0.387834 
16.13 0.387884 
16.14 0.387935 
16.15 0.387985 
16.16 0.388036 
16.17 0.388086 
16.18 0.388137 
16.19 0.388187 
16.2 0.388237 
16.21 0.388288 
16.22 0.388338 
16.23 0.388388 
16.24 0.388438 
16.25 0.388489 
16.26 0.388539 
16.27 0.388589 
16.28 0.388639 
16.29 0.388689 
16.3 0.388739 
16.31 0.388789 
16.32 0.388839 
16.33 0.388889 
16.34 0.388939 
16.35 0.388989 
16.36 0.389039 
16.37 0.389089 
16.38 0.389139 
16.39 0.389188 
16.4 0.389238 
16.41 0.389288 
16.42 0.389338 
16.43 0.389387 
16.44 0.389437 
16.45 0.389487 
16.46 0.389536 
16.47 0.389586 
16.48 0.389635 
16.49 0.389685 
16.5 0.389734 
16.51 0.389784 
16.52 0.389833 
16.53 0.389883 
16.54 0.389932 
16.55 0.389982 
16.56 0.390031 
16.57 0.39008 
16.58 0.39013 
16.59 0.390179 
16.6 0.390228 
16.61 0.390277 
16.62 0.390326 
16.63 0.390376 
16.64 0.390425 
16.65 0.390474 
16.66 0.390523 
16.67 0.390572 
16.68 0.390621 
16.69 0.39067 
16.7 0.390719 
16.71 0.390768 
16.72 0.390817 
16.73 0.390866 
16.74 0.390915 
16.75 0.390963 
16.76 0.391012 
16.77 0.391061 
16.78 0.39111 
16.79 0.391159 
16.8 0.391207 
16.81 0.391256 
16.82 0.391305 
16.83 0.391353 
16.84 0.391402 
16.85 0.39145 
16.86 0.391499 
16.87 0.391547 
16.88 0.391596 
16.89 0.391644 
16.9 0.391693 
16.91 0.391741 
16.92 0.39179 
16.93 0.391838 
16.94 0.391886 
16.95 0.391935 
16.96 0.391983 
16.97 0.392031 
16.98 0.392079 
16.99 0.392128 
17 0.392176 
17.01 0.392224 
17.02 0.392272 
17.03 0.39232 
17.04 0.392368 
17.05 0.392416 
17.06 0.392464 
17.07 0.392512 
17.08 0.39256 
17.09 0.392608 
17.1 0.392656 
17.11 0.392704 
17.12 0.392752 
17.13 0.3928 
17.14 0.392848 
17.15 0.392895 
17.16 0.392943 
17.17 0.392991 
17.18 0.393039 
17.19 0.393086 
17.2 0.393134 
17.21 0.393182 
17.22 0.393229 
17.23 0.393277 
17.24 0.393324 
17.25 0.393372 
17.26 0.393419 
17.27 0.393467 
17.28 0.393514 
17.29 0.393562 
17.3 0.393609 
17.31 0.393657 
17.32 0.393704 
17.33 0.393751 
17.34 0.393799 
17.35 0.393846 
17.36 0.393893 
17.37 0.39394 
17.38 0.393988 
17.39 0.394035 
17.4 0.394082 
17.41 0.394129 
17.42 0.394176 
17.43 0.394223 
17.44 0.39427 
17.45 0.394317 
17.46 0.394364 
17.47 0.394411 
17.48 0.394458 
17.49 0.394505 
17.5 0.394552 
17.51 0.394599 
17.52 0.394646 
17.53 0.394693 
17.54 0.394739 
17.55 0.394786 
17.56 0.394833 
17.57 0.39488 
17.58 0.394926 
17.59 0.394973 
17.6 0.39502 
17.61 0.395066 
17.62 0.395113 
17.63 0.395159 
17.64 0.395206 
17.65 0.395252 
17.66 0.395299 
17.67 0.395345 
17.68 0.395392 
17.69 0.395438 
17.7 0.395485 
17.71 0.395531 
17.72 0.395577 
17.73 0.395624 
17.74 0.39567 
17.75 0.395716 
17.76 0.395763 
17.77 0.395809 
17.78 0.395855 
17.79 0.395901 
17.8 0.395947 
17.81 0.395994 
17.82 0.39604 
17.83 0.396086 
17.84 0.396132 
17.85 0.396178 
17.86 0.396224 
17.87 0.39627 
17.88 0.396316 
17.89 0.396362 
17.9 0.396408 
17.91 0.396453 
17.92 0.396499 
17.93 0.396545 
17.94 0.396591 
17.95 0.396637 
17.96 0.396683 
17.97 0.396728 
17.98 0.396774 
17.99 0.39682 
18 0.396865 
18.01 0.396911 
18.02 0.396957 
18.03 0.397002 
18.04 0.397048 
18.05 0.397093 
18.06 0.397139 
18.07 0.397184 
18.08 0.39723 
18.09 0.397275 
18.1 0.397321 
18.11 0.397366 
18.12 0.397411 
18.13 0.397457 
18.14 0.397502 
18.15 0.397547 
18.16 0.397593 
18.17 0.397638 
18.18 0.397683 
18.19 0.397728 
18.2 0.397774 
18.21 0.397819 
18.22 0.397864 
18.23 0.397909 
18.24 0.397954 
18.25 0.397999 
18.26 0.398044 
18.27 0.398089 
18.28 0.398134 
18.29 0.398179 
18.3 0.398224 
18.31 0.398269 
18.32 0.398314 
18.33 0.398359 
18.34 0.398404 
18.35 0.398448 
18.36 0.398493 
18.37 0.398538 
18.38 0.398583 
18.39 0.398627 
18.4 0.398672 
18.41 0.398717 
18.42 0.398762 
18.43 0.398806 
18.44 0.398851 
18.45 0.398895 
18.46 0.39894 
18.47 0.398985 
18.48 0.399029 
18.49 0.399074 
18.5 0.399118 
18.51 0.399162 
18.52 0.399207 
18.53 0.399251 
18.54 0.399296 
18.55 0.39934 
18.56 0.399384 
18.57 0.399429 
18.58 0.399473 
18.59 0.399517 
18.6 0.399561 
18.61 0.399606 
18.62 0.39965 
18.63 0.399694 
18.64 0.399738 
18.65 0.399782 
18.66 0.399826 
18.67 0.39987 
18.68 0.399915 
18.69 0.399959 
18.7 0.400003 
18.71 0.400047 
18.72 0.400091 
18.73 0.400134 
18.74 0.400178 
18.75 0.400222 
18.76 0.400266 
18.77 0.40031 
18.78 0.400354 
18.79 0.400398 
18.8 0.400441 
18.81 0.400485 
18.82 0.400529 
18.83 0.400573 
18.84 0.400616 
18.85 0.40066 
18.86 0.400704 
18.87 0.400747 
18.88 0.400791 
18.89 0.400834 
18.9 0.400878 
18.91 0.400921 
18.92 0.400965 
18.93 0.401008 
18.94 0.401052 
18.95 0.401095 
18.96 0.401139 
18.97 0.401182 
18.98 0.401226 
18.99 0.401269 
19 0.401312 
19.01 0.401355 
19.02 0.401399 
19.03 0.401442 
19.04 0.401485 
19.05 0.401528 
19.06 0.401572 
19.07 0.401615 
19.08 0.401658 
19.09 0.401701 
19.1 0.401744 
19.11 0.401787 
19.12 0.40183 
19.13 0.401873 
19.14 0.401916 
19.15 0.401959 
19.16 0.402002 
19.17 0.402045 
19.18 0.402088 
19.19 0.402131 
19.2 0.402174 
19.21 0.402217 
19.22 0.40226 
19.23 0.402302 
19.24 0.402345 
19.25 0.402388 
19.26 0.402431 
19.27 0.402473 
19.28 0.402516 
19.29 0.402559 
19.3 0.402601 
19.31 0.402644 
19.32 0.402687 
19.33 0.402729 
19.34 0.402772 
19.35 0.402814 
19.36 0.402857 
19.37 0.402899 
19.38 0.402942 
19.39 0.402984 
19.4 0.403027 
19.41 0.403069 
19.42 0.403112 
19.43 0.403154 
19.44 0.403196 
19.45 0.403239 
19.46 0.403281 
19.47 0.403323 
19.48 0.403365 
19.49 0.403408 
19.5 0.40345 
19.51 0.403492 
19.52 0.403534 
19.53 0.403576 
19.54 0.403618 
19.55 0.403661 
19.56 0.403703 
19.57 0.403745 
19.58 0.403787 
19.59 0.403829 
19.6 0.403871 
19.61 0.403913 
19.62 0.403955 
19.63 0.403997 
19.64 0.404039 
19.65 0.40408 
19.66 0.404122 
19.67 0.404164 
19.68 0.404206 
19.69 0.404248 
19.7 0.40429 
19.71 0.404331 
19.72 0.404373 
19.73 0.404415 
19.74 0.404456 
19.75 0.404498 
19.76 0.40454 
19.77 0.404581 
19.78 0.404623 
19.79 0.404665 
19.8 0.404706 
19.81 0.404748 
19.82 0.404789 
19.83 0.404831 
19.84 0.404872 
19.85 0.404914 
19.86 0.404955 
19.87 0.404996 
19.88 0.405038 
19.89 0.405079 
19.9 0.405121 
19.91 0.405162 
19.92 0.405203 
19.93 0.405245 
19.94 0.405286 
19.95 0.405327 
19.96 0.405368 
19.97 0.405409 
19.98 0.405451 
19.99 0.405492 
20 0.405533 
20.01 0.405574 
20.02 0.405615 
20.03 0.405656 
20.04 0.405697 
20.05 0.405738 
20.06 0.405779 
20.07 0.40582 
20.08 0.405861 
20.09 0.405902 
20.1 0.405943 
20.11 0.405984 
20.12 0.406025 
20.13 0.406066 
20.14 0.406107 
20.15 0.406148 
20.16 0.406188 
20.17 0.406229 
20.18 0.40627 
20.19 0.406311 
20.2 0.406351 
20.21 0.406392 
20.22 0.406433 
20.23 0.406473 
20.24 0.406514 
20.25 0.406555 
20.26 0.406595 
20.27 0.406636 
20.28 0.406676 
20.29 0.406717 
20.3 0.406757 
20.31 0.406798 
20.32 0.406838 
20.33 0.406879 
20.34 0.406919 
20.35 0.40696 
20.36 0.407 
20.37 0.40704 
20.38 0.407081 
20.39 0.407121 
20.4 0.407161 
20.41 0.407202 
20.42 0.407242 
20.43 0.407282 
20.44 0.407322 
20.45 0.407363 
20.46 0.407403 
20.47 0.407443 
20.48 0.407483 
20.49 0.407523 
20.5 0.407563 
20.51 0.407603 
20.52 0.407643 
20.53 0.407683 
20.54 0.407724 
20.55 0.407764 
20.56 0.407803 
20.57 0.407843 
20.58 0.407883 
20.59 0.407923 
20.6 0.407963 
20.61 0.408003 
20.62 0.408043 
20.63 0.408083 
20.64 0.408123 
20.65 0.408162 
20.66 0.408202 
20.67 0.408242 
20.68 0.408282 
20.69 0.408321 
20.7 0.408361 
20.71 0.408401 
20.72 0.40844 
20.73 0.40848 
20.74 0.40852 
20.75 0.408559 
20.76 0.408599 
20.77 0.408638 
20.78 0.408678 
20.79 0.408717 
20.8 0.408757 
20.81 0.408796 
20.82 0.408836 
20.83 0.408875 
20.84 0.408915 
20.85 0.408954 
20.86 0.408993 
20.87 0.409033 
20.88 0.409072 
20.89 0.409111 
20.9 0.409151 
20.91 0.40919 
20.92 0.409229 
20.93 0.409269 
20.94 0.409308 
20.95 0.409347 
20.96 0.409386 
20.97 0.409425 
20.98 0.409464 
20.99 0.409504 
21 0.409543 
21.01 0.409582 
21.02 0.409621 
21.03 0.40966 
21.04 0.409699 
21.05 0.409738 
21.06 0.409777 
21.07 0.409816 
21.08 0.409855 
21.09 0.409894 
21.1 0.409933 
21.11 0.409971 
21.12 0.41001 
21.13 0.410049 
21.14 0.410088 
21.15 0.410127 
21.16 0.410166 
21.17 0.410204 
21.18 0.410243 
21.19 0.410282 
21.2 0.410321 
21.21 0.410359 
21.22 0.410398 
21.23 0.410437 
21.24 0.410475 
21.25 0.410514 
21.26 0.410552 
21.27 0.410591 
21.28 0.410629 
21.29 0.410668 
21.3 0.410707 
21.31 0.410745 
21.32 0.410783 
21.33 0.410822 
21.34 0.41086 
21.35 0.410899 
21.36 0.410937 
21.37 0.410976 
21.38 0.411014 
21.39 0.411052 
21.4 0.411091 
21.41 0.411129 
21.42 0.411167 
21.43 0.411205 
21.44 0.411244 
21.45 0.411282 
21.46 0.41132 
21.47 0.411358 
21.48 0.411396 
21.49 0.411435 
21.5 0.411473 
21.51 0.411511 
21.52 0.411549 
21.53 0.411587 
21.54 0.411625 
21.55 0.411663 
21.56 0.411701 
21.57 0.411739 
21.58 0.411777 
21.59 0.411815 
21.6 0.411853 
21.61 0.411891 
21.62 0.411929 
21.63 0.411967 
21.64 0.412005 
21.65 0.412042 
21.66 0.41208 
21.67 0.412118 
21.68 0.412156 
21.69 0.412194 
21.7 0.412231 
21.71 0.412269 
21.72 0.412307 
21.73 0.412344 
21.74 0.412382 
21.75 0.41242 
21.76 0.412457 
21.77 0.412495 
21.78 0.412533 
21.79 0.41257 
21.8 0.412608 
21.81 0.412645 
21.82 0.412683 
21.83 0.41272 
21.84 0.412758 
21.85 0.412795 
21.86 0.412833 
21.87 0.41287 
21.88 0.412908 
21.89 0.412945 
21.9 0.412982 
21.91 0.41302 
21.92 0.413057 
21.93 0.413094 
21.94 0.413132 
21.95 0.413169 
21.96 0.413206 
21.97 0.413243 
21.98 0.413281 
21.99 0.413318 
22 0.413355 
22.01 0.413392 
22.02 0.413429 
22.03 0.413467 
22.04 0.413504 
22.05 0.413541 
22.06 0.413578 
22.07 0.413615 
22.08 0.413652 
22.09 0.413689 
22.1 0.413726 
22.11 0.413763 
22.12 0.4138 
22.13 0.413837 
22.14 0.413874 
22.15 0.413911 
22.16 0.413948 
22.17 0.413984 
22.18 0.414021 
22.19 0.414058 
22.2 0.414095 
22.21 0.414132 
22.22 0.414169 
22.23 0.414205 
22.24 0.414242 
22.25 0.414279 
22.26 0.414316 
22.27 0.414352 
22.28 0.414389 
22.29 0.414426 
22.3 0.414462 
22.31 0.414499 
22.32 0.414535 
22.33 0.414572 
22.34 0.414609 
22.35 0.414645 
22.36 0.414682 
22.37 0.414718 
22.38 0.414755 
22.39 0.414791 
22.4 0.414828 
22.41 0.414864 
22.42 0.414901 
22.43 0.414937 
22.44 0.414973 
22.45 0.41501 
22.46 0.415046 
22.47 0.415082 
22.48 0.415119 
22.49 0.415155 
22.5 0.415191 
22.51 0.415228 
22.52 0.415264 
22.53 0.4153 
22.54 0.415336 
22.55 0.415372 
22.56 0.415409 
22.57 0.415445 
22.58 0.415481 
22.59 0.415517 
22.6 0.415553 
22.61 0.415589 
22.62 0.415625 
22.63 0.415661 
22.64 0.415697 
22.65 0.415733 
22.66 0.415769 
22.67 0.415805 
22.68 0.415841 
22.69 0.415877 
22.7 0.415913 
22.71 0.415949 
22.72 0.415985 
22.73 0.416021 
22.74 0.416057 
22.75 0.416093 
22.76 0.416128 
22.77 0.416164 
22.78 0.4162 
22.79 0.416236 
22.8 0.416271 
22.81 0.416307 
22.82 0.416343 
22.83 0.416379 
22.84 0.416414 
22.85 0.41645 
22.86 0.416486 
22.87 0.416521 
22.88 0.416557 
22.89 0.416592 
22.9 0.416628 
22.91 0.416664 
22.92 0.416699 
22.93 0.416735 
22.94 0.41677 
22.95 0.416806 
22.96 0.416841 
22.97 0.416877 
22.98 0.416912 
22.99 0.416947 
23 0.416983 
23.01 0.417018 
23.02 0.417054 
23.03 0.417089 
23.04 0.417124 
23.05 0.41716 
23.06 0.417195 
23.07 0.41723 
23.08 0.417265 
23.09 0.417301 
23.1 0.417336 
23.11 0.417371 
23.12 0.417406 
23.13 0.417441 
23.14 0.417477 
23.15 0.417512 
23.16 0.417547 
23.17 0.417582 
23.18 0.417617 
23.19 0.417652 
23.2 0.417687 
23.21 0.417722 
23.22 0.417757 
23.23 0.417792 
23.24 0.417827 
23.25 0.417862 
23.26 0.417897 
23.27 0.417932 
23.28 0.417967 
23.29 0.418002 
23.3 0.418037 
23.31 0.418072 
23.32 0.418107 
23.33 0.418141 
23.34 0.418176 
23.35 0.418211 
23.36 0.418246 
23.37 0.418281 
23.38 0.418315 
23.39 0.41835 
23.4 0.418385 
23.41 0.418419 
23.42 0.418454 
23.43 0.418489 
23.44 0.418523 
23.45 0.418558 
23.46 0.418593 
23.47 0.418627 
23.48 0.418662 
23.49 0.418696 
23.5 0.418731 
23.51 0.418766 
23.52 0.4188 
23.53 0.418835 
23.54 0.418869 
23.55 0.418904 
23.56 0.418938 
23.57 0.418972 
23.58 0.419007 
23.59 0.419041 
23.6 0.419076 
23.61 0.41911 
23.62 0.419144 
23.63 0.419179 
23.64 0.419213 
23.65 0.419247 
23.66 0.419282 
23.67 0.419316 
23.68 0.41935 
23.69 0.419384 
23.7 0.419419 
23.71 0.419453 
23.72 0.419487 
23.73 0.419521 
23.74 0.419555 
23.75 0.419589 
23.76 0.419623 
23.77 0.419658 
23.78 0.419692 
23.79 0.419726 
23.8 0.41976 
23.81 0.419794 
23.82 0.419828 
23.83 0.419862 
23.84 0.419896 
23.85 0.41993 
23.86 0.419964 
23.87 0.419998 
23.88 0.420032 
23.89 0.420065 
23.9 0.420099 
23.91 0.420133 
23.92 0.420167 
23.93 0.420201 
23.94 0.420235 
23.95 0.420269 
23.96 0.420302 
23.97 0.420336 
23.98 0.42037 
23.99 0.420404 
24 0.420437 
24.01 0.420471 
24.02 0.420505 
24.03 0.420538 
24.04 0.420572 
24.05 0.420606 
24.06 0.420639 
24.07 0.420673 
24.08 0.420707 
24.09 0.42074 
24.1 0.420774 
24.11 0.420807 
24.12 0.420841 
24.13 0.420874 
24.14 0.420908 
24.15 0.420941 
24.16 0.420975 
24.17 0.421008 
24.18 0.421042 
24.19 0.421075 
24.2 0.421108 
24.21 0.421142 
24.22 0.421175 
24.23 0.421209 
24.24 0.421242 
24.25 0.421275 
24.26 0.421309 
24.27 0.421342 
24.28 0.421375 
24.29 0.421408 
24.3 0.421442 
24.31 0.421475 
24.32 0.421508 
24.33 0.421541 
24.34 0.421574 
24.35 0.421608 
24.36 0.421641 
24.37 0.421674 
24.38 0.421707 
24.39 0.42174 
24.4 0.421773 
24.41 0.421806 
24.42 0.421839 
24.43 0.421872 
24.44 0.421905 
24.45 0.421938 
24.46 0.421971 
24.47 0.422004 
24.48 0.422037 
24.49 0.42207 
24.5 0.422103 
24.51 0.422136 
24.52 0.422169 
24.53 0.422202 
24.54 0.422235 
24.55 0.422267 
24.56 0.4223 
24.57 0.422333 
24.58 0.422366 
24.59 0.422399 
24.6 0.422431 
24.61 0.422464 
24.62 0.422497 
24.63 0.42253 
24.64 0.422562 
24.65 0.422595 
24.66 0.422628 
24.67 0.42266 
24.68 0.422693 
24.69 0.422726 
24.7 0.422758 
24.71 0.422791 
24.72 0.422823 
24.73 0.422856 
24.74 0.422889 
24.75 0.422921 
24.76 0.422954 
24.77 0.422986 
24.78 0.423019 
24.79 0.423051 
24.8 0.423083 
24.81 0.423116 
24.82 0.423148 
24.83 0.423181 
24.84 0.423213 
24.85 0.423246 
24.86 0.423278 
24.87 0.42331 
24.88 0.423343 
24.89 0.423375 
24.9 0.423407 
24.91 0.423439 
24.92 0.423472 
24.93 0.423504 
24.94 0.423536 
24.95 0.423568 
24.96 0.423601 
24.97 0.423633 
24.98 0.423665 
24.99 0.423697 
25 0.423729 
25.01 0.423761 
25.02 0.423794 
25.03 0.423826 
25.04 0.423858 
25.05 0.42389 
25.06 0.423922 
25.07 0.423954 
25.08 0.423986 
25.09 0.424018 
25.1 0.42405 
25.11 0.424082 
25.12 0.424114 
25.13 0.424146 
25.14 0.424178 
25.15 0.42421 
25.16 0.424242 
25.17 0.424274 
25.18 0.424305 
25.19 0.424337 
25.2 0.424369 
25.21 0.424401 
25.22 0.424433 
25.23 0.424465 
25.24 0.424496 
25.25 0.424528 
25.26 0.42456 
25.27 0.424592 
25.28 0.424623 
25.29 0.424655 
25.3 0.424687 
25.31 0.424718 
25.32 0.42475 
25.33 0.424782 
25.34 0.424813 
25.35 0.424845 
25.36 0.424877 
25.37 0.424908 
25.38 0.42494 
25.39 0.424971 
25.4 0.425003 
25.41 0.425034 
25.42 0.425066 
25.43 0.425097 
25.44 0.425129 
25.45 0.42516 
25.46 0.425192 
25.47 0.425223 
25.48 0.425255 
25.49 0.425286 
25.5 0.425317 
25.51 0.425349 
25.52 0.42538 
25.53 0.425412 
25.54 0.425443 
25.55 0.425474 
25.56 0.425505 
25.57 0.425537 
25.58 0.425568 
25.59 0.425599 
25.6 0.425631 
25.61 0.425662 
25.62 0.425693 
25.63 0.425724 
25.64 0.425755 
25.65 0.425787 
25.66 0.425818 
25.67 0.425849 
25.68 0.42588 
25.69 0.425911 
25.7 0.425942 
25.71 0.425973 
25.72 0.426004 
25.73 0.426035 
25.74 0.426066 
25.75 0.426098 
25.76 0.426129 
25.77 0.42616 
25.78 0.42619 
25.79 0.426221 
25.8 0.426252 
25.81 0.426283 
25.82 0.426314 
25.83 0.426345 
25.84 0.426376 
25.85 0.426407 
25.86 0.426438 
25.87 0.426469 
25.88 0.4265 
25.89 0.42653 
25.9 0.426561 
25.91 0.426592 
25.92 0.426623 
25.93 0.426653 
25.94 0.426684 
25.95 0.426715 
25.96 0.426746 
25.97 0.426776 
25.98 0.426807 
25.99 0.426838 
26 0.426868 
26.01 0.426899 
26.02 0.42693 
26.03 0.42696 
26.04 0.426991 
26.05 0.427022 
26.06 0.427052 
26.07 0.427083 
26.08 0.427113 
26.09 0.427144 
26.1 0.427174 
26.11 0.427205 
26.12 0.427235 
26.13 0.427266 
26.14 0.427296 
26.15 0.427327 
26.16 0.427357 
26.17 0.427388 
26.18 0.427418 
26.19 0.427448 
26.2 0.427479 
26.21 0.427509 
26.22 0.427539 
26.23 0.42757 
26.24 0.4276 
26.25 0.42763 
26.26 0.427661 
26.27 0.427691 
26.28 0.427721 
26.29 0.427751 
26.3 0.427782 
26.31 0.427812 
26.32 0.427842 
26.33 0.427872 
26.34 0.427902 
26.35 0.427933 
26.36 0.427963 
26.37 0.427993 
26.38 0.428023 
26.39 0.428053 
26.4 0.428083 
26.41 0.428113 
26.42 0.428143 
26.43 0.428173 
26.44 0.428203 
26.45 0.428234 
26.46 0.428264 
26.47 0.428294 
26.48 0.428324 
26.49 0.428353 
26.5 0.428383 
26.51 0.428413 
26.52 0.428443 
26.53 0.428473 
26.54 0.428503 
26.55 0.428533 
26.56 0.428563 
26.57 0.428593 
26.58 0.428623 
26.59 0.428652 
26.6 0.428682 
26.61 0.428712 
26.62 0.428742 
26.63 0.428772 
26.64 0.428801 
26.65 0.428831 
26.66 0.428861 
26.67 0.42889 
26.68 0.42892 
26.69 0.42895 
26.7 0.42898 
26.71 0.429009 
26.72 0.429039 
26.73 0.429069 
26.74 0.429098 
26.75 0.429128 
26.76 0.429157 
26.77 0.429187 
26.78 0.429217 
26.79 0.429246 
26.8 0.429276 
26.81 0.429305 
26.82 0.429335 
26.83 0.429364 
26.84 0.429394 
26.85 0.429423 
26.86 0.429453 
26.87 0.429482 
26.88 0.429511 
26.89 0.429541 
26.9 0.42957 
26.91 0.4296 
26.92 0.429629 
26.93 0.429658 
26.94 0.429688 
26.95 0.429717 
26.96 0.429746 
26.97 0.429776 
26.98 0.429805 
26.99 0.429834 
27 0.429863 
27.01 0.429893 
27.02 0.429922 
27.03 0.429951 
27.04 0.42998 
27.05 0.43001 
27.06 0.430039 
27.07 0.430068 
27.08 0.430097 
27.09 0.430126 
27.1 0.430155 
27.11 0.430185 
27.12 0.430214 
27.13 0.430243 
27.14 0.430272 
27.15 0.430301 
27.16 0.43033 
27.17 0.430359 
27.18 0.430388 
27.19 0.430417 
27.2 0.430446 
27.21 0.430475 
27.22 0.430504 
27.23 0.430533 
27.24 0.430562 
27.25 0.430591 
27.26 0.43062 
27.27 0.430649 
27.28 0.430677 
27.29 0.430706 
27.3 0.430735 
27.31 0.430764 
27.32 0.430793 
27.33 0.430822 
27.34 0.43085 
27.35 0.430879 
27.36 0.430908 
27.37 0.430937 
27.38 0.430966 
27.39 0.430994 
27.4 0.431023 
27.41 0.431052 
27.42 0.43108 
27.43 0.431109 
27.44 0.431138 
27.45 0.431166 
27.46 0.431195 
27.47 0.431224 
27.48 0.431252 
27.49 0.431281 
27.5 0.43131 
27.51 0.431338 
27.52 0.431367 
27.53 0.431395 
27.54 0.431424 
27.55 0.431452 
27.56 0.431481 
27.57 0.431509 
27.58 0.431538 
27.59 0.431566 
27.6 0.431595 
27.61 0.431623 
27.62 0.431652 
27.63 0.43168 
27.64 0.431709 
27.65 0.431737 
27.66 0.431765 
27.67 0.431794 
27.68 0.431822 
27.69 0.43185 
27.7 0.431879 
27.71 0.431907 
27.72 0.431935 
27.73 0.431964 
27.74 0.431992 
27.75 0.43202 
27.76 0.432048 
27.77 0.432077 
27.78 0.432105 
27.79 0.432133 
27.8 0.432161 
27.81 0.43219 
27.82 0.432218 
27.83 0.432246 
27.84 0.432274 
27.85 0.432302 
27.86 0.43233 
27.87 0.432358 
27.88 0.432387 
27.89 0.432415 
27.9 0.432443 
27.91 0.432471 
27.92 0.432499 
27.93 0.432527 
27.94 0.432555 
27.95 0.432583 
27.96 0.432611 
27.97 0.432639 
27.98 0.432667 
27.99 0.432695 
28 0.432723 
28.01 0.432751 
28.02 0.432779 
28.03 0.432806 
28.04 0.432834 
28.05 0.432862 
28.06 0.43289 
28.07 0.432918 
28.08 0.432946 
28.09 0.432974 
28.1 0.433001 
28.11 0.433029 
28.12 0.433057 
28.13 0.433085 
28.14 0.433113 
28.15 0.43314 
28.16 0.433168 
28.17 0.433196 
28.18 0.433224 
28.19 0.433251 
28.2 0.433279 
28.21 0.433307 
28.22 0.433334 
28.23 0.433362 
28.24 0.43339 
28.25 0.433417 
28.26 0.433445 
28.27 0.433472 
28.28 0.4335 
28.29 0.433528 
28.3 0.433555 
28.31 0.433583 
28.32 0.43361 
28.33 0.433638 
28.34 0.433665 
28.35 0.433693 
28.36 0.43372 
28.37 0.433748 
28.38 0.433775 
28.39 0.433803 
28.4 0.43383 
28.41 0.433858 
28.42 0.433885 
28.43 0.433912 
28.44 0.43394 
28.45 0.433967 
28.46 0.433994 
28.47 0.434022 
28.48 0.434049 
28.49 0.434076 
28.5 0.434104 
28.51 0.434131 
28.52 0.434158 
28.53 0.434186 
28.54 0.434213 
28.55 0.43424 
28.56 0.434267 
28.57 0.434295 
28.58 0.434322 
28.59 0.434349 
28.6 0.434376 
28.61 0.434403 
28.62 0.434431 
28.63 0.434458 
28.64 0.434485 
28.65 0.434512 
28.66 0.434539 
28.67 0.434566 
28.68 0.434593 
28.69 0.43462 
28.7 0.434647 
28.71 0.434675 
28.72 0.434702 
28.73 0.434729 
28.74 0.434756 
28.75 0.434783 
28.76 0.43481 
28.77 0.434837 
28.78 0.434864 
28.79 0.43489 
28.8 0.434917 
28.81 0.434944 
28.82 0.434971 
28.83 0.434998 
28.84 0.435025 
28.85 0.435052 
28.86 0.435079 
28.87 0.435106 
28.88 0.435133 
28.89 0.435159 
28.9 0.435186 
28.91 0.435213 
28.92 0.43524 
28.93 0.435267 
28.94 0.435293 
28.95 0.43532 
28.96 0.435347 
28.97 0.435374 
28.98 0.4354 
28.99 0.435427 
29 0.435454 
29.01 0.43548 
29.02 0.435507 
29.03 0.435534 
29.04 0.43556 
29.05 0.435587 
29.06 0.435614 
29.07 0.43564 
29.08 0.435667 
29.09 0.435693 
29.1 0.43572 
29.11 0.435747 
29.12 0.435773 
29.13 0.4358 
29.14 0.435826 
29.15 0.435853 
29.16 0.435879 
29.17 0.435906 
29.18 0.435932 
29.19 0.435959 
29.2 0.435985 
29.21 0.436012 
29.22 0.436038 
29.23 0.436064 
29.24 0.436091 
29.25 0.436117 
29.26 0.436144 
29.27 0.43617 
29.28 0.436196 
29.29 0.436223 
29.3 0.436249 
29.31 0.436275 
29.32 0.436302 
29.33 0.436328 
29.34 0.436354 
29.35 0.436381 
29.36 0.436407 
29.37 0.436433 
29.38 0.436459 
29.39 0.436485 
29.4 0.436512 
29.41 0.436538 
29.42 0.436564 
29.43 0.43659 
29.44 0.436616 
29.45 0.436643 
29.46 0.436669 
29.47 0.436695 
29.48 0.436721 
29.49 0.436747 
29.5 0.436773 
29.51 0.436799 
29.52 0.436825 
29.53 0.436852 
29.54 0.436878 
29.55 0.436904 
29.56 0.43693 
29.57 0.436956 
29.58 0.436982 
29.59 0.437008 
29.6 0.437034 
29.61 0.43706 
29.62 0.437086 
29.63 0.437112 
29.64 0.437137 
29.65 0.437163 
29.66 0.437189 
29.67 0.437215 
29.68 0.437241 
29.69 0.437267 
29.7 0.437293 
29.71 0.437319 
29.72 0.437345 
29.73 0.43737 
29.74 0.437396 
29.75 0.437422 
29.76 0.437448 
29.77 0.437474 
29.78 0.437499 
29.79 0.437525 
29.8 0.437551 
29.81 0.437577 
29.82 0.437602 
29.83 0.437628 
29.84 0.437654 
29.85 0.437679 
29.86 0.437705 
29.87 0.437731 
29.88 0.437756 
29.89 0.437782 
29.9 0.437808 
29.91 0.437833 
29.92 0.437859 
29.93 0.437885 
29.94 0.43791 
29.95 0.437936 
29.96 0.437961 
29.97 0.437987 
29.98 0.438012 
29.99 0.438038 
30 0.438063 
30.01 0.438089 
30.02 0.438114 
30.03 0.43814 
30.04 0.438165 
30.05 0.438191 
30.06 0.438216 
30.07 0.438242 
30.08 0.438267 
30.09 0.438293 
30.1 0.438318 
30.11 0.438343 
30.12 0.438369 
30.13 0.438394 
30.14 0.43842 
30.15 0.438445 
30.16 0.43847 
30.17 0.438496 
30.18 0.438521 
30.19 0.438546 
30.2 0.438571 
30.21 0.438597 
30.22 0.438622 
30.23 0.438647 
30.24 0.438673 
30.25 0.438698 
30.26 0.438723 
30.27 0.438748 
30.28 0.438773 
30.29 0.438799 
30.3 0.438824 
30.31 0.438849 
30.32 0.438874 
30.33 0.438899 
30.34 0.438924 
30.35 0.438949 
30.36 0.438975 
30.37 0.439 
30.38 0.439025 
30.39 0.43905 
30.4 0.439075 
30.41 0.4391 
30.42 0.439125 
30.43 0.43915 
30.44 0.439175 
30.45 0.4392 
30.46 0.439225 
30.47 0.43925 
30.48 0.439275 
30.49 0.4393 
30.5 0.439325 
30.51 0.43935 
30.52 0.439375 
30.53 0.4394 
30.54 0.439425 
30.55 0.43945 
30.56 0.439474 
30.57 0.439499 
30.58 0.439524 
30.59 0.439549 
30.6 0.439574 
30.61 0.439599 
30.62 0.439624 
30.63 0.439648 
30.64 0.439673 
30.65 0.439698 
30.66 0.439723 
30.67 0.439747 
30.68 0.439772 
30.69 0.439797 
30.7 0.439822 
30.71 0.439846 
30.72 0.439871 
30.73 0.439896 
30.74 0.439921 
30.75 0.439945 
30.76 0.43997 
30.77 0.439995 
30.78 0.440019 
30.79 0.440044 
30.8 0.440068 
30.81 0.440093 
30.82 0.440118 
30.83 0.440142 
30.84 0.440167 
30.85 0.440191 
30.86 0.440216 
30.87 0.44024 
30.88 0.440265 
30.89 0.44029 
30.9 0.440314 
30.91 0.440339 
30.92 0.440363 
30.93 0.440388 
30.94 0.440412 
30.95 0.440436 
30.96 0.440461 
30.97 0.440485 
30.98 0.44051 
30.99 0.440534 
31 0.440559 
31.01 0.440583 
31.02 0.440607 
31.03 0.440632 
31.04 0.440656 
31.05 0.44068 
31.06 0.440705 
31.07 0.440729 
31.08 0.440753 
31.09 0.440778 
31.1 0.440802 
31.11 0.440826 
31.12 0.440851 
31.13 0.440875 
31.14 0.440899 
31.15 0.440923 
31.16 0.440948 
31.17 0.440972 
31.18 0.440996 
31.19 0.44102 
31.2 0.441044 
31.21 0.441069 
31.22 0.441093 
31.23 0.441117 
31.24 0.441141 
31.25 0.441165 
31.26 0.441189 
31.27 0.441213 
31.28 0.441237 
31.29 0.441262 
31.3 0.441286 
31.31 0.44131 
31.32 0.441334 
31.33 0.441358 
31.34 0.441382 
31.35 0.441406 
31.36 0.44143 
31.37 0.441454 
31.38 0.441478 
31.39 0.441502 
31.4 0.441526 
31.41 0.44155 
31.42 0.441574 
31.43 0.441598 
31.44 0.441622 
31.45 0.441646 
31.46 0.441669 
31.47 0.441693 
31.48 0.441717 
31.49 0.441741 
31.5 0.441765 
31.51 0.441789 
31.52 0.441813 
31.53 0.441837 
31.54 0.44186 
31.55 0.441884 
31.56 0.441908 
31.57 0.441932 
31.58 0.441956 
31.59 0.441979 
31.6 0.442003 
31.61 0.442027 
31.62 0.442051 
31.63 0.442074 
31.64 0.442098 
31.65 0.442122 
31.66 0.442145 
31.67 0.442169 
31.68 0.442193 
31.69 0.442217 
31.7 0.44224 
31.71 0.442264 
31.72 0.442287 
31.73 0.442311 
31.74 0.442335 
31.75 0.442358 
31.76 0.442382 
31.77 0.442405 
31.78 0.442429 
31.79 0.442453 
31.8 0.442476 
31.81 0.4425 
31.82 0.442523 
31.83 0.442547 
31.84 0.44257 
31.85 0.442594 
31.86 0.442617 
31.87 0.442641 
31.88 0.442664 
31.89 0.442688 
31.9 0.442711 
31.91 0.442735 
31.92 0.442758 
31.93 0.442781 
31.94 0.442805 
31.95 0.442828 
31.96 0.442852 
31.97 0.442875 
31.98 0.442898 
31.99 0.442922 
32 0.442945 
32.01 0.442968 
32.02 0.442992 
32.03 0.443015 
32.04 0.443038 
32.05 0.443062 
32.06 0.443085 
32.07 0.443108 
32.08 0.443131 
32.09 0.443155 
32.1 0.443178 
32.11 0.443201 
32.12 0.443224 
32.13 0.443248 
32.14 0.443271 
32.15 0.443294 
32.16 0.443317 
32.17 0.44334 
32.18 0.443364 
32.19 0.443387 
32.2 0.44341 
32.21 0.443433 
32.22 0.443456 
32.23 0.443479 
32.24 0.443502 
32.25 0.443525 
32.26 0.443549 
32.27 0.443572 
32.28 0.443595 
32.29 0.443618 
32.3 0.443641 
32.31 0.443664 
32.32 0.443687 
32.33 0.44371 
32.34 0.443733 
32.35 0.443756 
32.36 0.443779 
32.37 0.443802 
32.38 0.443825 
32.39 0.443848 
32.4 0.443871 
32.41 0.443893 
32.42 0.443916 
32.43 0.443939 
32.44 0.443962 
32.45 0.443985 
32.46 0.444008 
32.47 0.444031 
32.48 0.444054 
32.49 0.444077 
32.5 0.444099 
32.51 0.444122 
32.52 0.444145 
32.53 0.444168 
32.54 0.444191 
32.55 0.444213 
32.56 0.444236 
32.57 0.444259 
32.58 0.444282 
32.59 0.444304 
32.6 0.444327 
32.61 0.44435 
32.62 0.444373 
32.63 0.444395 
32.64 0.444418 
32.65 0.444441 
32.66 0.444463 
32.67 0.444486 
32.68 0.444509 
32.69 0.444531 
32.7 0.444554 
32.71 0.444577 
32.72 0.444599 
32.73 0.444622 
32.74 0.444645 
32.75 0.444667 
32.76 0.44469 
32.77 0.444712 
32.78 0.444735 
32.79 0.444757 
32.8 0.44478 
32.81 0.444802 
32.82 0.444825 
32.83 0.444847 
32.84 0.44487 
32.85 0.444892 
32.86 0.444915 
32.87 0.444937 
32.88 0.44496 
32.89 0.444982 
32.9 0.445005 
32.91 0.445027 
32.92 0.44505 
32.93 0.445072 
32.94 0.445094 
32.95 0.445117 
32.96 0.445139 
32.97 0.445162 
32.98 0.445184 
32.99 0.445206 
33 0.445229 
33.01 0.445251 
33.02 0.445273 
33.03 0.445296 
33.04 0.445318 
33.05 0.44534 
33.06 0.445362 
33.07 0.445385 
33.08 0.445407 
33.09 0.445429 
33.1 0.445451 
33.11 0.445474 
33.12 0.445496 
33.13 0.445518 
33.14 0.44554 
33.15 0.445563 
33.16 0.445585 
33.17 0.445607 
33.18 0.445629 
33.19 0.445651 
33.2 0.445673 
33.21 0.445696 
33.22 0.445718 
33.23 0.44574 
33.24 0.445762 
33.25 0.445784 
33.26 0.445806 
33.27 0.445828 
33.28 0.44585 
33.29 0.445872 
33.3 0.445894 
33.31 0.445916 
33.32 0.445938 
33.33 0.44596 
33.34 0.445982 
33.35 0.446004 
33.36 0.446026 
33.37 0.446048 
33.38 0.44607 
33.39 0.446092 
33.4 0.446114 
33.41 0.446136 
33.42 0.446158 
33.43 0.44618 
33.44 0.446202 
33.45 0.446224 
33.46 0.446246 
33.47 0.446268 
33.48 0.44629 
33.49 0.446311 
33.5 0.446333 
33.51 0.446355 
33.52 0.446377 
33.53 0.446399 
33.54 0.446421 
33.55 0.446443 
33.56 0.446464 
33.57 0.446486 
33.58 0.446508 
33.59 0.44653 
33.6 0.446551 
33.61 0.446573 
33.62 0.446595 
33.63 0.446617 
33.64 0.446638 
33.65 0.44666 
33.66 0.446682 
33.67 0.446704 
33.68 0.446725 
33.69 0.446747 
33.7 0.446769 
33.71 0.44679 
33.72 0.446812 
33.73 0.446834 
33.74 0.446855 
33.75 0.446877 
33.76 0.446898 
33.77 0.44692 
33.78 0.446942 
33.79 0.446963 
33.8 0.446985 
33.81 0.447006 
33.82 0.447028 
33.83 0.447049 
33.84 0.447071 
33.85 0.447093 
33.86 0.447114 
33.87 0.447136 
33.88 0.447157 
33.89 0.447179 
33.9 0.4472 
33.91 0.447221 
33.92 0.447243 
33.93 0.447264 
33.94 0.447286 
33.95 0.447307 
33.96 0.447329 
33.97 0.44735 
33.98 0.447372 
33.99 0.447393 
34 0.447414 
34.01 0.447436 
34.02 0.447457 
34.03 0.447478 
34.04 0.4475 
34.05 0.447521 
34.06 0.447542 
34.07 0.447564 
34.08 0.447585 
34.09 0.447606 
34.1 0.447628 
34.11 0.447649 
34.12 0.44767 
34.13 0.447692 
34.14 0.447713 
34.15 0.447734 
34.16 0.447755 
34.17 0.447777 
34.18 0.447798 
34.19 0.447819 
34.2 0.44784 
34.21 0.447861 
34.22 0.447883 
34.23 0.447904 
34.24 0.447925 
34.25 0.447946 
34.26 0.447967 
34.27 0.447988 
34.28 0.448009 
34.29 0.448031 
34.3 0.448052 
34.31 0.448073 
34.32 0.448094 
34.33 0.448115 
34.34 0.448136 
34.35 0.448157 
34.36 0.448178 
34.37 0.448199 
34.38 0.44822 
34.39 0.448241 
34.4 0.448262 
34.41 0.448283 
34.42 0.448304 
34.43 0.448325 
34.44 0.448346 
34.45 0.448367 
34.46 0.448388 
34.47 0.448409 
34.48 0.44843 
34.49 0.448451 
34.5 0.448472 
34.51 0.448493 
34.52 0.448514 
34.53 0.448535 
34.54 0.448556 
34.55 0.448577 
34.56 0.448597 
34.57 0.448618 
34.58 0.448639 
34.59 0.44866 
34.6 0.448681 
34.61 0.448702 
34.62 0.448722 
34.63 0.448743 
34.64 0.448764 
34.65 0.448785 
34.66 0.448806 
34.67 0.448826 
34.68 0.448847 
34.69 0.448868 
34.7 0.448889 
34.71 0.448909 
34.72 0.44893 
34.73 0.448951 
34.74 0.448972 
34.75 0.448992 
34.76 0.449013 
34.77 0.449034 
34.78 0.449054 
34.79 0.449075 
34.8 0.449096 
34.81 0.449116 
34.82 0.449137 
34.83 0.449158 
34.84 0.449178 
34.85 0.449199 
34.86 0.449219 
34.87 0.44924 
34.88 0.449261 
34.89 0.449281 
34.9 0.449302 
34.91 0.449322 
34.92 0.449343 
34.93 0.449363 
34.94 0.449384 
34.95 0.449405 
34.96 0.449425 
34.97 0.449446 
34.98 0.449466 
34.99 0.449487 
35 0.449507 
35.01 0.449528 
35.02 0.449548 
35.03 0.449568 
35.04 0.449589 
35.05 0.449609 
35.06 0.44963 
35.07 0.44965 
35.08 0.449671 
35.09 0.449691 
35.1 0.449711 
35.11 0.449732 
35.12 0.449752 
35.13 0.449773 
35.14 0.449793 
35.15 0.449813 
35.16 0.449834 
35.17 0.449854 
35.18 0.449874 
35.19 0.449895 
35.2 0.449915 
35.21 0.449935 
35.22 0.449955 
35.23 0.449976 
35.24 0.449996 
35.25 0.450016 
35.26 0.450037 
35.27 0.450057 
35.28 0.450077 
35.29 0.450097 
35.3 0.450117 
35.31 0.450138 
35.32 0.450158 
35.33 0.450178 
35.34 0.450198 
35.35 0.450218 
35.36 0.450239 
35.37 0.450259 
35.38 0.450279 
35.39 0.450299 
35.4 0.450319 
35.41 0.450339 
35.42 0.450359 
35.43 0.45038 
35.44 0.4504 
35.45 0.45042 
35.46 0.45044 
35.47 0.45046 
35.48 0.45048 
35.49 0.4505 
35.5 0.45052 
35.51 0.45054 
35.52 0.45056 
35.53 0.45058 
35.54 0.4506 
35.55 0.45062 
35.56 0.45064 
35.57 0.45066 
35.58 0.45068 
35.59 0.4507 
35.6 0.45072 
35.61 0.45074 
35.62 0.45076 
35.63 0.45078 
35.64 0.4508 
35.65 0.45082 
35.66 0.45084 
35.67 0.45086 
35.68 0.450879 
35.69 0.450899 
35.7 0.450919 
35.71 0.450939 
35.72 0.450959 
35.73 0.450979 
35.74 0.450999 
35.75 0.451018 
35.76 0.451038 
35.77 0.451058 
35.78 0.451078 
35.79 0.451098 
35.8 0.451117 
35.81 0.451137 
35.82 0.451157 
35.83 0.451177 
35.84 0.451197 
35.85 0.451216 
35.86 0.451236 
35.87 0.451256 
35.88 0.451276 
35.89 0.451295 
35.9 0.451315 
35.91 0.451335 
35.92 0.451354 
35.93 0.451374 
35.94 0.451394 
35.95 0.451413 
35.96 0.451433 
35.97 0.451453 
35.98 0.451472 
35.99 0.451492 
36 0.451512 
36.01 0.451531 
36.02 0.451551 
36.03 0.45157 
36.04 0.45159 
36.05 0.45161 
36.06 0.451629 
36.07 0.451649 
36.08 0.451668 
36.09 0.451688 
36.1 0.451707 
36.11 0.451727 
36.12 0.451746 
36.13 0.451766 
36.14 0.451785 
36.15 0.451805 
36.16 0.451824 
36.17 0.451844 
36.18 0.451863 
36.19 0.451883 
36.2 0.451902 
36.21 0.451922 
36.22 0.451941 
36.23 0.451961 
36.24 0.45198 
36.25 0.451999 
36.26 0.452019 
36.27 0.452038 
36.28 0.452058 
36.29 0.452077 
36.3 0.452096 
36.31 0.452116 
36.32 0.452135 
36.33 0.452154 
36.34 0.452174 
36.35 0.452193 
36.36 0.452212 
36.37 0.452232 
36.38 0.452251 
36.39 0.45227 
36.4 0.45229 
36.41 0.452309 
36.42 0.452328 
36.43 0.452347 
36.44 0.452367 
36.45 0.452386 
36.46 0.452405 
36.47 0.452424 
36.48 0.452444 
36.49 0.452463 
36.5 0.452482 
36.51 0.452501 
36.52 0.45252 
36.53 0.45254 
36.54 0.452559 
36.55 0.452578 
36.56 0.452597 
36.57 0.452616 
36.58 0.452635 
36.59 0.452655 
36.6 0.452674 
36.61 0.452693 
36.62 0.452712 
36.63 0.452731 
36.64 0.45275 
36.65 0.452769 
36.66 0.452788 
36.67 0.452807 
36.68 0.452826 
36.69 0.452845 
36.7 0.452864 
36.71 0.452883 
36.72 0.452903 
36.73 0.452922 
36.74 0.452941 
36.75 0.45296 
36.76 0.452979 
36.77 0.452998 
36.78 0.453017 
36.79 0.453035 
36.8 0.453054 
36.81 0.453073 
36.82 0.453092 
36.83 0.453111 
36.84 0.45313 
36.85 0.453149 
36.86 0.453168 
36.87 0.453187 
36.88 0.453206 
36.89 0.453225 
36.9 0.453244 
36.91 0.453263 
36.92 0.453281 
36.93 0.4533 
36.94 0.453319 
36.95 0.453338 
36.96 0.453357 
36.97 0.453376 
36.98 0.453394 
36.99 0.453413 
37 0.453432 
37.01 0.453451 
37.02 0.45347 
37.03 0.453488 
37.04 0.453507 
37.05 0.453526 
37.06 0.453545 
37.07 0.453563 
37.08 0.453582 
37.09 0.453601 
37.1 0.45362 
37.11 0.453638 
37.12 0.453657 
37.13 0.453676 
37.14 0.453694 
37.15 0.453713 
37.16 0.453732 
37.17 0.45375 
37.18 0.453769 
37.19 0.453788 
37.2 0.453806 
37.21 0.453825 
37.22 0.453844 
37.23 0.453862 
37.24 0.453881 
37.25 0.453899 
37.26 0.453918 
37.27 0.453937 
37.28 0.453955 
37.29 0.453974 
37.3 0.453992 
37.31 0.454011 
37.32 0.454029 
37.33 0.454048 
37.34 0.454067 
37.35 0.454085 
37.36 0.454104 
37.37 0.454122 
37.38 0.454141 
37.39 0.454159 
37.4 0.454178 
37.41 0.454196 
37.42 0.454215 
37.43 0.454233 
37.44 0.454251 
37.45 0.45427 
37.46 0.454288 
37.47 0.454307 
37.48 0.454325 
37.49 0.454344 
37.5 0.454362 
37.51 0.45438 
37.52 0.454399 
37.53 0.454417 
37.54 0.454436 
37.55 0.454454 
37.56 0.454472 
37.57 0.454491 
37.58 0.454509 
37.59 0.454527 
37.6 0.454546 
37.61 0.454564 
37.62 0.454582 
37.63 0.454601 
37.64 0.454619 
37.65 0.454637 
37.66 0.454655 
37.67 0.454674 
37.68 0.454692 
37.69 0.45471 
37.7 0.454729 
37.71 0.454747 
37.72 0.454765 
37.73 0.454783 
37.74 0.454801 
37.75 0.45482 
37.76 0.454838 
37.77 0.454856 
37.78 0.454874 
37.79 0.454892 
37.8 0.454911 
37.81 0.454929 
37.82 0.454947 
37.83 0.454965 
37.84 0.454983 
37.85 0.455001 
37.86 0.45502 
37.87 0.455038 
37.88 0.455056 
37.89 0.455074 
37.9 0.455092 
37.91 0.45511 
37.92 0.455128 
37.93 0.455146 
37.94 0.455164 
37.95 0.455182 
37.96 0.4552 
37.97 0.455218 
37.98 0.455236 
37.99 0.455254 
38 0.455272 
38.01 0.45529 
38.02 0.455308 
38.03 0.455326 
38.04 0.455344 
38.05 0.455362 
38.06 0.45538 
38.07 0.455398 
38.08 0.455416 
38.09 0.455434 
38.1 0.455452 
38.11 0.45547 
38.12 0.455488 
38.13 0.455506 
38.14 0.455524 
38.15 0.455542 
38.16 0.45556 
38.17 0.455578 
38.18 0.455596 
38.19 0.455613 
38.2 0.455631 
38.21 0.455649 
38.22 0.455667 
38.23 0.455685 
38.24 0.455703 
38.25 0.455721 
38.26 0.455738 
38.27 0.455756 
38.28 0.455774 
38.29 0.455792 
38.3 0.45581 
38.31 0.455827 
38.32 0.455845 
38.33 0.455863 
38.34 0.455881 
38.35 0.455898 
38.36 0.455916 
38.37 0.455934 
38.38 0.455952 
38.39 0.455969 
38.4 0.455987 
38.41 0.456005 
38.42 0.456023 
38.43 0.45604 
38.44 0.456058 
38.45 0.456076 
38.46 0.456093 
38.47 0.456111 
38.48 0.456129 
38.49 0.456146 
38.5 0.456164 
38.51 0.456181 
38.52 0.456199 
38.53 0.456217 
38.54 0.456234 
38.55 0.456252 
38.56 0.45627 
38.57 0.456287 
38.58 0.456305 
38.59 0.456322 
38.6 0.45634 
38.61 0.456357 
38.62 0.456375 
38.63 0.456393 
38.64 0.45641 
38.65 0.456428 
38.66 0.456445 
38.67 0.456463 
38.68 0.45648 
38.69 0.456498 
38.7 0.456515 
38.71 0.456533 
38.72 0.45655 
38.73 0.456568 
38.74 0.456585 
38.75 0.456603 
38.76 0.45662 
38.77 0.456637 
38.78 0.456655 
38.79 0.456672 
38.8 0.45669 
38.81 0.456707 
38.82 0.456725 
38.83 0.456742 
38.84 0.456759 
38.85 0.456777 
38.86 0.456794 
38.87 0.456812 
38.88 0.456829 
38.89 0.456846 
38.9 0.456864 
38.91 0.456881 
38.92 0.456898 
38.93 0.456916 
38.94 0.456933 
38.95 0.45695 
38.96 0.456968 
38.97 0.456985 
38.98 0.457002 
38.99 0.457019 
39 0.457037 
39.01 0.457054 
39.02 0.457071 
39.03 0.457088 
39.04 0.457106 
39.05 0.457123 
39.06 0.45714 
39.07 0.457157 
39.08 0.457175 
39.09 0.457192 
39.1 0.457209 
39.11 0.457226 
39.12 0.457243 
39.13 0.457261 
39.14 0.457278 
39.15 0.457295 
39.16 0.457312 
39.17 0.457329 
39.18 0.457346 
39.19 0.457364 
39.2 0.457381 
39.21 0.457398 
39.22 0.457415 
39.23 0.457432 
39.24 0.457449 
39.25 0.457466 
39.26 0.457483 
39.27 0.4575 
39.28 0.457517 
39.29 0.457535 
39.3 0.457552 
39.31 0.457569 
39.32 0.457586 
39.33 0.457603 
39.34 0.45762 
39.35 0.457637 
39.36 0.457654 
39.37 0.457671 
39.38 0.457688 
39.39 0.457705 
39.4 0.457722 
39.41 0.457739 
39.42 0.457756 
39.43 0.457773 
39.44 0.45779 
39.45 0.457807 
39.46 0.457824 
39.47 0.457841 
39.48 0.457857 
39.49 0.457874 
39.5 0.457891 
39.51 0.457908 
39.52 0.457925 
39.53 0.457942 
39.54 0.457959 
39.55 0.457976 
39.56 0.457993 
39.57 0.45801 
39.58 0.458026 
39.59 0.458043 
39.6 0.45806 
39.61 0.458077 
39.62 0.458094 
39.63 0.458111 
39.64 0.458127 
39.65 0.458144 
39.66 0.458161 
39.67 0.458178 
39.68 0.458195 
39.69 0.458211 
39.7 0.458228 
39.71 0.458245 
39.72 0.458262 
39.73 0.458278 
39.74 0.458295 
39.75 0.458312 
39.76 0.458329 
39.77 0.458345 
39.78 0.458362 
39.79 0.458379 
39.8 0.458396 
39.81 0.458412 
39.82 0.458429 
39.83 0.458446 
39.84 0.458462 
39.85 0.458479 
39.86 0.458496 
39.87 0.458512 
39.88 0.458529 
39.89 0.458546 
39.9 0.458562 
39.91 0.458579 
39.92 0.458595 
39.93 0.458612 
39.94 0.458629 
39.95 0.458645 
39.96 0.458662 
39.97 0.458678 
39.98 0.458695 
39.99 0.458712 
40 0.458728 
40.01 0.458745 
40.02 0.458761 
40.03 0.458778 
40.04 0.458794 
40.05 0.458811 
40.06 0.458827 
40.07 0.458844 
40.08 0.45886 
40.09 0.458877 
40.1 0.458893 
40.11 0.45891 
40.12 0.458926 
40.13 0.458943 
40.14 0.458959 
40.15 0.458976 
40.16 0.458992 
40.17 0.459009 
40.18 0.459025 
40.19 0.459042 
40.2 0.459058 
40.21 0.459074 
40.22 0.459091 
40.23 0.459107 
40.24 0.459124 
40.25 0.45914 
40.26 0.459157 
40.27 0.459173 
40.28 0.459189 
40.29 0.459206 
40.3 0.459222 
40.31 0.459238 
40.32 0.459255 
40.33 0.459271 
40.34 0.459287 
40.35 0.459304 
40.36 0.45932 
40.37 0.459336 
40.38 0.459353 
40.39 0.459369 
40.4 0.459385 
40.41 0.459401 
40.42 0.459418 
40.43 0.459434 
40.44 0.45945 
40.45 0.459467 
40.46 0.459483 
40.47 0.459499 
40.48 0.459515 
40.49 0.459532 
40.5 0.459548 
40.51 0.459564 
40.52 0.45958 
40.53 0.459596 
40.54 0.459613 
40.55 0.459629 
40.56 0.459645 
40.57 0.459661 
40.58 0.459677 
40.59 0.459693 
40.6 0.45971 
40.61 0.459726 
40.62 0.459742 
40.63 0.459758 
40.64 0.459774 
40.65 0.45979 
40.66 0.459806 
40.67 0.459823 
40.68 0.459839 
40.69 0.459855 
40.7 0.459871 
40.71 0.459887 
40.72 0.459903 
40.73 0.459919 
40.74 0.459935 
40.75 0.459951 
40.76 0.459967 
40.77 0.459983 
40.78 0.459999 
40.79 0.460015 
40.8 0.460031 
40.81 0.460047 
40.82 0.460063 
40.83 0.460079 
40.84 0.460095 
40.85 0.460111 
40.86 0.460127 
40.87 0.460143 
40.88 0.460159 
40.89 0.460175 
40.9 0.460191 
40.91 0.460207 
40.92 0.460223 
40.93 0.460239 
40.94 0.460255 
40.95 0.460271 
40.96 0.460287 
40.97 0.460303 
40.98 0.460319 
40.99 0.460334 
41 0.46035 
41.01 0.460366 
41.02 0.460382 
41.03 0.460398 
41.04 0.460414 
41.05 0.46043 
41.06 0.460446 
41.07 0.460461 
41.08 0.460477 
41.09 0.460493 
41.1 0.460509 
41.11 0.460525 
41.12 0.46054 
41.13 0.460556 
41.14 0.460572 
41.15 0.460588 
41.16 0.460604 
41.17 0.460619 
41.18 0.460635 
41.19 0.460651 
41.2 0.460667 
41.21 0.460682 
41.22 0.460698 
41.23 0.460714 
41.24 0.46073 
41.25 0.460745 
41.26 0.460761 
41.27 0.460777 
41.28 0.460793 
41.29 0.460808 
41.3 0.460824 
41.31 0.46084 
41.32 0.460855 
41.33 0.460871 
41.34 0.460887 
41.35 0.460902 
41.36 0.460918 
41.37 0.460934 
41.38 0.460949 
41.39 0.460965 
41.4 0.46098 
41.41 0.460996 
41.42 0.461012 
41.43 0.461027 
41.44 0.461043 
41.45 0.461058 
41.46 0.461074 
41.47 0.46109 
41.48 0.461105 
41.49 0.461121 
41.5 0.461136 
41.51 0.461152 
41.52 0.461167 
41.53 0.461183 
41.54 0.461199 
41.55 0.461214 
41.56 0.46123 
41.57 0.461245 
41.58 0.461261 
41.59 0.461276 
41.6 0.461292 
41.61 0.461307 
41.62 0.461323 
41.63 0.461338 
41.64 0.461354 
41.65 0.461369 
41.66 0.461384 
41.67 0.4614 
41.68 0.461415 
41.69 0.461431 
41.7 0.461446 
41.71 0.461462 
41.72 0.461477 
41.73 0.461492 
41.74 0.461508 
41.75 0.461523 
41.76 0.461539 
41.77 0.461554 
41.78 0.461569 
41.79 0.461585 
41.8 0.4616 
41.81 0.461616 
41.82 0.461631 
41.83 0.461646 
41.84 0.461662 
41.85 0.461677 
41.86 0.461692 
41.87 0.461708 
41.88 0.461723 
41.89 0.461738 
41.9 0.461754 
41.91 0.461769 
41.92 0.461784 
41.93 0.461799 
41.94 0.461815 
41.95 0.46183 
41.96 0.461845 
41.97 0.46186 
41.98 0.461876 
41.99 0.461891 
42 0.461906 
42.01 0.461921 
42.02 0.461937 
42.03 0.461952 
42.04 0.461967 
42.05 0.461982 
42.06 0.461998 
42.07 0.462013 
42.08 0.462028 
42.09 0.462043 
42.1 0.462058 
42.11 0.462073 
42.12 0.462089 
42.13 0.462104 
42.14 0.462119 
42.15 0.462134 
42.16 0.462149 
42.17 0.462164 
42.18 0.462179 
42.19 0.462195 
42.2 0.46221 
42.21 0.462225 
42.22 0.46224 
42.23 0.462255 
42.24 0.46227 
42.25 0.462285 
42.26 0.4623 
42.27 0.462315 
42.28 0.46233 
42.29 0.462345 
42.3 0.462361 
42.31 0.462376 
42.32 0.462391 
42.33 0.462406 
42.34 0.462421 
42.35 0.462436 
42.36 0.462451 
42.37 0.462466 
42.38 0.462481 
42.39 0.462496 
42.4 0.462511 
42.41 0.462526 
42.42 0.462541 
42.43 0.462556 
42.44 0.462571 
42.45 0.462586 
42.46 0.462601 
42.47 0.462615 
42.48 0.46263 
42.49 0.462645 
42.5 0.46266 
42.51 0.462675 
42.52 0.46269 
42.53 0.462705 
42.54 0.46272 
42.55 0.462735 
42.56 0.46275 
42.57 0.462765 
42.58 0.462779 
42.59 0.462794 
42.6 0.462809 
42.61 0.462824 
42.62 0.462839 
42.63 0.462854 
42.64 0.462869 
42.65 0.462883 
42.66 0.462898 
42.67 0.462913 
42.68 0.462928 
42.69 0.462943 
42.7 0.462958 
42.71 0.462972 
42.72 0.462987 
42.73 0.463002 
42.74 0.463017 
42.75 0.463032 
42.76 0.463046 
42.77 0.463061 
42.78 0.463076 
42.79 0.463091 
42.8 0.463105 
42.81 0.46312 
42.82 0.463135 
42.83 0.463149 
42.84 0.463164 
42.85 0.463179 
42.86 0.463194 
42.87 0.463208 
42.88 0.463223 
42.89 0.463238 
42.9 0.463252 
42.91 0.463267 
42.92 0.463282 
42.93 0.463296 
42.94 0.463311 
42.95 0.463326 
42.96 0.46334 
42.97 0.463355 
42.98 0.46337 
42.99 0.463384 
43 0.463399 
43.01 0.463414 
43.02 0.463428 
43.03 0.463443 
43.04 0.463457 
43.05 0.463472 
43.06 0.463487 
43.07 0.463501 
43.08 0.463516 
43.09 0.46353 
43.1 0.463545 
43.11 0.463559 
43.12 0.463574 
43.13 0.463588 
43.14 0.463603 
43.15 0.463618 
43.16 0.463632 
43.17 0.463647 
43.18 0.463661 
43.19 0.463676 
43.2 0.46369 
43.21 0.463705 
43.22 0.463719 
43.23 0.463734 
43.24 0.463748 
43.25 0.463763 
43.26 0.463777 
43.27 0.463791 
43.28 0.463806 
43.29 0.46382 
43.3 0.463835 
43.31 0.463849 
43.32 0.463864 
43.33 0.463878 
43.34 0.463893 
43.35 0.463907 
43.36 0.463921 
43.37 0.463936 
43.38 0.46395 
43.39 0.463965 
43.4 0.463979 
43.41 0.463993 
43.42 0.464008 
43.43 0.464022 
43.44 0.464036 
43.45 0.464051 
43.46 0.464065 
43.47 0.464079 
43.48 0.464094 
43.49 0.464108 
43.5 0.464122 
43.51 0.464137 
43.52 0.464151 
43.53 0.464165 
43.54 0.46418 
43.55 0.464194 
43.56 0.464208 
43.57 0.464223 
43.58 0.464237 
43.59 0.464251 
43.6 0.464265 
43.61 0.46428 
43.62 0.464294 
43.63 0.464308 
43.64 0.464322 
43.65 0.464337 
43.66 0.464351 
43.67 0.464365 
43.68 0.464379 
43.69 0.464393 
43.7 0.464408 
43.71 0.464422 
43.72 0.464436 
43.73 0.46445 
43.74 0.464464 
43.75 0.464479 
43.76 0.464493 
43.77 0.464507 
43.78 0.464521 
43.79 0.464535 
43.8 0.464549 
43.81 0.464564 
43.82 0.464578 
43.83 0.464592 
43.84 0.464606 
43.85 0.46462 
43.86 0.464634 
43.87 0.464648 
43.88 0.464662 
43.89 0.464676 
43.9 0.464691 
43.91 0.464705 
43.92 0.464719 
43.93 0.464733 
43.94 0.464747 
43.95 0.464761 
43.96 0.464775 
43.97 0.464789 
43.98 0.464803 
43.99 0.464817 
44 0.464831 
44.01 0.464845 
44.02 0.464859 
44.03 0.464873 
44.04 0.464887 
44.05 0.464901 
44.06 0.464915 
44.07 0.464929 
44.08 0.464943 
44.09 0.464957 
44.1 0.464971 
44.11 0.464985 
44.12 0.464999 
44.13 0.465013 
44.14 0.465027 
44.15 0.465041 
44.16 0.465055 
44.17 0.465069 
44.18 0.465083 
44.19 0.465097 
44.2 0.465111 
44.21 0.465124 
44.22 0.465138 
44.23 0.465152 
44.24 0.465166 
44.25 0.46518 
44.26 0.465194 
44.27 0.465208 
44.28 0.465222 
44.29 0.465236 
44.3 0.465249 
44.31 0.465263 
44.32 0.465277 
44.33 0.465291 
44.34 0.465305 
44.35 0.465319 
44.36 0.465332 
44.37 0.465346 
44.38 0.46536 
44.39 0.465374 
44.4 0.465388 
44.41 0.465402 
44.42 0.465415 
44.43 0.465429 
44.44 0.465443 
44.45 0.465457 
44.46 0.46547 
44.47 0.465484 
44.48 0.465498 
44.49 0.465512 
44.5 0.465525 
44.51 0.465539 
44.52 0.465553 
44.53 0.465567 
44.54 0.46558 
44.55 0.465594 
44.56 0.465608 
44.57 0.465622 
44.58 0.465635 
44.59 0.465649 
44.6 0.465663 
44.61 0.465676 
44.62 0.46569 
44.63 0.465704 
44.64 0.465717 
44.65 0.465731 
44.66 0.465745 
44.67 0.465758 
44.68 0.465772 
44.69 0.465786 
44.7 0.465799 
44.71 0.465813 
44.72 0.465826 
44.73 0.46584 
44.74 0.465854 
44.75 0.465867 
44.76 0.465881 
44.77 0.465894 
44.78 0.465908 
44.79 0.465922 
44.8 0.465935 
44.81 0.465949 
44.82 0.465962 
44.83 0.465976 
44.84 0.465989 
44.85 0.466003 
44.86 0.466017 
44.87 0.46603 
44.88 0.466044 
44.89 0.466057 
44.9 0.466071 
44.91 0.466084 
44.92 0.466098 
44.93 0.466111 
44.94 0.466125 
44.95 0.466138 
44.96 0.466152 
44.97 0.466165 
44.98 0.466179 
44.99 0.466192 
45 0.466206 
45.01 0.466219 
45.02 0.466232 
45.03 0.466246 
45.04 0.466259 
45.05 0.466273 
45.06 0.466286 
45.07 0.4663 
45.08 0.466313 
45.09 0.466327 
45.1 0.46634 
45.11 0.466353 
45.12 0.466367 
45.13 0.46638 
45.14 0.466394 
45.15 0.466407 
45.16 0.46642 
45.17 0.466434 
45.18 0.466447 
45.19 0.46646 
45.2 0.466474 
45.21 0.466487 
45.22 0.4665 
45.23 0.466514 
45.24 0.466527 
45.25 0.46654 
45.26 0.466554 
45.27 0.466567 
45.28 0.46658 
45.29 0.466594 
45.3 0.466607 
45.31 0.46662 
45.32 0.466634 
45.33 0.466647 
45.34 0.46666 
45.35 0.466673 
45.36 0.466687 
45.37 0.4667 
45.38 0.466713 
45.39 0.466726 
45.4 0.46674 
45.41 0.466753 
45.42 0.466766 
45.43 0.466779 
45.44 0.466793 
45.45 0.466806 
45.46 0.466819 
45.47 0.466832 
45.48 0.466846 
45.49 0.466859 
45.5 0.466872 
45.51 0.466885 
45.52 0.466898 
45.53 0.466911 
45.54 0.466925 
45.55 0.466938 
45.56 0.466951 
45.57 0.466964 
45.58 0.466977 
45.59 0.46699 
45.6 0.467004 
45.61 0.467017 
45.62 0.46703 
45.63 0.467043 
45.64 0.467056 
45.65 0.467069 
45.66 0.467082 
45.67 0.467095 
45.68 0.467108 
45.69 0.467122 
45.7 0.467135 
45.71 0.467148 
45.72 0.467161 
45.73 0.467174 
45.74 0.467187 
45.75 0.4672 
45.76 0.467213 
45.77 0.467226 
45.78 0.467239 
45.79 0.467252 
45.8 0.467265 
45.81 0.467278 
45.82 0.467291 
45.83 0.467304 
45.84 0.467317 
45.85 0.46733 
45.86 0.467343 
45.87 0.467356 
45.88 0.467369 
45.89 0.467382 
45.9 0.467395 
45.91 0.467408 
45.92 0.467421 
45.93 0.467434 
45.94 0.467447 
45.95 0.46746 
45.96 0.467473 
45.97 0.467486 
45.98 0.467499 
45.99 0.467512 
46 0.467525 
46.01 0.467538 
46.02 0.467551 
46.03 0.467564 
46.04 0.467576 
46.05 0.467589 
46.06 0.467602 
46.07 0.467615 
46.08 0.467628 
46.09 0.467641 
46.1 0.467654 
46.11 0.467667 
46.12 0.46768 
46.13 0.467692 
46.14 0.467705 
46.15 0.467718 
46.16 0.467731 
46.17 0.467744 
46.18 0.467757 
46.19 0.467769 
46.2 0.467782 
46.21 0.467795 
46.22 0.467808 
46.23 0.467821 
46.24 0.467833 
46.25 0.467846 
46.26 0.467859 
46.27 0.467872 
46.28 0.467885 
46.29 0.467897 
46.3 0.46791 
46.31 0.467923 
46.32 0.467936 
46.33 0.467948 
46.34 0.467961 
46.35 0.467974 
46.36 0.467987 
46.37 0.467999 
46.38 0.468012 
46.39 0.468025 
46.4 0.468038 
46.41 0.46805 
46.42 0.468063 
46.43 0.468076 
46.44 0.468088 
46.45 0.468101 
46.46 0.468114 
46.47 0.468126 
46.48 0.468139 
46.49 0.468152 
46.5 0.468164 
46.51 0.468177 
46.52 0.46819 
46.53 0.468202 
46.54 0.468215 
46.55 0.468228 
46.56 0.46824 
46.57 0.468253 
46.58 0.468266 
46.59 0.468278 
46.6 0.468291 
46.61 0.468303 
46.62 0.468316 
46.63 0.468329 
46.64 0.468341 
46.65 0.468354 
46.66 0.468366 
46.67 0.468379 
46.68 0.468392 
46.69 0.468404 
46.7 0.468417 
46.71 0.468429 
46.72 0.468442 
46.73 0.468454 
46.74 0.468467 
46.75 0.468479 
46.76 0.468492 
46.77 0.468504 
46.78 0.468517 
46.79 0.46853 
46.8 0.468542 
46.81 0.468555 
46.82 0.468567 
46.83 0.46858 
46.84 0.468592 
46.85 0.468605 
46.86 0.468617 
46.87 0.468629 
46.88 0.468642 
46.89 0.468654 
46.9 0.468667 
46.91 0.468679 
46.92 0.468692 
46.93 0.468704 
46.94 0.468717 
46.95 0.468729 
46.96 0.468742 
46.97 0.468754 
46.98 0.468766 
46.99 0.468779 
47 0.468791 
47.01 0.468804 
47.02 0.468816 
47.03 0.468828 
47.04 0.468841 
47.05 0.468853 
47.06 0.468866 
47.07 0.468878 
47.08 0.46889 
47.09 0.468903 
47.1 0.468915 
47.11 0.468927 
47.12 0.46894 
47.13 0.468952 
47.14 0.468964 
47.15 0.468977 
47.16 0.468989 
47.17 0.469001 
47.18 0.469014 
47.19 0.469026 
47.2 0.469038 
47.21 0.469051 
47.22 0.469063 
47.23 0.469075 
47.24 0.469088 
47.25 0.4691 
47.26 0.469112 
47.27 0.469124 
47.28 0.469137 
47.29 0.469149 
47.3 0.469161 
47.31 0.469173 
47.32 0.469186 
47.33 0.469198 
47.34 0.46921 
47.35 0.469222 
47.36 0.469235 
47.37 0.469247 
47.38 0.469259 
47.39 0.469271 
47.4 0.469283 
47.41 0.469296 
47.42 0.469308 
47.43 0.46932 
47.44 0.469332 
47.45 0.469344 
47.46 0.469357 
47.47 0.469369 
47.48 0.469381 
47.49 0.469393 
47.5 0.469405 
47.51 0.469417 
47.52 0.46943 
47.53 0.469442 
47.54 0.469454 
47.55 0.469466 
47.56 0.469478 
47.57 0.46949 
47.58 0.469502 
47.59 0.469515 
47.6 0.469527 
47.61 0.469539 
47.62 0.469551 
47.63 0.469563 
47.64 0.469575 
47.65 0.469587 
47.66 0.469599 
47.67 0.469611 
47.68 0.469623 
47.69 0.469635 
47.7 0.469647 
47.71 0.46966 
47.72 0.469672 
47.73 0.469684 
47.74 0.469696 
47.75 0.469708 
47.76 0.46972 
47.77 0.469732 
47.78 0.469744 
47.79 0.469756 
47.8 0.469768 
47.81 0.46978 
47.82 0.469792 
47.83 0.469804 
47.84 0.469816 
47.85 0.469828 
47.86 0.46984 
47.87 0.469852 
47.88 0.469864 
47.89 0.469876 
47.9 0.469888 
47.91 0.4699 
47.92 0.469912 
47.93 0.469924 
47.94 0.469935 
47.95 0.469947 
47.96 0.469959 
47.97 0.469971 
47.98 0.469983 
47.99 0.469995 
48 0.470007 
48.01 0.470019 
48.02 0.470031 
48.03 0.470043 
48.04 0.470055 
48.05 0.470067 
48.06 0.470078 
48.07 0.47009 
48.08 0.470102 
48.09 0.470114 
48.1 0.470126 
48.11 0.470138 
48.12 0.47015 
48.13 0.470161 
48.14 0.470173 
48.15 0.470185 
48.16 0.470197 
48.17 0.470209 
48.18 0.470221 
48.19 0.470233 
48.2 0.470244 
48.21 0.470256 
48.22 0.470268 
48.23 0.47028 
48.24 0.470292 
48.25 0.470303 
48.26 0.470315 
48.27 0.470327 
48.28 0.470339 
48.29 0.47035 
48.3 0.470362 
48.31 0.470374 
48.32 0.470386 
48.33 0.470398 
48.34 0.470409 
48.35 0.470421 
48.36 0.470433 
48.37 0.470445 
48.38 0.470456 
48.39 0.470468 
48.4 0.47048 
48.41 0.470491 
48.42 0.470503 
48.43 0.470515 
48.44 0.470527 
48.45 0.470538 
48.46 0.47055 
48.47 0.470562 
48.48 0.470573 
48.49 0.470585 
48.5 0.470597 
48.51 0.470608 
48.52 0.47062 
48.53 0.470632 
48.54 0.470643 
48.55 0.470655 
48.56 0.470667 
48.57 0.470678 
48.58 0.47069 
48.59 0.470702 
48.6 0.470713 
48.61 0.470725 
48.62 0.470736 
48.63 0.470748 
48.64 0.47076 
48.65 0.470771 
48.66 0.470783 
48.67 0.470794 
48.68 0.470806 
48.69 0.470818 
48.7 0.470829 
48.71 0.470841 
48.72 0.470852 
48.73 0.470864 
48.74 0.470875 
48.75 0.470887 
48.76 0.470899 
48.77 0.47091 
48.78 0.470922 
48.79 0.470933 
48.8 0.470945 
48.81 0.470956 
48.82 0.470968 
48.83 0.470979 
48.84 0.470991 
48.85 0.471002 
48.86 0.471014 
48.87 0.471025 
48.88 0.471037 
48.89 0.471048 
48.9 0.47106 
48.91 0.471071 
48.92 0.471083 
48.93 0.471094 
48.94 0.471106 
48.95 0.471117 
48.96 0.471129 
48.97 0.47114 
48.98 0.471152 
48.99 0.471163 
49 0.471174 
49.01 0.471186 
49.02 0.471197 
49.03 0.471209 
49.04 0.47122 
49.05 0.471232 
49.06 0.471243 
49.07 0.471254 
49.08 0.471266 
49.09 0.471277 
49.1 0.471289 
49.11 0.4713 
49.12 0.471311 
49.13 0.471323 
49.14 0.471334 
49.15 0.471346 
49.16 0.471357 
49.17 0.471368 
49.18 0.47138 
49.19 0.471391 
49.2 0.471402 
49.21 0.471414 
49.22 0.471425 
49.23 0.471436 
49.24 0.471448 
49.25 0.471459 
49.26 0.47147 
49.27 0.471482 
49.28 0.471493 
49.29 0.471504 
49.3 0.471516 
49.31 0.471527 
49.32 0.471538 
49.33 0.471549 
49.34 0.471561 
49.35 0.471572 
49.36 0.471583 
49.37 0.471595 
49.38 0.471606 
49.39 0.471617 
49.4 0.471628 
49.41 0.47164 
49.42 0.471651 
49.43 0.471662 
49.44 0.471673 
49.45 0.471685 
49.46 0.471696 
49.47 0.471707 
49.48 0.471718 
49.49 0.471729 
49.5 0.471741 
49.51 0.471752 
49.52 0.471763 
49.53 0.471774 
49.54 0.471785 
49.55 0.471797 
49.56 0.471808 
49.57 0.471819 
49.58 0.47183 
49.59 0.471841 
49.6 0.471853 
49.61 0.471864 
49.62 0.471875 
49.63 0.471886 
49.64 0.471897 
49.65 0.471908 
49.66 0.471919 
49.67 0.471931 
49.68 0.471942 
49.69 0.471953 
49.7 0.471964 
49.71 0.471975 
49.72 0.471986 
49.73 0.471997 
49.74 0.472008 
49.75 0.472019 
49.76 0.472031 
49.77 0.472042 
49.78 0.472053 
49.79 0.472064 
49.8 0.472075 
49.81 0.472086 
49.82 0.472097 
49.83 0.472108 
49.84 0.472119 
49.85 0.47213 
49.86 0.472141 
49.87 0.472152 
49.88 0.472163 
49.89 0.472174 
49.9 0.472185 
49.91 0.472196 
49.92 0.472207 
49.93 0.472218 
49.94 0.47223 
49.95 0.472241 
49.96 0.472252 
49.97 0.472263 
49.98 0.472273 
49.99 0.472284 
50 0.472295 
