0 -1.79137e-08 
0.001 4.36619e-05 
0.002 8.72432e-05 
0.003 0.00013063 
0.004 0.000173732 
0.005 0.000216461 
0.006 0.000258738 
0.007 0.000300494 
0.008 0.000341664 
0.009 0.000382197 
0.01 0.000422051 
0.011 0.00046119 
0.012 0.000499579 
0.013 0.000537185 
0.014 0.000573964 
0.015 0.000609879 
0.016 0.000644924 
0.017 0.000679124 
0.018 0.00071252 
0.019 0.000745146 
0.02 0.000777026 
0.021 0.000808176 
0.022 0.000838617 
0.023 0.000868364 
0.024 0.000897435 
0.025 0.000925853 
0.026 0.000953635 
0.027 0.000980808 
0.028 0.0010074 
0.029 0.00103344 
0.03 0.00105896 
0.031 0.00108399 
0.032 0.00110859 
0.033 0.00113279 
0.034 0.00115664 
0.035 0.00118022 
0.036 0.0012036 
0.037 0.00122685 
0.038 0.00125006 
0.039 0.00127335 
0.04 0.00129681 
0.041 0.00132059 
0.042 0.0013448 
0.043 0.0013696 
0.044 0.00139514 
0.045 0.00142157 
0.046 0.00144906 
0.047 0.00147779 
0.048 0.0015079 
0.049 0.00153957 
0.05 0.00157296 
0.051 0.00160823 
0.052 0.00164552 
0.053 0.00168495 
0.054 0.00172665 
0.055 0.0017707 
0.056 0.0018172 
0.057 0.0018662 
0.058 0.00191775 
0.059 0.00197189 
0.06 0.0020286 
0.061 0.00208789 
0.062 0.00214973 
0.063 0.00221408 
0.064 0.00228089 
0.065 0.00235009 
0.066 0.0024216 
0.067 0.00249535 
0.068 0.00257124 
0.069 0.00264921 
0.07 0.00272915 
0.071 0.00281099 
0.072 0.00289465 
0.073 0.00298005 
0.074 0.00306712 
0.075 0.00315579 
0.076 0.00324601 
0.077 0.00333773 
0.078 0.00343087 
0.079 0.00352541 
0.08 0.0036213 
0.081 0.0037185 
0.082 0.00381696 
0.083 0.00391667 
0.084 0.00401759 
0.085 0.00411969 
0.086 0.00422294 
0.087 0.00432731 
0.088 0.00443279 
0.089 0.00453935 
0.09 0.00464696 
0.091 0.00475559 
0.092 0.00486523 
0.093 0.00497585 
0.094 0.00508743 
0.095 0.00519995 
0.096 0.00531338 
0.097 0.0054277 
0.098 0.0055429 
0.099 0.00565894 
0.1 0.00577582 
0.101 0.00589351 
0.102 0.00601198 
0.103 0.00613122 
0.104 0.00625121 
0.105 0.00637192 
0.106 0.00649334 
0.107 0.00661544 
0.108 0.00673821 
0.109 0.00686162 
0.11 0.00698566 
0.111 0.00711031 
0.112 0.00723553 
0.113 0.00736134 
0.114 0.00748771 
0.115 0.00761459 
0.116 0.00774198 
0.117 0.00786987 
0.118 0.00799823 
0.119 0.00812706 
0.12 0.00825631 
0.121 0.00838599 
0.122 0.00851607 
0.123 0.00864653 
0.124 0.00877737 
0.125 0.00890855 
0.126 0.00904005 
0.127 0.00917188 
0.128 0.00930401 
0.129 0.0094364 
0.13 0.00956905 
0.131 0.00970196 
0.132 0.00983508 
0.133 0.00996843 
0.134 0.010102 
0.135 0.0102357 
0.136 0.0103695 
0.137 0.0105036 
0.138 0.0106377 
0.139 0.010772 
0.14 0.0109063 
0.141 0.0110407 
0.142 0.0111752 
0.143 0.0113097 
0.144 0.0114443 
0.145 0.0115789 
0.146 0.0117135 
0.147 0.011848 
0.148 0.0119825 
0.149 0.012117 
0.15 0.0122514 
0.151 0.0123857 
0.152 0.0125199 
0.153 0.012654 
0.154 0.012788 
0.155 0.0129219 
0.156 0.0130555 
0.157 0.0131891 
0.158 0.0133224 
0.159 0.0134555 
0.16 0.0135884 
0.161 0.0137211 
0.162 0.0138535 
0.163 0.0139856 
0.164 0.0141175 
0.165 0.0142491 
0.166 0.0143803 
0.167 0.0145113 
0.168 0.0146419 
0.169 0.0147722 
0.17 0.0149021 
0.171 0.0150316 
0.172 0.0151607 
0.173 0.0152894 
0.174 0.0154177 
0.175 0.0155456 
0.176 0.015673 
0.177 0.0158 
0.178 0.0159265 
0.179 0.0160525 
0.18 0.0161779 
0.181 0.0163029 
0.182 0.0164274 
0.183 0.0165513 
0.184 0.0166746 
0.185 0.0167974 
0.186 0.0169196 
0.187 0.0170412 
0.188 0.0171621 
0.189 0.0172825 
0.19 0.0174023 
0.191 0.0175213 
0.192 0.0176398 
0.193 0.0177576 
0.194 0.0178747 
0.195 0.017991 
0.196 0.0181067 
0.197 0.0182217 
0.198 0.018336 
0.199 0.0184494 
0.2 0.0185622 
0.201 0.0186742 
0.202 0.0187854 
0.203 0.0188958 
0.204 0.0190054 
0.205 0.0191142 
0.206 0.0192222 
0.207 0.0193293 
0.208 0.0194356 
0.209 0.0195411 
0.21 0.0196457 
0.211 0.0197493 
0.212 0.0198522 
0.213 0.0199541 
0.214 0.0200551 
0.215 0.0201552 
0.216 0.0202544 
0.217 0.0203526 
0.218 0.0204499 
0.219 0.0205462 
0.22 0.0206416 
0.221 0.0207359 
0.222 0.0208294 
0.223 0.0209218 
0.224 0.0210131 
0.225 0.0211035 
0.226 0.0211929 
0.227 0.0212811 
0.228 0.0213684 
0.229 0.0214547 
0.23 0.0215398 
0.231 0.0216239 
0.232 0.0217069 
0.233 0.0217889 
0.234 0.0218697 
0.235 0.0219494 
0.236 0.0220281 
0.237 0.0221056 
0.238 0.0221819 
0.239 0.0222572 
0.24 0.0223313 
0.241 0.0224042 
0.242 0.022476 
0.243 0.0225466 
0.244 0.0226161 
0.245 0.0226844 
0.246 0.0227515 
0.247 0.0228174 
0.248 0.0228821 
0.249 0.0229456 
0.25 0.0230079 
0.251 0.0230689 
0.252 0.0231287 
0.253 0.0231873 
0.254 0.0232447 
0.255 0.0233008 
0.256 0.0233557 
0.257 0.0234093 
0.258 0.0234617 
0.259 0.0235127 
0.26 0.0235626 
0.261 0.0236111 
0.262 0.0236583 
0.263 0.0237043 
0.264 0.0237489 
0.265 0.0237923 
0.266 0.0238343 
0.267 0.023875 
0.268 0.0239145 
0.269 0.0239526 
0.27 0.0239894 
0.271 0.0240248 
0.272 0.0240589 
0.273 0.0240917 
0.274 0.0241232 
0.275 0.0241532 
0.276 0.024182 
0.277 0.0242094 
0.278 0.0242354 
0.279 0.0242601 
0.28 0.0242834 
0.281 0.0243053 
0.282 0.0243259 
0.283 0.0243451 
0.284 0.024363 
0.285 0.0243794 
0.286 0.0243945 
0.287 0.0244082 
0.288 0.0244205 
0.289 0.0244314 
0.29 0.0244409 
0.291 0.024449 
0.292 0.0244558 
0.293 0.0244611 
0.294 0.024465 
0.295 0.0244676 
0.296 0.0244687 
0.297 0.0244684 
0.298 0.0244667 
0.299 0.0244637 
0.3 0.0244592 
0.301 0.0244533 
0.302 0.024446 
0.303 0.0244372 
0.304 0.024427 
0.305 0.0244155 
0.306 0.0244025 
0.307 0.0243881 
0.308 0.0243723 
0.309 0.0243551 
0.31 0.0243365 
0.311 0.0243164 
0.312 0.024295 
0.313 0.0242721 
0.314 0.0242478 
0.315 0.024222 
0.316 0.0241949 
0.317 0.0241664 
0.318 0.0241364 
0.319 0.0241051 
0.32 0.0240723 
0.321 0.0240381 
0.322 0.0240025 
0.323 0.0239654 
0.324 0.023927 
0.325 0.0238872 
0.326 0.0238459 
0.327 0.0238033 
0.328 0.0237592 
0.329 0.0237138 
0.33 0.023667 
0.331 0.0236187 
0.332 0.0235691 
0.333 0.0235181 
0.334 0.0234656 
0.335 0.0234118 
0.336 0.0233566 
0.337 0.0233001 
0.338 0.0232421 
0.339 0.0231829 
0.34 0.0231221 
0.341 0.02306 
0.342 0.0229966 
0.343 0.0229318 
0.344 0.0228657 
0.345 0.0227981 
0.346 0.0227292 
0.347 0.022659 
0.348 0.0225874 
0.349 0.0225145 
0.35 0.0224402 
0.351 0.0223645 
0.352 0.0222876 
0.353 0.0222093 
0.354 0.0221297 
0.355 0.0220488 
0.356 0.0219665 
0.357 0.0218829 
0.358 0.0217981 
0.359 0.0217119 
0.36 0.0216245 
0.361 0.0215357 
0.362 0.0214457 
0.363 0.0213543 
0.364 0.0212618 
0.365 0.0211678 
0.366 0.0210728 
0.367 0.0209763 
0.368 0.0208786 
0.369 0.0207797 
0.37 0.0206795 
0.371 0.0205781 
0.372 0.0204754 
0.373 0.0203715 
0.374 0.0202665 
0.375 0.0201601 
0.376 0.0200525 
0.377 0.0199438 
0.378 0.0198338 
0.379 0.0197227 
0.38 0.0196104 
0.381 0.0194969 
0.382 0.0193822 
0.383 0.0192664 
0.384 0.0191493 
0.385 0.0190312 
0.386 0.0189119 
0.387 0.0187915 
0.388 0.0186699 
0.389 0.0185471 
0.39 0.0184233 
0.391 0.0182984 
0.392 0.0181723 
0.393 0.0180452 
0.394 0.017917 
0.395 0.0177877 
0.396 0.0176572 
0.397 0.0175259 
0.398 0.0173932 
0.399 0.0172597 
0.4 0.0171251 
0.401 0.0169894 
0.402 0.0168528 
0.403 0.0167151 
0.404 0.0165764 
0.405 0.0164367 
0.406 0.016296 
0.407 0.0161543 
0.408 0.0160116 
0.409 0.015868 
0.41 0.0157234 
0.411 0.0155778 
0.412 0.0154313 
0.413 0.0152839 
0.414 0.0151356 
0.415 0.0149863 
0.416 0.0148361 
0.417 0.014685 
0.418 0.0145331 
0.419 0.0143802 
0.42 0.0142265 
0.421 0.014072 
0.422 0.0139165 
0.423 0.0137602 
0.424 0.013603 
0.425 0.0134452 
0.426 0.0132864 
0.427 0.0131268 
0.428 0.0129664 
0.429 0.0128053 
0.43 0.0126434 
0.431 0.0124806 
0.432 0.0123172 
0.433 0.012153 
0.434 0.011988 
0.435 0.0118223 
0.436 0.011656 
0.437 0.0114889 
0.438 0.0113211 
0.439 0.0111526 
0.44 0.0109835 
0.441 0.0108137 
0.442 0.0106431 
0.443 0.0104721 
0.444 0.0103003 
0.445 0.0101279 
0.446 0.00995487 
0.447 0.00978121 
0.448 0.00960703 
0.449 0.00943231 
0.45 0.00925688 
0.451 0.00908095 
0.452 0.00890445 
0.453 0.0087275 
0.454 0.00854989 
0.455 0.00837181 
0.456 0.00819321 
0.457 0.0080141 
0.458 0.00783452 
0.459 0.00765454 
0.46 0.00747404 
0.461 0.00729302 
0.462 0.00711163 
0.463 0.00692974 
0.464 0.00674753 
0.465 0.00656483 
0.466 0.00638179 
0.467 0.00619826 
0.468 0.0060144 
0.469 0.00583022 
0.47 0.00564564 
0.471 0.00546076 
0.472 0.00527552 
0.473 0.00508997 
0.474 0.00490407 
0.475 0.00471793 
0.476 0.00453145 
0.477 0.00434474 
0.478 0.00415768 
0.479 0.00397052 
0.48 0.00378291 
0.481 0.0035952 
0.482 0.00340727 
0.483 0.00321914 
0.484 0.00303077 
0.485 0.00284227 
0.486 0.00265362 
0.487 0.0024647 
0.488 0.00227569 
0.489 0.00208649 
0.49 0.00189722 
0.491 0.00170775 
0.492 0.00151829 
0.493 0.00132875 
0.494 0.00113903 
0.495 0.000949309 
0.496 0.000759469 
0.497 0.000569706 
0.498 0.000379872 
0.499 0.000189934 
0.5 -9.06305e-17 
0.501 -0.000189934 
0.502 -0.000379872 
0.503 -0.000569706 
0.504 -0.000759469 
0.505 -0.000949309 
0.506 -0.00113903 
0.507 -0.00132875 
0.508 -0.00151829 
0.509 -0.00170775 
0.51 -0.00189722 
0.511 -0.00208649 
0.512 -0.00227569 
0.513 -0.0024647 
0.514 -0.00265362 
0.515 -0.00284227 
0.516 -0.00303077 
0.517 -0.00321914 
0.518 -0.00340727 
0.519 -0.0035952 
0.52 -0.00378291 
0.521 -0.00397052 
0.522 -0.00415768 
0.523 -0.00434474 
0.524 -0.00453145 
0.525 -0.00471793 
0.526 -0.00490407 
0.527 -0.00508997 
0.528 -0.00527552 
0.529 -0.00546076 
0.53 -0.00564564 
0.531 -0.00583022 
0.532 -0.0060144 
0.533 -0.00619826 
0.534 -0.00638179 
0.535 -0.00656483 
0.536 -0.00674753 
0.537 -0.00692974 
0.538 -0.00711163 
0.539 -0.00729302 
0.54 -0.00747404 
0.541 -0.00765454 
0.542 -0.00783452 
0.543 -0.0080141 
0.544 -0.00819321 
0.545 -0.00837181 
0.546 -0.00854989 
0.547 -0.0087275 
0.548 -0.00890445 
0.549 -0.00908095 
0.55 -0.00925688 
0.551 -0.00943231 
0.552 -0.00960703 
0.553 -0.00978121 
0.554 -0.00995487 
0.555 -0.0101279 
0.556 -0.0103003 
0.557 -0.0104721 
0.558 -0.0106431 
0.559 -0.0108137 
0.56 -0.0109835 
0.561 -0.0111526 
0.562 -0.0113211 
0.563 -0.0114889 
0.564 -0.011656 
0.565 -0.0118223 
0.566 -0.011988 
0.567 -0.012153 
0.568 -0.0123172 
0.569 -0.0124806 
0.57 -0.0126434 
0.571 -0.0128053 
0.572 -0.0129664 
0.573 -0.0131268 
0.574 -0.0132864 
0.575 -0.0134452 
0.576 -0.013603 
0.577 -0.0137602 
0.578 -0.0139165 
0.579 -0.014072 
0.58 -0.0142265 
0.581 -0.0143802 
0.582 -0.0145331 
0.583 -0.014685 
0.584 -0.0148361 
0.585 -0.0149863 
0.586 -0.0151356 
0.587 -0.0152839 
0.588 -0.0154313 
0.589 -0.0155778 
0.59 -0.0157234 
0.591 -0.015868 
0.592 -0.0160116 
0.593 -0.0161543 
0.594 -0.016296 
0.595 -0.0164367 
0.596 -0.0165764 
0.597 -0.0167151 
0.598 -0.0168528 
0.599 -0.0169894 
0.6 -0.0171251 
0.601 -0.0172597 
0.602 -0.0173932 
0.603 -0.0175259 
0.604 -0.0176572 
0.605 -0.0177877 
0.606 -0.017917 
0.607 -0.0180452 
0.608 -0.0181723 
0.609 -0.0182984 
0.61 -0.0184233 
0.611 -0.0185471 
0.612 -0.0186699 
0.613 -0.0187915 
0.614 -0.0189119 
0.615 -0.0190312 
0.616 -0.0191493 
0.617 -0.0192664 
0.618 -0.0193822 
0.619 -0.0194969 
0.62 -0.0196104 
0.621 -0.0197227 
0.622 -0.0198338 
0.623 -0.0199438 
0.624 -0.0200525 
0.625 -0.0201601 
0.626 -0.0202665 
0.627 -0.0203715 
0.628 -0.0204754 
0.629 -0.0205781 
0.63 -0.0206795 
0.631 -0.0207797 
0.632 -0.0208786 
0.633 -0.0209763 
0.634 -0.0210728 
0.635 -0.0211678 
0.636 -0.0212618 
0.637 -0.0213543 
0.638 -0.0214457 
0.639 -0.0215357 
0.64 -0.0216245 
0.641 -0.0217119 
0.642 -0.0217981 
0.643 -0.0218829 
0.644 -0.0219665 
0.645 -0.0220488 
0.646 -0.0221297 
0.647 -0.0222093 
0.648 -0.0222876 
0.649 -0.0223645 
0.65 -0.0224402 
0.651 -0.0225145 
0.652 -0.0225874 
0.653 -0.022659 
0.654 -0.0227292 
0.655 -0.0227981 
0.656 -0.0228657 
0.657 -0.0229318 
0.658 -0.0229966 
0.659 -0.02306 
0.66 -0.0231221 
0.661 -0.0231829 
0.662 -0.0232421 
0.663 -0.0233001 
0.664 -0.0233566 
0.665 -0.0234118 
0.666 -0.0234656 
0.667 -0.0235181 
0.668 -0.0235691 
0.669 -0.0236187 
0.67 -0.023667 
0.671 -0.0237138 
0.672 -0.0237592 
0.673 -0.0238033 
0.674 -0.0238459 
0.675 -0.0238872 
0.676 -0.023927 
0.677 -0.0239654 
0.678 -0.0240025 
0.679 -0.0240381 
0.68 -0.0240723 
0.681 -0.0241051 
0.682 -0.0241364 
0.683 -0.0241664 
0.684 -0.0241949 
0.685 -0.024222 
0.686 -0.0242478 
0.687 -0.0242721 
0.688 -0.024295 
0.689 -0.0243164 
0.69 -0.0243365 
0.691 -0.0243551 
0.692 -0.0243723 
0.693 -0.0243881 
0.694 -0.0244025 
0.695 -0.0244155 
0.696 -0.024427 
0.697 -0.0244372 
0.698 -0.024446 
0.699 -0.0244533 
0.7 -0.0244592 
0.701 -0.0244637 
0.702 -0.0244667 
0.703 -0.0244684 
0.704 -0.0244687 
0.705 -0.0244676 
0.706 -0.024465 
0.707 -0.0244611 
0.708 -0.0244558 
0.709 -0.024449 
0.71 -0.0244409 
0.711 -0.0244314 
0.712 -0.0244205 
0.713 -0.0244082 
0.714 -0.0243945 
0.715 -0.0243794 
0.716 -0.024363 
0.717 -0.0243451 
0.718 -0.0243259 
0.719 -0.0243053 
0.72 -0.0242834 
0.721 -0.0242601 
0.722 -0.0242354 
0.723 -0.0242094 
0.724 -0.024182 
0.725 -0.0241532 
0.726 -0.0241232 
0.727 -0.0240917 
0.728 -0.0240589 
0.729 -0.0240248 
0.73 -0.0239894 
0.731 -0.0239526 
0.732 -0.0239145 
0.733 -0.023875 
0.734 -0.0238343 
0.735 -0.0237923 
0.736 -0.0237489 
0.737 -0.0237043 
0.738 -0.0236583 
0.739 -0.0236111 
0.74 -0.0235626 
0.741 -0.0235127 
0.742 -0.0234617 
0.743 -0.0234093 
0.744 -0.0233557 
0.745 -0.0233008 
0.746 -0.0232447 
0.747 -0.0231873 
0.748 -0.0231287 
0.749 -0.0230689 
0.75 -0.0230079 
0.751 -0.0229456 
0.752 -0.0228821 
0.753 -0.0228174 
0.754 -0.0227515 
0.755 -0.0226844 
0.756 -0.0226161 
0.757 -0.0225466 
0.758 -0.022476 
0.759 -0.0224042 
0.76 -0.0223313 
0.761 -0.0222572 
0.762 -0.0221819 
0.763 -0.0221056 
0.764 -0.0220281 
0.765 -0.0219494 
0.766 -0.0218697 
0.767 -0.0217889 
0.768 -0.0217069 
0.769 -0.0216239 
0.77 -0.0215398 
0.771 -0.0214547 
0.772 -0.0213684 
0.773 -0.0212811 
0.774 -0.0211929 
0.775 -0.0211035 
0.776 -0.0210131 
0.777 -0.0209218 
0.778 -0.0208294 
0.779 -0.0207359 
0.78 -0.0206416 
0.781 -0.0205462 
0.782 -0.0204499 
0.783 -0.0203526 
0.784 -0.0202544 
0.785 -0.0201552 
0.786 -0.0200551 
0.787 -0.0199541 
0.788 -0.0198522 
0.789 -0.0197493 
0.79 -0.0196457 
0.791 -0.0195411 
0.792 -0.0194356 
0.793 -0.0193293 
0.794 -0.0192222 
0.795 -0.0191142 
0.796 -0.0190054 
0.797 -0.0188958 
0.798 -0.0187854 
0.799 -0.0186742 
0.8 -0.0185622 
0.801 -0.0184494 
0.802 -0.018336 
0.803 -0.0182217 
0.804 -0.0181067 
0.805 -0.017991 
0.806 -0.0178747 
0.807 -0.0177576 
0.808 -0.0176398 
0.809 -0.0175213 
0.81 -0.0174023 
0.811 -0.0172825 
0.812 -0.0171621 
0.813 -0.0170412 
0.814 -0.0169196 
0.815 -0.0167974 
0.816 -0.0166746 
0.817 -0.0165513 
0.818 -0.0164274 
0.819 -0.0163029 
0.82 -0.0161779 
0.821 -0.0160525 
0.822 -0.0159265 
0.823 -0.0158 
0.824 -0.015673 
0.825 -0.0155456 
0.826 -0.0154177 
0.827 -0.0152894 
0.828 -0.0151607 
0.829 -0.0150316 
0.83 -0.0149021 
0.831 -0.0147722 
0.832 -0.0146419 
0.833 -0.0145113 
0.834 -0.0143803 
0.835 -0.0142491 
0.836 -0.0141175 
0.837 -0.0139856 
0.838 -0.0138535 
0.839 -0.0137211 
0.84 -0.0135884 
0.841 -0.0134555 
0.842 -0.0133224 
0.843 -0.0131891 
0.844 -0.0130555 
0.845 -0.0129219 
0.846 -0.012788 
0.847 -0.012654 
0.848 -0.0125199 
0.849 -0.0123857 
0.85 -0.0122514 
0.851 -0.012117 
0.852 -0.0119825 
0.853 -0.011848 
0.854 -0.0117135 
0.855 -0.0115789 
0.856 -0.0114443 
0.857 -0.0113097 
0.858 -0.0111752 
0.859 -0.0110407 
0.86 -0.0109063 
0.861 -0.010772 
0.862 -0.0106377 
0.863 -0.0105036 
0.864 -0.0103695 
0.865 -0.0102357 
0.866 -0.010102 
0.867 -0.00996843 
0.868 -0.00983508 
0.869 -0.00970196 
0.87 -0.00956905 
0.871 -0.0094364 
0.872 -0.00930401 
0.873 -0.00917188 
0.874 -0.00904005 
0.875 -0.00890855 
0.876 -0.00877737 
0.877 -0.00864653 
0.878 -0.00851607 
0.879 -0.00838599 
0.88 -0.00825631 
0.881 -0.00812706 
0.882 -0.00799823 
0.883 -0.00786987 
0.884 -0.00774198 
0.885 -0.00761459 
0.886 -0.00748771 
0.887 -0.00736134 
0.888 -0.00723553 
0.889 -0.00711031 
0.89 -0.00698566 
0.891 -0.00686162 
0.892 -0.00673821 
0.893 -0.00661544 
0.894 -0.00649334 
0.895 -0.00637192 
0.896 -0.00625121 
0.897 -0.00613122 
0.898 -0.00601198 
0.899 -0.00589351 
0.9 -0.00577582 
0.901 -0.00565894 
0.902 -0.0055429 
0.903 -0.0054277 
0.904 -0.00531338 
0.905 -0.00519995 
0.906 -0.00508743 
0.907 -0.00497585 
0.908 -0.00486523 
0.909 -0.00475559 
0.91 -0.00464696 
0.911 -0.00453935 
0.912 -0.00443279 
0.913 -0.00432731 
0.914 -0.00422294 
0.915 -0.00411969 
0.916 -0.00401759 
0.917 -0.00391667 
0.918 -0.00381696 
0.919 -0.0037185 
0.92 -0.0036213 
0.921 -0.00352541 
0.922 -0.00343087 
0.923 -0.00333773 
0.924 -0.00324601 
0.925 -0.00315579 
0.926 -0.00306712 
0.927 -0.00298005 
0.928 -0.00289465 
0.929 -0.00281099 
0.93 -0.00272915 
0.931 -0.00264921 
0.932 -0.00257124 
0.933 -0.00249535 
0.934 -0.0024216 
0.935 -0.00235009 
0.936 -0.00228089 
0.937 -0.00221408 
0.938 -0.00214973 
0.939 -0.00208789 
0.94 -0.0020286 
0.941 -0.00197189 
0.942 -0.00191775 
0.943 -0.0018662 
0.944 -0.0018172 
0.945 -0.0017707 
0.946 -0.00172665 
0.947 -0.00168495 
0.948 -0.00164552 
0.949 -0.00160823 
0.95 -0.00157296 
0.951 -0.00153957 
0.952 -0.0015079 
0.953 -0.00147779 
0.954 -0.00144906 
0.955 -0.00142157 
0.956 -0.00139514 
0.957 -0.0013696 
0.958 -0.0013448 
0.959 -0.00132059 
0.96 -0.00129681 
0.961 -0.00127335 
0.962 -0.00125006 
0.963 -0.00122685 
0.964 -0.0012036 
0.965 -0.00118022 
0.966 -0.00115664 
0.967 -0.00113279 
0.968 -0.00110859 
0.969 -0.00108399 
0.97 -0.00105896 
0.971 -0.00103344 
0.972 -0.0010074 
0.973 -0.000980808 
0.974 -0.000953635 
0.975 -0.000925853 
0.976 -0.000897435 
0.977 -0.000868364 
0.978 -0.000838617 
0.979 -0.000808176 
0.98 -0.000777026 
0.981 -0.000745146 
0.982 -0.00071252 
0.983 -0.000679124 
0.984 -0.000644924 
0.985 -0.000609879 
0.986 -0.000573964 
0.987 -0.000537185 
0.988 -0.000499579 
0.989 -0.00046119 
0.99 -0.000422051 
0.991 -0.000382197 
0.992 -0.000341664 
0.993 -0.000300494 
0.994 -0.000258738 
0.995 -0.000216461 
0.996 -0.000173732 
0.997 -0.00013063 
0.998 -8.72432e-05 
0.999 -4.36619e-05 
1 1.79137e-08 
