0 0.499 
0.01 0.498999 
0.02 0.498998 
0.03 0.498997 
0.04 0.498996 
0.05 0.498996 
0.06 0.498995 
0.07 0.498994 
0.08 0.498993 
0.09 0.498992 
0.1 0.498991 
0.11 0.49899 
0.12 0.498989 
0.13 0.498988 
0.14 0.498988 
0.15 0.498987 
0.16 0.498986 
0.17 0.498985 
0.18 0.498984 
0.19 0.498983 
0.2 0.498982 
0.21 0.498981 
0.22 0.49898 
0.23 0.49898 
0.24 0.498979 
0.25 0.498978 
0.26 0.498977 
0.27 0.498976 
0.28 0.498975 
0.29 0.498974 
0.3 0.498973 
0.31 0.498972 
0.32 0.498971 
0.33 0.49897 
0.34 0.49897 
0.35 0.498969 
0.36 0.498968 
0.37 0.498967 
0.38 0.498966 
0.39 0.498965 
0.4 0.498964 
0.41 0.498963 
0.42 0.498962 
0.43 0.498961 
0.44 0.49896 
0.45 0.49896 
0.46 0.498959 
0.47 0.498958 
0.48 0.498957 
0.49 0.498956 
0.5 0.498955 
0.51 0.498954 
0.52 0.498953 
0.53 0.498952 
0.54 0.498951 
0.55 0.49895 
0.56 0.498949 
0.57 0.498948 
0.58 0.498948 
0.59 0.498947 
0.6 0.498946 
0.61 0.498945 
0.62 0.498944 
0.63 0.498943 
0.64 0.498942 
0.65 0.498941 
0.66 0.49894 
0.67 0.498939 
0.68 0.498938 
0.69 0.498937 
0.7 0.498936 
0.71 0.498935 
0.72 0.498934 
0.73 0.498933 
0.74 0.498933 
0.75 0.498932 
0.76 0.498931 
0.77 0.49893 
0.78 0.498929 
0.79 0.498928 
0.8 0.498927 
0.81 0.498926 
0.82 0.498925 
0.83 0.498924 
0.84 0.498923 
0.85 0.498922 
0.86 0.498921 
0.87 0.49892 
0.88 0.498919 
0.89 0.498918 
0.9 0.498917 
0.91 0.498916 
0.92 0.498915 
0.93 0.498914 
0.94 0.498914 
0.95 0.498913 
0.96 0.498912 
0.97 0.498911 
0.98 0.49891 
0.99 0.498909 
1 0.498908 
1.01 0.498907 
1.02 0.498906 
1.03 0.498905 
1.04 0.498904 
1.05 0.498903 
1.06 0.498902 
1.07 0.498901 
1.08 0.4989 
1.09 0.498899 
1.1 0.498898 
1.11 0.498897 
1.12 0.498896 
1.13 0.498895 
1.14 0.498894 
1.15 0.498893 
1.16 0.498892 
1.17 0.498891 
1.18 0.49889 
1.19 0.498889 
1.2 0.498888 
1.21 0.498887 
1.22 0.498886 
1.23 0.498885 
1.24 0.498884 
1.25 0.498883 
1.26 0.498882 
1.27 0.498881 
1.28 0.49888 
1.29 0.498879 
1.3 0.498878 
1.31 0.498877 
1.32 0.498876 
1.33 0.498875 
1.34 0.498874 
1.35 0.498873 
1.36 0.498872 
1.37 0.498871 
1.38 0.49887 
1.39 0.498869 
1.4 0.498868 
1.41 0.498867 
1.42 0.498866 
1.43 0.498865 
1.44 0.498865 
1.45 0.498863 
1.46 0.498862 
1.47 0.498861 
1.48 0.49886 
1.49 0.498859 
1.5 0.498858 
1.51 0.498857 
1.52 0.498856 
1.53 0.498855 
1.54 0.498854 
1.55 0.498853 
1.56 0.498852 
1.57 0.498851 
1.58 0.49885 
1.59 0.498849 
1.6 0.498848 
1.61 0.498847 
1.62 0.498846 
1.63 0.498845 
1.64 0.498844 
1.65 0.498843 
1.66 0.498842 
1.67 0.498841 
1.68 0.49884 
1.69 0.498839 
1.7 0.498838 
1.71 0.498837 
1.72 0.498836 
1.73 0.498835 
1.74 0.498834 
1.75 0.498833 
1.76 0.498832 
1.77 0.498831 
1.78 0.49883 
1.79 0.498829 
1.8 0.498828 
1.81 0.498827 
1.82 0.498826 
1.83 0.498825 
1.84 0.498824 
1.85 0.498823 
1.86 0.498822 
1.87 0.498821 
1.88 0.49882 
1.89 0.498818 
1.9 0.498817 
1.91 0.498816 
1.92 0.498815 
1.93 0.498814 
1.94 0.498813 
1.95 0.498812 
1.96 0.498811 
1.97 0.49881 
1.98 0.498809 
1.99 0.498808 
2 0.498807 
2.01 0.498806 
2.02 0.498805 
2.03 0.498804 
2.04 0.498803 
2.05 0.498802 
2.06 0.498801 
2.07 0.4988 
2.08 0.498798 
2.09 0.498797 
2.1 0.498796 
2.11 0.498795 
2.12 0.498794 
2.13 0.498793 
2.14 0.498792 
2.15 0.498791 
2.16 0.49879 
2.17 0.498789 
2.18 0.498788 
2.19 0.498787 
2.2 0.498786 
2.21 0.498785 
2.22 0.498784 
2.23 0.498782 
2.24 0.498781 
2.25 0.49878 
2.26 0.498779 
2.27 0.498778 
2.28 0.498777 
2.29 0.498776 
2.3 0.498775 
2.31 0.498774 
2.32 0.498773 
2.33 0.498772 
2.34 0.498771 
2.35 0.49877 
2.36 0.498768 
2.37 0.498767 
2.38 0.498766 
2.39 0.498765 
2.4 0.498764 
2.41 0.498763 
2.42 0.498762 
2.43 0.498761 
2.44 0.49876 
2.45 0.498759 
2.46 0.498758 
2.47 0.498756 
2.48 0.498755 
2.49 0.498754 
2.5 0.498753 
2.51 0.498752 
2.52 0.498751 
2.53 0.49875 
2.54 0.498749 
2.55 0.498748 
2.56 0.498746 
2.57 0.498745 
2.58 0.498744 
2.59 0.498743 
2.6 0.498742 
2.61 0.498741 
2.62 0.49874 
2.63 0.498739 
2.64 0.498738 
2.65 0.498737 
2.66 0.498735 
2.67 0.498734 
2.68 0.498733 
2.69 0.498732 
2.7 0.498731 
2.71 0.49873 
2.72 0.498729 
2.73 0.498728 
2.74 0.498726 
2.75 0.498725 
2.76 0.498724 
2.77 0.498723 
2.78 0.498722 
2.79 0.498721 
2.8 0.49872 
2.81 0.498719 
2.82 0.498717 
2.83 0.498716 
2.84 0.498715 
2.85 0.498714 
2.86 0.498713 
2.87 0.498712 
2.88 0.498711 
2.89 0.498709 
2.9 0.498708 
2.91 0.498707 
2.92 0.498706 
2.93 0.498705 
2.94 0.498704 
2.95 0.498703 
2.96 0.498701 
2.97 0.4987 
2.98 0.498699 
2.99 0.498698 
3 0.498697 
3.01 0.498696 
3.02 0.498695 
3.03 0.498693 
3.04 0.498692 
3.05 0.498691 
3.06 0.49869 
3.07 0.498689 
3.08 0.498688 
3.09 0.498686 
3.1 0.498685 
3.11 0.498684 
3.12 0.498683 
3.13 0.498682 
3.14 0.498681 
3.15 0.498679 
3.16 0.498678 
3.17 0.498677 
3.18 0.498676 
3.19 0.498675 
3.2 0.498674 
3.21 0.498672 
3.22 0.498671 
3.23 0.49867 
3.24 0.498669 
3.25 0.498668 
3.26 0.498667 
3.27 0.498665 
3.28 0.498664 
3.29 0.498663 
3.3 0.498662 
3.31 0.498661 
3.32 0.49866 
3.33 0.498658 
3.34 0.498657 
3.35 0.498656 
3.36 0.498655 
3.37 0.498654 
3.38 0.498652 
3.39 0.498651 
3.4 0.49865 
3.41 0.498649 
3.42 0.498648 
3.43 0.498646 
3.44 0.498645 
3.45 0.498644 
3.46 0.498643 
3.47 0.498642 
3.48 0.49864 
3.49 0.498639 
3.5 0.498638 
3.51 0.498637 
3.52 0.498636 
3.53 0.498634 
3.54 0.498633 
3.55 0.498632 
3.56 0.498631 
3.57 0.49863 
3.58 0.498628 
3.59 0.498627 
3.6 0.498626 
3.61 0.498625 
3.62 0.498624 
3.63 0.498622 
3.64 0.498621 
3.65 0.49862 
3.66 0.498619 
3.67 0.498618 
3.68 0.498616 
3.69 0.498615 
3.7 0.498614 
3.71 0.498613 
3.72 0.498611 
3.73 0.49861 
3.74 0.498609 
3.75 0.498608 
3.76 0.498606 
3.77 0.498605 
3.78 0.498604 
3.79 0.498603 
3.8 0.498602 
3.81 0.4986 
3.82 0.498599 
3.83 0.498598 
3.84 0.498597 
3.85 0.498595 
3.86 0.498594 
3.87 0.498593 
3.88 0.498592 
3.89 0.49859 
3.9 0.498589 
3.91 0.498588 
3.92 0.498587 
3.93 0.498585 
3.94 0.498584 
3.95 0.498583 
3.96 0.498582 
3.97 0.49858 
3.98 0.498579 
3.99 0.498578 
4 0.498577 
4.01 0.498575 
4.02 0.498574 
4.03 0.498573 
4.04 0.498572 
4.05 0.49857 
4.06 0.498569 
4.07 0.498568 
4.08 0.498567 
4.09 0.498565 
4.1 0.498564 
4.11 0.498563 
4.12 0.498561 
4.13 0.49856 
4.14 0.498559 
4.15 0.498558 
4.16 0.498556 
4.17 0.498555 
4.18 0.498554 
4.19 0.498553 
4.2 0.498551 
4.21 0.49855 
4.22 0.498549 
4.23 0.498547 
4.24 0.498546 
4.25 0.498545 
4.26 0.498544 
4.27 0.498542 
4.28 0.498541 
4.29 0.49854 
4.3 0.498538 
4.31 0.498537 
4.32 0.498536 
4.33 0.498535 
4.34 0.498533 
4.35 0.498532 
4.36 0.498531 
4.37 0.498529 
4.38 0.498528 
4.39 0.498527 
4.4 0.498526 
4.41 0.498524 
4.42 0.498523 
4.43 0.498522 
4.44 0.49852 
4.45 0.498519 
4.46 0.498518 
4.47 0.498516 
4.48 0.498515 
4.49 0.498514 
4.5 0.498512 
4.51 0.498511 
4.52 0.49851 
4.53 0.498508 
4.54 0.498507 
4.55 0.498506 
4.56 0.498505 
4.57 0.498503 
4.58 0.498502 
4.59 0.498501 
4.6 0.498499 
4.61 0.498498 
4.62 0.498497 
4.63 0.498495 
4.64 0.498494 
4.65 0.498493 
4.66 0.498491 
4.67 0.49849 
4.68 0.498489 
4.69 0.498487 
4.7 0.498486 
4.71 0.498485 
4.72 0.498483 
4.73 0.498482 
4.74 0.498481 
4.75 0.498479 
4.76 0.498478 
4.77 0.498477 
4.78 0.498475 
4.79 0.498474 
4.8 0.498473 
4.81 0.498471 
4.82 0.49847 
4.83 0.498468 
4.84 0.498467 
4.85 0.498466 
4.86 0.498464 
4.87 0.498463 
4.88 0.498462 
4.89 0.49846 
4.9 0.498459 
4.91 0.498458 
4.92 0.498456 
4.93 0.498455 
4.94 0.498454 
4.95 0.498452 
4.96 0.498451 
4.97 0.498449 
4.98 0.498448 
4.99 0.498447 
5 0.498445 
5.01 0.498444 
5.02 0.498443 
5.03 0.498441 
5.04 0.49844 
5.05 0.498438 
5.06 0.498437 
5.07 0.498436 
5.08 0.498434 
5.09 0.498433 
5.1 0.498432 
5.11 0.49843 
5.12 0.498429 
5.13 0.498427 
5.14 0.498426 
5.15 0.498425 
5.16 0.498423 
5.17 0.498422 
5.18 0.49842 
5.19 0.498419 
5.2 0.498418 
5.21 0.498416 
5.22 0.498415 
5.23 0.498413 
5.24 0.498412 
5.25 0.498411 
5.26 0.498409 
5.27 0.498408 
5.28 0.498406 
5.29 0.498405 
5.3 0.498404 
5.31 0.498402 
5.32 0.498401 
5.33 0.498399 
5.34 0.498398 
5.35 0.498397 
5.36 0.498395 
5.37 0.498394 
5.38 0.498392 
5.39 0.498391 
5.4 0.498389 
5.41 0.498388 
5.42 0.498387 
5.43 0.498385 
5.44 0.498384 
5.45 0.498382 
5.46 0.498381 
5.47 0.498379 
5.48 0.498378 
5.49 0.498377 
5.5 0.498375 
5.51 0.498374 
5.52 0.498372 
5.53 0.498371 
5.54 0.498369 
5.55 0.498368 
5.56 0.498367 
5.57 0.498365 
5.58 0.498364 
5.59 0.498362 
5.6 0.498361 
5.61 0.498359 
5.62 0.498358 
5.63 0.498356 
5.64 0.498355 
5.65 0.498354 
5.66 0.498352 
5.67 0.498351 
5.68 0.498349 
5.69 0.498348 
5.7 0.498346 
5.71 0.498345 
5.72 0.498343 
5.73 0.498342 
5.74 0.49834 
5.75 0.498339 
5.76 0.498337 
5.77 0.498336 
5.78 0.498335 
5.79 0.498333 
5.8 0.498332 
5.81 0.49833 
5.82 0.498329 
5.83 0.498327 
5.84 0.498326 
5.85 0.498324 
5.86 0.498323 
5.87 0.498321 
5.88 0.49832 
5.89 0.498318 
5.9 0.498317 
5.91 0.498315 
5.92 0.498314 
5.93 0.498312 
5.94 0.498311 
5.95 0.498309 
5.96 0.498308 
5.97 0.498306 
5.98 0.498305 
5.99 0.498303 
6 0.498302 
6.01 0.4983 
6.02 0.498299 
6.03 0.498297 
6.04 0.498296 
6.05 0.498294 
6.06 0.498293 
6.07 0.498291 
6.08 0.49829 
6.09 0.498288 
6.1 0.498287 
6.11 0.498285 
6.12 0.498284 
6.13 0.498282 
6.14 0.498281 
6.15 0.498279 
6.16 0.498278 
6.17 0.498276 
6.18 0.498275 
6.19 0.498273 
6.2 0.498272 
6.21 0.49827 
6.22 0.498269 
6.23 0.498267 
6.24 0.498266 
6.25 0.498264 
6.26 0.498262 
6.27 0.498261 
6.28 0.498259 
6.29 0.498258 
6.3 0.498256 
6.31 0.498255 
6.32 0.498253 
6.33 0.498252 
6.34 0.49825 
6.35 0.498249 
6.36 0.498247 
6.37 0.498246 
6.38 0.498244 
6.39 0.498242 
6.4 0.498241 
6.41 0.498239 
6.42 0.498238 
6.43 0.498236 
6.44 0.498235 
6.45 0.498233 
6.46 0.498232 
6.47 0.49823 
6.48 0.498228 
6.49 0.498227 
6.5 0.498225 
6.51 0.498224 
6.52 0.498222 
6.53 0.498221 
6.54 0.498219 
6.55 0.498217 
6.56 0.498216 
6.57 0.498214 
6.58 0.498213 
6.59 0.498211 
6.6 0.49821 
6.61 0.498208 
6.62 0.498206 
6.63 0.498205 
6.64 0.498203 
6.65 0.498202 
6.66 0.4982 
6.67 0.498198 
6.68 0.498197 
6.69 0.498195 
6.7 0.498194 
6.71 0.498192 
6.72 0.498191 
6.73 0.498189 
6.74 0.498187 
6.75 0.498186 
6.76 0.498184 
6.77 0.498183 
6.78 0.498181 
6.79 0.498179 
6.8 0.498178 
6.81 0.498176 
6.82 0.498174 
6.83 0.498173 
6.84 0.498171 
6.85 0.49817 
6.86 0.498168 
6.87 0.498166 
6.88 0.498165 
6.89 0.498163 
6.9 0.498162 
6.91 0.49816 
6.92 0.498158 
6.93 0.498157 
6.94 0.498155 
6.95 0.498153 
6.96 0.498152 
6.97 0.49815 
6.98 0.498149 
6.99 0.498147 
7 0.498145 
7.01 0.498144 
7.02 0.498142 
7.03 0.49814 
7.04 0.498139 
7.05 0.498137 
7.06 0.498135 
7.07 0.498134 
7.08 0.498132 
7.09 0.49813 
7.1 0.498129 
7.11 0.498127 
7.12 0.498126 
7.13 0.498124 
7.14 0.498122 
7.15 0.498121 
7.16 0.498119 
7.17 0.498117 
7.18 0.498116 
7.19 0.498114 
7.2 0.498112 
7.21 0.498111 
7.22 0.498109 
7.23 0.498107 
7.24 0.498106 
7.25 0.498104 
7.26 0.498102 
7.27 0.498101 
7.28 0.498099 
7.29 0.498097 
7.3 0.498096 
7.31 0.498094 
7.32 0.498092 
7.33 0.49809 
7.34 0.498089 
7.35 0.498087 
7.36 0.498085 
7.37 0.498084 
7.38 0.498082 
7.39 0.49808 
7.4 0.498079 
7.41 0.498077 
7.42 0.498075 
7.43 0.498074 
7.44 0.498072 
7.45 0.49807 
7.46 0.498068 
7.47 0.498067 
7.48 0.498065 
7.49 0.498063 
7.5 0.498062 
7.51 0.49806 
7.52 0.498058 
7.53 0.498056 
7.54 0.498055 
7.55 0.498053 
7.56 0.498051 
7.57 0.49805 
7.58 0.498048 
7.59 0.498046 
7.6 0.498044 
7.61 0.498043 
7.62 0.498041 
7.63 0.498039 
7.64 0.498037 
7.65 0.498036 
7.66 0.498034 
7.67 0.498032 
7.68 0.498031 
7.69 0.498029 
7.7 0.498027 
7.71 0.498025 
7.72 0.498024 
7.73 0.498022 
7.74 0.49802 
7.75 0.498018 
7.76 0.498017 
7.77 0.498015 
7.78 0.498013 
7.79 0.498011 
7.8 0.49801 
7.81 0.498008 
7.82 0.498006 
7.83 0.498004 
7.84 0.498003 
7.85 0.498001 
7.86 0.497999 
7.87 0.497997 
7.88 0.497995 
7.89 0.497994 
7.9 0.497992 
7.91 0.49799 
7.92 0.497988 
7.93 0.497987 
7.94 0.497985 
7.95 0.497983 
7.96 0.497981 
7.97 0.49798 
7.98 0.497978 
7.99 0.497976 
8 0.497974 
8.01 0.497972 
8.02 0.497971 
8.03 0.497969 
8.04 0.497967 
8.05 0.497965 
8.06 0.497963 
8.07 0.497962 
8.08 0.49796 
8.09 0.497958 
8.1 0.497956 
8.11 0.497954 
8.12 0.497953 
8.13 0.497951 
8.14 0.497949 
8.15 0.497947 
8.16 0.497945 
8.17 0.497944 
8.18 0.497942 
8.19 0.49794 
8.2 0.497938 
8.21 0.497936 
8.22 0.497934 
8.23 0.497933 
8.24 0.497931 
8.25 0.497929 
8.26 0.497927 
8.27 0.497925 
8.28 0.497923 
8.29 0.497922 
8.3 0.49792 
8.31 0.497918 
8.32 0.497916 
8.33 0.497914 
8.34 0.497912 
8.35 0.497911 
8.36 0.497909 
8.37 0.497907 
8.38 0.497905 
8.39 0.497903 
8.4 0.497901 
8.41 0.4979 
8.42 0.497898 
8.43 0.497896 
8.44 0.497894 
8.45 0.497892 
8.46 0.49789 
8.47 0.497888 
8.48 0.497887 
8.49 0.497885 
8.5 0.497883 
8.51 0.497881 
8.52 0.497879 
8.53 0.497877 
8.54 0.497875 
8.55 0.497873 
8.56 0.497872 
8.57 0.49787 
8.58 0.497868 
8.59 0.497866 
8.6 0.497864 
8.61 0.497862 
8.62 0.49786 
8.63 0.497858 
8.64 0.497856 
8.65 0.497855 
8.66 0.497853 
8.67 0.497851 
8.68 0.497849 
8.69 0.497847 
8.7 0.497845 
8.71 0.497843 
8.72 0.497841 
8.73 0.497839 
8.74 0.497838 
8.75 0.497836 
8.76 0.497834 
8.77 0.497832 
8.78 0.49783 
8.79 0.497828 
8.8 0.497826 
8.81 0.497824 
8.82 0.497822 
8.83 0.49782 
8.84 0.497818 
8.85 0.497816 
8.86 0.497815 
8.87 0.497813 
8.88 0.497811 
8.89 0.497809 
8.9 0.497807 
8.91 0.497805 
8.92 0.497803 
8.93 0.497801 
8.94 0.497799 
8.95 0.497797 
8.96 0.497795 
8.97 0.497793 
8.98 0.497791 
8.99 0.497789 
9 0.497787 
9.01 0.497785 
9.02 0.497783 
9.03 0.497781 
9.04 0.49778 
9.05 0.497778 
9.06 0.497776 
9.07 0.497774 
9.08 0.497772 
9.09 0.49777 
9.1 0.497768 
9.11 0.497766 
9.12 0.497764 
9.13 0.497762 
9.14 0.49776 
9.15 0.497758 
9.16 0.497756 
9.17 0.497754 
9.18 0.497752 
9.19 0.49775 
9.2 0.497748 
9.21 0.497746 
9.22 0.497744 
9.23 0.497742 
9.24 0.49774 
9.25 0.497738 
9.26 0.497736 
9.27 0.497734 
9.28 0.497732 
9.29 0.49773 
9.3 0.497728 
9.31 0.497726 
9.32 0.497724 
9.33 0.497722 
9.34 0.49772 
9.35 0.497718 
9.36 0.497716 
9.37 0.497714 
9.38 0.497712 
9.39 0.49771 
9.4 0.497708 
9.41 0.497706 
9.42 0.497704 
9.43 0.497702 
9.44 0.4977 
9.45 0.497698 
9.46 0.497696 
9.47 0.497694 
9.48 0.497692 
9.49 0.49769 
9.5 0.497688 
9.51 0.497686 
9.52 0.497683 
9.53 0.497681 
9.54 0.497679 
9.55 0.497677 
9.56 0.497675 
9.57 0.497673 
9.58 0.497671 
9.59 0.497669 
9.6 0.497667 
9.61 0.497665 
9.62 0.497663 
9.63 0.497661 
9.64 0.497659 
9.65 0.497657 
9.66 0.497655 
9.67 0.497653 
9.68 0.497651 
9.69 0.497648 
9.7 0.497646 
9.71 0.497644 
9.72 0.497642 
9.73 0.49764 
9.74 0.497638 
9.75 0.497636 
9.76 0.497634 
9.77 0.497632 
9.78 0.49763 
9.79 0.497628 
9.8 0.497626 
9.81 0.497623 
9.82 0.497621 
9.83 0.497619 
9.84 0.497617 
9.85 0.497615 
9.86 0.497613 
9.87 0.497611 
9.88 0.497609 
9.89 0.497607 
9.9 0.497605 
9.91 0.497602 
9.92 0.4976 
9.93 0.497598 
9.94 0.497596 
9.95 0.497594 
9.96 0.497592 
9.97 0.49759 
9.98 0.497588 
9.99 0.497585 
10 0.497583 
10.01 0.497581 
10.02 0.497579 
10.03 0.497577 
10.04 0.497575 
10.05 0.497573 
10.06 0.49757 
10.07 0.497568 
10.08 0.497566 
10.09 0.497564 
10.1 0.497562 
10.11 0.49756 
10.12 0.497558 
10.13 0.497555 
10.14 0.497553 
10.15 0.497551 
10.16 0.497549 
10.17 0.497547 
10.18 0.497545 
10.19 0.497542 
10.2 0.49754 
10.21 0.497538 
10.22 0.497536 
10.23 0.497534 
10.24 0.497532 
10.25 0.497529 
10.26 0.497527 
10.27 0.497525 
10.28 0.497523 
10.29 0.497521 
10.3 0.497518 
10.31 0.497516 
10.32 0.497514 
10.33 0.497512 
10.34 0.49751 
10.35 0.497508 
10.36 0.497505 
10.37 0.497503 
10.38 0.497501 
10.39 0.497499 
10.4 0.497497 
10.41 0.497494 
10.42 0.497492 
10.43 0.49749 
10.44 0.497488 
10.45 0.497485 
10.46 0.497483 
10.47 0.497481 
10.48 0.497479 
10.49 0.497477 
10.5 0.497474 
10.51 0.497472 
10.52 0.49747 
10.53 0.497468 
10.54 0.497465 
10.55 0.497463 
10.56 0.497461 
10.57 0.497459 
10.58 0.497456 
10.59 0.497454 
10.6 0.497452 
10.61 0.49745 
10.62 0.497447 
10.63 0.497445 
10.64 0.497443 
10.65 0.497441 
10.66 0.497438 
10.67 0.497436 
10.68 0.497434 
10.69 0.497432 
10.7 0.497429 
10.71 0.497427 
10.72 0.497425 
10.73 0.497423 
10.74 0.49742 
10.75 0.497418 
10.76 0.497416 
10.77 0.497413 
10.78 0.497411 
10.79 0.497409 
10.8 0.497407 
10.81 0.497404 
10.82 0.497402 
10.83 0.4974 
10.84 0.497397 
10.85 0.497395 
10.86 0.497393 
10.87 0.497391 
10.88 0.497388 
10.89 0.497386 
10.9 0.497384 
10.91 0.497381 
10.92 0.497379 
10.93 0.497377 
10.94 0.497374 
10.95 0.497372 
10.96 0.49737 
10.97 0.497367 
10.98 0.497365 
10.99 0.497363 
11 0.49736 
11.01 0.497358 
11.02 0.497356 
11.03 0.497353 
11.04 0.497351 
11.05 0.497349 
11.06 0.497346 
11.07 0.497344 
11.08 0.497342 
11.09 0.497339 
11.1 0.497337 
11.11 0.497335 
11.12 0.497332 
11.13 0.49733 
11.14 0.497328 
11.15 0.497325 
11.16 0.497323 
11.17 0.497321 
11.18 0.497318 
11.19 0.497316 
11.2 0.497313 
11.21 0.497311 
11.22 0.497309 
11.23 0.497306 
11.24 0.497304 
11.25 0.497302 
11.26 0.497299 
11.27 0.497297 
11.28 0.497294 
11.29 0.497292 
11.3 0.49729 
11.31 0.497287 
11.32 0.497285 
11.33 0.497282 
11.34 0.49728 
11.35 0.497278 
11.36 0.497275 
11.37 0.497273 
11.38 0.49727 
11.39 0.497268 
11.4 0.497266 
11.41 0.497263 
11.42 0.497261 
11.43 0.497258 
11.44 0.497256 
11.45 0.497254 
11.46 0.497251 
11.47 0.497249 
11.48 0.497246 
11.49 0.497244 
11.5 0.497241 
11.51 0.497239 
11.52 0.497237 
11.53 0.497234 
11.54 0.497232 
11.55 0.497229 
11.56 0.497227 
11.57 0.497224 
11.58 0.497222 
11.59 0.497219 
11.6 0.497217 
11.61 0.497215 
11.62 0.497212 
11.63 0.49721 
11.64 0.497207 
11.65 0.497205 
11.66 0.497202 
11.67 0.4972 
11.68 0.497197 
11.69 0.497195 
11.7 0.497192 
11.71 0.49719 
11.72 0.497187 
11.73 0.497185 
11.74 0.497182 
11.75 0.49718 
11.76 0.497177 
11.77 0.497175 
11.78 0.497172 
11.79 0.49717 
11.8 0.497167 
11.81 0.497165 
11.82 0.497162 
11.83 0.49716 
11.84 0.497157 
11.85 0.497155 
11.86 0.497152 
11.87 0.49715 
11.88 0.497147 
11.89 0.497145 
11.9 0.497142 
11.91 0.49714 
11.92 0.497137 
11.93 0.497135 
11.94 0.497132 
11.95 0.49713 
11.96 0.497127 
11.97 0.497125 
11.98 0.497122 
11.99 0.49712 
12 0.497117 
12.01 0.497115 
12.02 0.497112 
12.03 0.497109 
12.04 0.497107 
12.05 0.497104 
12.06 0.497102 
12.07 0.497099 
12.08 0.497097 
12.09 0.497094 
12.1 0.497092 
12.11 0.497089 
12.12 0.497086 
12.13 0.497084 
12.14 0.497081 
12.15 0.497079 
12.16 0.497076 
12.17 0.497074 
12.18 0.497071 
12.19 0.497068 
12.2 0.497066 
12.21 0.497063 
12.22 0.497061 
12.23 0.497058 
12.24 0.497055 
12.25 0.497053 
12.26 0.49705 
12.27 0.497048 
12.28 0.497045 
12.29 0.497042 
12.3 0.49704 
12.31 0.497037 
12.32 0.497035 
12.33 0.497032 
12.34 0.497029 
12.35 0.497027 
12.36 0.497024 
12.37 0.497021 
12.38 0.497019 
12.39 0.497016 
12.4 0.497014 
12.41 0.497011 
12.42 0.497008 
12.43 0.497006 
12.44 0.497003 
12.45 0.497 
12.46 0.496998 
12.47 0.496995 
12.48 0.496992 
12.49 0.49699 
12.5 0.496987 
12.51 0.496984 
12.52 0.496982 
12.53 0.496979 
12.54 0.496976 
12.55 0.496974 
12.56 0.496971 
12.57 0.496968 
12.58 0.496966 
12.59 0.496963 
12.6 0.49696 
12.61 0.496958 
12.62 0.496955 
12.63 0.496952 
12.64 0.49695 
12.65 0.496947 
12.66 0.496944 
12.67 0.496942 
12.68 0.496939 
12.69 0.496936 
12.7 0.496933 
12.71 0.496931 
12.72 0.496928 
12.73 0.496925 
12.74 0.496923 
12.75 0.49692 
12.76 0.496917 
12.77 0.496914 
12.78 0.496912 
12.79 0.496909 
12.8 0.496906 
12.81 0.496904 
12.82 0.496901 
12.83 0.496898 
12.84 0.496895 
12.85 0.496893 
12.86 0.49689 
12.87 0.496887 
12.88 0.496884 
12.89 0.496882 
12.9 0.496879 
12.91 0.496876 
12.92 0.496873 
12.93 0.496871 
12.94 0.496868 
12.95 0.496865 
12.96 0.496862 
12.97 0.49686 
12.98 0.496857 
12.99 0.496854 
13 0.496851 
13.01 0.496848 
13.02 0.496846 
13.03 0.496843 
13.04 0.49684 
13.05 0.496837 
13.06 0.496834 
13.07 0.496832 
13.08 0.496829 
13.09 0.496826 
13.1 0.496823 
13.11 0.49682 
13.12 0.496818 
13.13 0.496815 
13.14 0.496812 
13.15 0.496809 
13.16 0.496806 
13.17 0.496804 
13.18 0.496801 
13.19 0.496798 
13.2 0.496795 
13.21 0.496792 
13.22 0.496789 
13.23 0.496787 
13.24 0.496784 
13.25 0.496781 
13.26 0.496778 
13.27 0.496775 
13.28 0.496772 
13.29 0.49677 
13.3 0.496767 
13.31 0.496764 
13.32 0.496761 
13.33 0.496758 
13.34 0.496755 
13.35 0.496752 
13.36 0.49675 
13.37 0.496747 
13.38 0.496744 
13.39 0.496741 
13.4 0.496738 
13.41 0.496735 
13.42 0.496732 
13.43 0.496729 
13.44 0.496727 
13.45 0.496724 
13.46 0.496721 
13.47 0.496718 
13.48 0.496715 
13.49 0.496712 
13.5 0.496709 
13.51 0.496706 
13.52 0.496703 
13.53 0.4967 
13.54 0.496698 
13.55 0.496695 
13.56 0.496692 
13.57 0.496689 
13.58 0.496686 
13.59 0.496683 
13.6 0.49668 
13.61 0.496677 
13.62 0.496674 
13.63 0.496671 
13.64 0.496668 
13.65 0.496665 
13.66 0.496662 
13.67 0.496659 
13.68 0.496657 
13.69 0.496654 
13.7 0.496651 
13.71 0.496648 
13.72 0.496645 
13.73 0.496642 
13.74 0.496639 
13.75 0.496636 
13.76 0.496633 
13.77 0.49663 
13.78 0.496627 
13.79 0.496624 
13.8 0.496621 
13.81 0.496618 
13.82 0.496615 
13.83 0.496612 
13.84 0.496609 
13.85 0.496606 
13.86 0.496603 
13.87 0.4966 
13.88 0.496597 
13.89 0.496594 
13.9 0.496591 
13.91 0.496588 
13.92 0.496585 
13.93 0.496582 
13.94 0.496579 
13.95 0.496576 
13.96 0.496573 
13.97 0.49657 
13.98 0.496567 
13.99 0.496564 
14 0.496561 
14.01 0.496558 
14.02 0.496555 
14.03 0.496552 
14.04 0.496549 
14.05 0.496546 
14.06 0.496543 
14.07 0.49654 
14.08 0.496536 
14.09 0.496533 
14.1 0.49653 
14.11 0.496527 
14.12 0.496524 
14.13 0.496521 
14.14 0.496518 
14.15 0.496515 
14.16 0.496512 
14.17 0.496509 
14.18 0.496506 
14.19 0.496503 
14.2 0.4965 
14.21 0.496497 
14.22 0.496493 
14.23 0.49649 
14.24 0.496487 
14.25 0.496484 
14.26 0.496481 
14.27 0.496478 
14.28 0.496475 
14.29 0.496472 
14.3 0.496469 
14.31 0.496466 
14.32 0.496462 
14.33 0.496459 
14.34 0.496456 
14.35 0.496453 
14.36 0.49645 
14.37 0.496447 
14.38 0.496444 
14.39 0.49644 
14.4 0.496437 
14.41 0.496434 
14.42 0.496431 
14.43 0.496428 
14.44 0.496425 
14.45 0.496422 
14.46 0.496418 
14.47 0.496415 
14.48 0.496412 
14.49 0.496409 
14.5 0.496406 
14.51 0.496403 
14.52 0.496399 
14.53 0.496396 
14.54 0.496393 
14.55 0.49639 
14.56 0.496387 
14.57 0.496384 
14.58 0.49638 
14.59 0.496377 
14.6 0.496374 
14.61 0.496371 
14.62 0.496368 
14.63 0.496364 
14.64 0.496361 
14.65 0.496358 
14.66 0.496355 
14.67 0.496351 
14.68 0.496348 
14.69 0.496345 
14.7 0.496342 
14.71 0.496339 
14.72 0.496335 
14.73 0.496332 
14.74 0.496329 
14.75 0.496326 
14.76 0.496322 
14.77 0.496319 
14.78 0.496316 
14.79 0.496313 
14.8 0.496309 
14.81 0.496306 
14.82 0.496303 
14.83 0.4963 
14.84 0.496296 
14.85 0.496293 
14.86 0.49629 
14.87 0.496287 
14.88 0.496283 
14.89 0.49628 
14.9 0.496277 
14.91 0.496273 
14.92 0.49627 
14.93 0.496267 
14.94 0.496264 
14.95 0.49626 
14.96 0.496257 
14.97 0.496254 
14.98 0.49625 
14.99 0.496247 
15 0.496244 
15.01 0.49624 
15.02 0.496237 
15.03 0.496234 
15.04 0.49623 
15.05 0.496227 
15.06 0.496224 
15.07 0.49622 
15.08 0.496217 
15.09 0.496214 
15.1 0.49621 
15.11 0.496207 
15.12 0.496204 
15.13 0.4962 
15.14 0.496197 
15.15 0.496194 
15.16 0.49619 
15.17 0.496187 
15.18 0.496184 
15.19 0.49618 
15.2 0.496177 
15.21 0.496174 
15.22 0.49617 
15.23 0.496167 
15.24 0.496163 
15.25 0.49616 
15.26 0.496157 
15.27 0.496153 
15.28 0.49615 
15.29 0.496146 
15.3 0.496143 
15.31 0.49614 
15.32 0.496136 
15.33 0.496133 
15.34 0.496129 
15.35 0.496126 
15.36 0.496123 
15.37 0.496119 
15.38 0.496116 
15.39 0.496112 
15.4 0.496109 
15.41 0.496105 
15.42 0.496102 
15.43 0.496099 
15.44 0.496095 
15.45 0.496092 
15.46 0.496088 
15.47 0.496085 
15.48 0.496081 
15.49 0.496078 
15.5 0.496074 
15.51 0.496071 
15.52 0.496067 
15.53 0.496064 
15.54 0.49606 
15.55 0.496057 
15.56 0.496054 
15.57 0.49605 
15.58 0.496047 
15.59 0.496043 
15.6 0.49604 
15.61 0.496036 
15.62 0.496033 
15.63 0.496029 
15.64 0.496026 
15.65 0.496022 
15.66 0.496019 
15.67 0.496015 
15.68 0.496012 
15.69 0.496008 
15.7 0.496004 
15.71 0.496001 
15.72 0.495997 
15.73 0.495994 
15.74 0.49599 
15.75 0.495987 
15.76 0.495983 
15.77 0.49598 
15.78 0.495976 
15.79 0.495973 
15.8 0.495969 
15.81 0.495966 
15.82 0.495962 
15.83 0.495958 
15.84 0.495955 
15.85 0.495951 
15.86 0.495948 
15.87 0.495944 
15.88 0.495941 
15.89 0.495937 
15.9 0.495933 
15.91 0.49593 
15.92 0.495926 
15.93 0.495923 
15.94 0.495919 
15.95 0.495915 
15.96 0.495912 
15.97 0.495908 
15.98 0.495905 
15.99 0.495901 
16 0.495897 
16.01 0.495894 
16.02 0.49589 
16.03 0.495886 
16.04 0.495883 
16.05 0.495879 
16.06 0.495876 
16.07 0.495872 
16.08 0.495868 
16.09 0.495865 
16.1 0.495861 
16.11 0.495857 
16.12 0.495854 
16.13 0.49585 
16.14 0.495846 
16.15 0.495843 
16.16 0.495839 
16.17 0.495835 
16.18 0.495832 
16.19 0.495828 
16.2 0.495824 
16.21 0.495821 
16.22 0.495817 
16.23 0.495813 
16.24 0.49581 
16.25 0.495806 
16.26 0.495802 
16.27 0.495798 
16.28 0.495795 
16.29 0.495791 
16.3 0.495787 
16.31 0.495784 
16.32 0.49578 
16.33 0.495776 
16.34 0.495772 
16.35 0.495769 
16.36 0.495765 
16.37 0.495761 
16.38 0.495757 
16.39 0.495754 
16.4 0.49575 
16.41 0.495746 
16.42 0.495742 
16.43 0.495739 
16.44 0.495735 
16.45 0.495731 
16.46 0.495727 
16.47 0.495724 
16.48 0.49572 
16.49 0.495716 
16.5 0.495712 
16.51 0.495709 
16.52 0.495705 
16.53 0.495701 
16.54 0.495697 
16.55 0.495693 
16.56 0.49569 
16.57 0.495686 
16.58 0.495682 
16.59 0.495678 
16.6 0.495674 
16.61 0.495671 
16.62 0.495667 
16.63 0.495663 
16.64 0.495659 
16.65 0.495655 
16.66 0.495651 
16.67 0.495648 
16.68 0.495644 
16.69 0.49564 
16.7 0.495636 
16.71 0.495632 
16.72 0.495628 
16.73 0.495624 
16.74 0.495621 
16.75 0.495617 
16.76 0.495613 
16.77 0.495609 
16.78 0.495605 
16.79 0.495601 
16.8 0.495597 
16.81 0.495593 
16.82 0.49559 
16.83 0.495586 
16.84 0.495582 
16.85 0.495578 
16.86 0.495574 
16.87 0.49557 
16.88 0.495566 
16.89 0.495562 
16.9 0.495558 
16.91 0.495554 
16.92 0.495551 
16.93 0.495547 
16.94 0.495543 
16.95 0.495539 
16.96 0.495535 
16.97 0.495531 
16.98 0.495527 
16.99 0.495523 
17 0.495519 
17.01 0.495515 
17.02 0.495511 
17.03 0.495507 
17.04 0.495503 
17.05 0.495499 
17.06 0.495495 
17.07 0.495491 
17.08 0.495487 
17.09 0.495483 
17.1 0.495479 
17.11 0.495475 
17.12 0.495471 
17.13 0.495467 
17.14 0.495463 
17.15 0.495459 
17.16 0.495455 
17.17 0.495451 
17.18 0.495447 
17.19 0.495443 
17.2 0.495439 
17.21 0.495435 
17.22 0.495431 
17.23 0.495427 
17.24 0.495423 
17.25 0.495419 
17.26 0.495415 
17.27 0.495411 
17.28 0.495407 
17.29 0.495403 
17.3 0.495399 
17.31 0.495395 
17.32 0.495391 
17.33 0.495387 
17.34 0.495383 
17.35 0.495379 
17.36 0.495374 
17.37 0.49537 
17.38 0.495366 
17.39 0.495362 
17.4 0.495358 
17.41 0.495354 
17.42 0.49535 
17.43 0.495346 
17.44 0.495342 
17.45 0.495338 
17.46 0.495333 
17.47 0.495329 
17.48 0.495325 
17.49 0.495321 
17.5 0.495317 
17.51 0.495313 
17.52 0.495309 
17.53 0.495305 
17.54 0.4953 
17.55 0.495296 
17.56 0.495292 
17.57 0.495288 
17.58 0.495284 
17.59 0.49528 
17.6 0.495276 
17.61 0.495271 
17.62 0.495267 
17.63 0.495263 
17.64 0.495259 
17.65 0.495255 
17.66 0.49525 
17.67 0.495246 
17.68 0.495242 
17.69 0.495238 
17.7 0.495234 
17.71 0.495229 
17.72 0.495225 
17.73 0.495221 
17.74 0.495217 
17.75 0.495213 
17.76 0.495208 
17.77 0.495204 
17.78 0.4952 
17.79 0.495196 
17.8 0.495191 
17.81 0.495187 
17.82 0.495183 
17.83 0.495179 
17.84 0.495174 
17.85 0.49517 
17.86 0.495166 
17.87 0.495162 
17.88 0.495157 
17.89 0.495153 
17.9 0.495149 
17.91 0.495145 
17.92 0.49514 
17.93 0.495136 
17.94 0.495132 
17.95 0.495127 
17.96 0.495123 
17.97 0.495119 
17.98 0.495114 
17.99 0.49511 
18 0.495106 
18.01 0.495102 
18.02 0.495097 
18.03 0.495093 
18.04 0.495089 
18.05 0.495084 
18.06 0.49508 
18.07 0.495076 
18.08 0.495071 
18.09 0.495067 
18.1 0.495063 
18.11 0.495058 
18.12 0.495054 
18.13 0.495049 
18.14 0.495045 
18.15 0.495041 
18.16 0.495036 
18.17 0.495032 
18.18 0.495028 
18.19 0.495023 
18.2 0.495019 
18.21 0.495014 
18.22 0.49501 
18.23 0.495006 
18.24 0.495001 
18.25 0.494997 
18.26 0.494992 
18.27 0.494988 
18.28 0.494983 
18.29 0.494979 
18.3 0.494975 
18.31 0.49497 
18.32 0.494966 
18.33 0.494961 
18.34 0.494957 
18.35 0.494952 
18.36 0.494948 
18.37 0.494944 
18.38 0.494939 
18.39 0.494935 
18.4 0.49493 
18.41 0.494926 
18.42 0.494921 
18.43 0.494917 
18.44 0.494912 
18.45 0.494908 
18.46 0.494903 
18.47 0.494899 
18.48 0.494894 
18.49 0.49489 
18.5 0.494885 
18.51 0.494881 
18.52 0.494876 
18.53 0.494872 
18.54 0.494867 
18.55 0.494863 
18.56 0.494858 
18.57 0.494854 
18.58 0.494849 
18.59 0.494844 
18.6 0.49484 
18.61 0.494835 
18.62 0.494831 
18.63 0.494826 
18.64 0.494822 
18.65 0.494817 
18.66 0.494813 
18.67 0.494808 
18.68 0.494803 
18.69 0.494799 
18.7 0.494794 
18.71 0.49479 
18.72 0.494785 
18.73 0.49478 
18.74 0.494776 
18.75 0.494771 
18.76 0.494767 
18.77 0.494762 
18.78 0.494757 
18.79 0.494753 
18.8 0.494748 
18.81 0.494743 
18.82 0.494739 
18.83 0.494734 
18.84 0.49473 
18.85 0.494725 
18.86 0.49472 
18.87 0.494716 
18.88 0.494711 
18.89 0.494706 
18.9 0.494702 
18.91 0.494697 
18.92 0.494692 
18.93 0.494688 
18.94 0.494683 
18.95 0.494678 
18.96 0.494673 
18.97 0.494669 
18.98 0.494664 
18.99 0.494659 
19 0.494655 
19.01 0.49465 
19.02 0.494645 
19.03 0.49464 
19.04 0.494636 
19.05 0.494631 
19.06 0.494626 
19.07 0.494622 
19.08 0.494617 
19.09 0.494612 
19.1 0.494607 
19.11 0.494603 
19.12 0.494598 
19.13 0.494593 
19.14 0.494588 
19.15 0.494583 
19.16 0.494579 
19.17 0.494574 
19.18 0.494569 
19.19 0.494564 
19.2 0.49456 
19.21 0.494555 
19.22 0.49455 
19.23 0.494545 
19.24 0.49454 
19.25 0.494535 
19.26 0.494531 
19.27 0.494526 
19.28 0.494521 
19.29 0.494516 
19.3 0.494511 
19.31 0.494506 
19.32 0.494502 
19.33 0.494497 
19.34 0.494492 
19.35 0.494487 
19.36 0.494482 
19.37 0.494477 
19.38 0.494472 
19.39 0.494468 
19.4 0.494463 
19.41 0.494458 
19.42 0.494453 
19.43 0.494448 
19.44 0.494443 
19.45 0.494438 
19.46 0.494433 
19.47 0.494428 
19.48 0.494424 
19.49 0.494419 
19.5 0.494414 
19.51 0.494409 
19.52 0.494404 
19.53 0.494399 
19.54 0.494394 
19.55 0.494389 
19.56 0.494384 
19.57 0.494379 
19.58 0.494374 
19.59 0.494369 
19.6 0.494364 
19.61 0.494359 
19.62 0.494354 
19.63 0.494349 
19.64 0.494344 
19.65 0.494339 
19.66 0.494334 
19.67 0.494329 
19.68 0.494324 
19.69 0.494319 
19.7 0.494314 
19.71 0.494309 
19.72 0.494304 
19.73 0.494299 
19.74 0.494294 
19.75 0.494289 
19.76 0.494284 
19.77 0.494279 
19.78 0.494274 
19.79 0.494269 
19.8 0.494264 
19.81 0.494259 
19.82 0.494254 
19.83 0.494249 
19.84 0.494244 
19.85 0.494239 
19.86 0.494233 
19.87 0.494228 
19.88 0.494223 
19.89 0.494218 
19.9 0.494213 
19.91 0.494208 
19.92 0.494203 
19.93 0.494198 
19.94 0.494193 
19.95 0.494188 
19.96 0.494182 
19.97 0.494177 
19.98 0.494172 
19.99 0.494167 
20 0.494162 
20.01 0.494157 
20.02 0.494152 
20.03 0.494146 
20.04 0.494141 
20.05 0.494136 
20.06 0.494131 
20.07 0.494126 
20.08 0.494121 
20.09 0.494115 
20.1 0.49411 
20.11 0.494105 
20.12 0.4941 
20.13 0.494095 
20.14 0.494089 
20.15 0.494084 
20.16 0.494079 
20.17 0.494074 
20.18 0.494068 
20.19 0.494063 
20.2 0.494058 
20.21 0.494053 
20.22 0.494047 
20.23 0.494042 
20.24 0.494037 
20.25 0.494032 
20.26 0.494026 
20.27 0.494021 
20.28 0.494016 
20.29 0.494011 
20.3 0.494005 
20.31 0.494 
20.32 0.493995 
20.33 0.493989 
20.34 0.493984 
20.35 0.493979 
20.36 0.493974 
20.37 0.493968 
20.38 0.493963 
20.39 0.493958 
20.4 0.493952 
20.41 0.493947 
20.42 0.493942 
20.43 0.493936 
20.44 0.493931 
20.45 0.493925 
20.46 0.49392 
20.47 0.493915 
20.48 0.493909 
20.49 0.493904 
20.5 0.493899 
20.51 0.493893 
20.52 0.493888 
20.53 0.493882 
20.54 0.493877 
20.55 0.493872 
20.56 0.493866 
20.57 0.493861 
20.58 0.493855 
20.59 0.49385 
20.6 0.493845 
20.61 0.493839 
20.62 0.493834 
20.63 0.493828 
20.64 0.493823 
20.65 0.493817 
20.66 0.493812 
20.67 0.493807 
20.68 0.493801 
20.69 0.493796 
20.7 0.49379 
20.71 0.493785 
20.72 0.493779 
20.73 0.493774 
20.74 0.493768 
20.75 0.493763 
20.76 0.493757 
20.77 0.493752 
20.78 0.493746 
20.79 0.493741 
20.8 0.493735 
20.81 0.49373 
20.82 0.493724 
20.83 0.493719 
20.84 0.493713 
20.85 0.493707 
20.86 0.493702 
20.87 0.493696 
20.88 0.493691 
20.89 0.493685 
20.9 0.49368 
20.91 0.493674 
20.92 0.493668 
20.93 0.493663 
20.94 0.493657 
20.95 0.493652 
20.96 0.493646 
20.97 0.49364 
20.98 0.493635 
20.99 0.493629 
21 0.493624 
21.01 0.493618 
21.02 0.493612 
21.03 0.493607 
21.04 0.493601 
21.05 0.493595 
21.06 0.49359 
21.07 0.493584 
21.08 0.493578 
21.09 0.493573 
21.1 0.493567 
21.11 0.493561 
21.12 0.493556 
21.13 0.49355 
21.14 0.493544 
21.15 0.493539 
21.16 0.493533 
21.17 0.493527 
21.18 0.493522 
21.19 0.493516 
21.2 0.49351 
21.21 0.493504 
21.22 0.493499 
21.23 0.493493 
21.24 0.493487 
21.25 0.493481 
21.26 0.493476 
21.27 0.49347 
21.28 0.493464 
21.29 0.493458 
21.3 0.493453 
21.31 0.493447 
21.32 0.493441 
21.33 0.493435 
21.34 0.49343 
21.35 0.493424 
21.36 0.493418 
21.37 0.493412 
21.38 0.493406 
21.39 0.493401 
21.4 0.493395 
21.41 0.493389 
21.42 0.493383 
21.43 0.493377 
21.44 0.493371 
21.45 0.493366 
21.46 0.49336 
21.47 0.493354 
21.48 0.493348 
21.49 0.493342 
21.5 0.493336 
21.51 0.49333 
21.52 0.493324 
21.53 0.493319 
21.54 0.493313 
21.55 0.493307 
21.56 0.493301 
21.57 0.493295 
21.58 0.493289 
21.59 0.493283 
21.6 0.493277 
21.61 0.493271 
21.62 0.493265 
21.63 0.493259 
21.64 0.493253 
21.65 0.493248 
21.66 0.493242 
21.67 0.493236 
21.68 0.49323 
21.69 0.493224 
21.7 0.493218 
21.71 0.493212 
21.72 0.493206 
21.73 0.4932 
21.74 0.493194 
21.75 0.493188 
21.76 0.493182 
21.77 0.493176 
21.78 0.49317 
21.79 0.493164 
21.8 0.493158 
21.81 0.493152 
21.82 0.493146 
21.83 0.493139 
21.84 0.493133 
21.85 0.493127 
21.86 0.493121 
21.87 0.493115 
21.88 0.493109 
21.89 0.493103 
21.9 0.493097 
21.91 0.493091 
21.92 0.493085 
21.93 0.493079 
21.94 0.493073 
21.95 0.493067 
21.96 0.49306 
21.97 0.493054 
21.98 0.493048 
21.99 0.493042 
22 0.493036 
22.01 0.49303 
22.02 0.493024 
22.03 0.493017 
22.04 0.493011 
22.05 0.493005 
22.06 0.492999 
22.07 0.492993 
22.08 0.492987 
22.09 0.49298 
22.1 0.492974 
22.11 0.492968 
22.12 0.492962 
22.13 0.492956 
22.14 0.492949 
22.15 0.492943 
22.16 0.492937 
22.17 0.492931 
22.18 0.492924 
22.19 0.492918 
22.2 0.492912 
22.21 0.492906 
22.22 0.492899 
22.23 0.492893 
22.24 0.492887 
22.25 0.492881 
22.26 0.492874 
22.27 0.492868 
22.28 0.492862 
22.29 0.492856 
22.3 0.492849 
22.31 0.492843 
22.32 0.492837 
22.33 0.49283 
22.34 0.492824 
22.35 0.492818 
22.36 0.492811 
22.37 0.492805 
22.38 0.492799 
22.39 0.492792 
22.4 0.492786 
22.41 0.49278 
22.42 0.492773 
22.43 0.492767 
22.44 0.49276 
22.45 0.492754 
22.46 0.492748 
22.47 0.492741 
22.48 0.492735 
22.49 0.492728 
22.5 0.492722 
22.51 0.492716 
22.52 0.492709 
22.53 0.492703 
22.54 0.492696 
22.55 0.49269 
22.56 0.492683 
22.57 0.492677 
22.58 0.49267 
22.59 0.492664 
22.6 0.492658 
22.61 0.492651 
22.62 0.492645 
22.63 0.492638 
22.64 0.492632 
22.65 0.492625 
22.66 0.492619 
22.67 0.492612 
22.68 0.492606 
22.69 0.492599 
22.7 0.492593 
22.71 0.492586 
22.72 0.492579 
22.73 0.492573 
22.74 0.492566 
22.75 0.49256 
22.76 0.492553 
22.77 0.492547 
22.78 0.49254 
22.79 0.492534 
22.8 0.492527 
22.81 0.49252 
22.82 0.492514 
22.83 0.492507 
22.84 0.492501 
22.85 0.492494 
22.86 0.492487 
22.87 0.492481 
22.88 0.492474 
22.89 0.492467 
22.9 0.492461 
22.91 0.492454 
22.92 0.492447 
22.93 0.492441 
22.94 0.492434 
22.95 0.492427 
22.96 0.492421 
22.97 0.492414 
22.98 0.492407 
22.99 0.492401 
23 0.492394 
23.01 0.492387 
23.02 0.492381 
23.03 0.492374 
23.04 0.492367 
23.05 0.49236 
23.06 0.492354 
23.07 0.492347 
23.08 0.49234 
23.09 0.492333 
23.1 0.492327 
23.11 0.49232 
23.12 0.492313 
23.13 0.492306 
23.14 0.4923 
23.15 0.492293 
23.16 0.492286 
23.17 0.492279 
23.18 0.492272 
23.19 0.492265 
23.2 0.492259 
23.21 0.492252 
23.22 0.492245 
23.23 0.492238 
23.24 0.492231 
23.25 0.492224 
23.26 0.492218 
23.27 0.492211 
23.28 0.492204 
23.29 0.492197 
23.3 0.49219 
23.31 0.492183 
23.32 0.492176 
23.33 0.492169 
23.34 0.492163 
23.35 0.492156 
23.36 0.492149 
23.37 0.492142 
23.38 0.492135 
23.39 0.492128 
23.4 0.492121 
23.41 0.492114 
23.42 0.492107 
23.43 0.4921 
23.44 0.492093 
23.45 0.492086 
23.46 0.492079 
23.47 0.492072 
23.48 0.492065 
23.49 0.492058 
23.5 0.492051 
23.51 0.492044 
23.52 0.492037 
23.53 0.49203 
23.54 0.492023 
23.55 0.492016 
23.56 0.492009 
23.57 0.492002 
23.58 0.491995 
23.59 0.491988 
23.6 0.491981 
23.61 0.491974 
23.62 0.491967 
23.63 0.49196 
23.64 0.491953 
23.65 0.491945 
23.66 0.491938 
23.67 0.491931 
23.68 0.491924 
23.69 0.491917 
23.7 0.49191 
23.71 0.491903 
23.72 0.491896 
23.73 0.491888 
23.74 0.491881 
23.75 0.491874 
23.76 0.491867 
23.77 0.49186 
23.78 0.491853 
23.79 0.491845 
23.8 0.491838 
23.81 0.491831 
23.82 0.491824 
23.83 0.491817 
23.84 0.491809 
23.85 0.491802 
23.86 0.491795 
23.87 0.491788 
23.88 0.49178 
23.89 0.491773 
23.9 0.491766 
23.91 0.491759 
23.92 0.491751 
23.93 0.491744 
23.94 0.491737 
23.95 0.49173 
23.96 0.491722 
23.97 0.491715 
23.98 0.491708 
23.99 0.4917 
24 0.491693 
24.01 0.491686 
24.02 0.491678 
24.03 0.491671 
24.04 0.491664 
24.05 0.491656 
24.06 0.491649 
24.07 0.491642 
24.08 0.491634 
24.09 0.491627 
24.1 0.491619 
24.11 0.491612 
24.12 0.491605 
24.13 0.491597 
24.14 0.49159 
24.15 0.491582 
24.16 0.491575 
24.17 0.491568 
24.18 0.49156 
24.19 0.491553 
24.2 0.491545 
24.21 0.491538 
24.22 0.49153 
24.23 0.491523 
24.24 0.491515 
24.25 0.491508 
24.26 0.4915 
24.27 0.491493 
24.28 0.491485 
24.29 0.491478 
24.3 0.49147 
24.31 0.491463 
24.32 0.491455 
24.33 0.491448 
24.34 0.49144 
24.35 0.491433 
24.36 0.491425 
24.37 0.491418 
24.38 0.49141 
24.39 0.491403 
24.4 0.491395 
24.41 0.491387 
24.42 0.49138 
24.43 0.491372 
24.44 0.491365 
24.45 0.491357 
24.46 0.491349 
24.47 0.491342 
24.48 0.491334 
24.49 0.491326 
24.5 0.491319 
24.51 0.491311 
24.52 0.491303 
24.53 0.491296 
24.54 0.491288 
24.55 0.49128 
24.56 0.491273 
24.57 0.491265 
24.58 0.491257 
24.59 0.49125 
24.6 0.491242 
24.61 0.491234 
24.62 0.491226 
24.63 0.491219 
24.64 0.491211 
24.65 0.491203 
24.66 0.491195 
24.67 0.491188 
24.68 0.49118 
24.69 0.491172 
24.7 0.491164 
24.71 0.491157 
24.72 0.491149 
24.73 0.491141 
24.74 0.491133 
24.75 0.491125 
24.76 0.491117 
24.77 0.49111 
24.78 0.491102 
24.79 0.491094 
24.8 0.491086 
24.81 0.491078 
24.82 0.49107 
24.83 0.491063 
24.84 0.491055 
24.85 0.491047 
24.86 0.491039 
24.87 0.491031 
24.88 0.491023 
24.89 0.491015 
24.9 0.491007 
24.91 0.490999 
24.92 0.490991 
24.93 0.490983 
24.94 0.490975 
24.95 0.490967 
24.96 0.49096 
24.97 0.490952 
24.98 0.490944 
24.99 0.490936 
25 0.490928 
25.01 0.49092 
25.02 0.490912 
25.03 0.490904 
25.04 0.490896 
25.05 0.490888 
25.06 0.49088 
25.07 0.490871 
25.08 0.490863 
25.09 0.490855 
25.1 0.490847 
25.11 0.490839 
25.12 0.490831 
25.13 0.490823 
25.14 0.490815 
25.15 0.490807 
25.16 0.490799 
25.17 0.490791 
25.18 0.490783 
25.19 0.490774 
25.2 0.490766 
25.21 0.490758 
25.22 0.49075 
25.23 0.490742 
25.24 0.490734 
25.25 0.490725 
25.26 0.490717 
25.27 0.490709 
25.28 0.490701 
25.29 0.490693 
25.3 0.490685 
25.31 0.490676 
25.32 0.490668 
25.33 0.49066 
25.34 0.490652 
25.35 0.490643 
25.36 0.490635 
25.37 0.490627 
25.38 0.490619 
25.39 0.49061 
25.4 0.490602 
25.41 0.490594 
25.42 0.490585 
25.43 0.490577 
25.44 0.490569 
25.45 0.490561 
25.46 0.490552 
25.47 0.490544 
25.48 0.490536 
25.49 0.490527 
25.5 0.490519 
25.51 0.490511 
25.52 0.490502 
25.53 0.490494 
25.54 0.490485 
25.55 0.490477 
25.56 0.490469 
25.57 0.49046 
25.58 0.490452 
25.59 0.490443 
25.6 0.490435 
25.61 0.490427 
25.62 0.490418 
25.63 0.49041 
25.64 0.490401 
25.65 0.490393 
25.66 0.490384 
25.67 0.490376 
25.68 0.490367 
25.69 0.490359 
25.7 0.49035 
25.71 0.490342 
25.72 0.490333 
25.73 0.490325 
25.74 0.490316 
25.75 0.490308 
25.76 0.490299 
25.77 0.490291 
25.78 0.490282 
25.79 0.490273 
25.8 0.490265 
25.81 0.490256 
25.82 0.490248 
25.83 0.490239 
25.84 0.490231 
25.85 0.490222 
25.86 0.490213 
25.87 0.490205 
25.88 0.490196 
25.89 0.490187 
25.9 0.490179 
25.91 0.49017 
25.92 0.490161 
25.93 0.490153 
25.94 0.490144 
25.95 0.490135 
25.96 0.490127 
25.97 0.490118 
25.98 0.490109 
25.99 0.490101 
26 0.490092 
26.01 0.490083 
26.02 0.490074 
26.03 0.490066 
26.04 0.490057 
26.05 0.490048 
26.06 0.490039 
26.07 0.49003 
26.08 0.490022 
26.09 0.490013 
26.1 0.490004 
26.11 0.489995 
26.12 0.489986 
26.13 0.489978 
26.14 0.489969 
26.15 0.48996 
26.16 0.489951 
26.17 0.489942 
26.18 0.489933 
26.19 0.489924 
26.2 0.489916 
26.21 0.489907 
26.22 0.489898 
26.23 0.489889 
26.24 0.48988 
26.25 0.489871 
26.26 0.489862 
26.27 0.489853 
26.28 0.489844 
26.29 0.489835 
26.3 0.489826 
26.31 0.489817 
26.32 0.489808 
26.33 0.489799 
26.34 0.48979 
26.35 0.489781 
26.36 0.489772 
26.37 0.489763 
26.38 0.489754 
26.39 0.489745 
26.4 0.489736 
26.41 0.489727 
26.42 0.489718 
26.43 0.489709 
26.44 0.4897 
26.45 0.489691 
26.46 0.489682 
26.47 0.489673 
26.48 0.489664 
26.49 0.489655 
26.5 0.489645 
26.51 0.489636 
26.52 0.489627 
26.53 0.489618 
26.54 0.489609 
26.55 0.4896 
26.56 0.489591 
26.57 0.489581 
26.58 0.489572 
26.59 0.489563 
26.6 0.489554 
26.61 0.489545 
26.62 0.489535 
26.63 0.489526 
26.64 0.489517 
26.65 0.489508 
26.66 0.489498 
26.67 0.489489 
26.68 0.48948 
26.69 0.489471 
26.7 0.489461 
26.71 0.489452 
26.72 0.489443 
26.73 0.489434 
26.74 0.489424 
26.75 0.489415 
26.76 0.489406 
26.77 0.489396 
26.78 0.489387 
26.79 0.489378 
26.8 0.489368 
26.81 0.489359 
26.82 0.489349 
26.83 0.48934 
26.84 0.489331 
26.85 0.489321 
26.86 0.489312 
26.87 0.489302 
26.88 0.489293 
26.89 0.489284 
26.9 0.489274 
26.91 0.489265 
26.92 0.489255 
26.93 0.489246 
26.94 0.489236 
26.95 0.489227 
26.96 0.489217 
26.97 0.489208 
26.98 0.489198 
26.99 0.489189 
27 0.489179 
27.01 0.48917 
27.02 0.48916 
27.03 0.489151 
27.04 0.489141 
27.05 0.489131 
27.06 0.489122 
27.07 0.489112 
27.08 0.489103 
27.09 0.489093 
27.1 0.489083 
27.11 0.489074 
27.12 0.489064 
27.13 0.489055 
27.14 0.489045 
27.15 0.489035 
27.16 0.489026 
27.17 0.489016 
27.18 0.489006 
27.19 0.488997 
27.2 0.488987 
27.21 0.488977 
27.22 0.488967 
27.23 0.488958 
27.24 0.488948 
27.25 0.488938 
27.26 0.488928 
27.27 0.488919 
27.28 0.488909 
27.29 0.488899 
27.3 0.488889 
27.31 0.48888 
27.32 0.48887 
27.33 0.48886 
27.34 0.48885 
27.35 0.48884 
27.36 0.48883 
27.37 0.488821 
27.38 0.488811 
27.39 0.488801 
27.4 0.488791 
27.41 0.488781 
27.42 0.488771 
27.43 0.488761 
27.44 0.488751 
27.45 0.488742 
27.46 0.488732 
27.47 0.488722 
27.48 0.488712 
27.49 0.488702 
27.5 0.488692 
27.51 0.488682 
27.52 0.488672 
27.53 0.488662 
27.54 0.488652 
27.55 0.488642 
27.56 0.488632 
27.57 0.488622 
27.58 0.488612 
27.59 0.488602 
27.6 0.488592 
27.61 0.488582 
27.62 0.488572 
27.63 0.488562 
27.64 0.488552 
27.65 0.488541 
27.66 0.488531 
27.67 0.488521 
27.68 0.488511 
27.69 0.488501 
27.7 0.488491 
27.71 0.488481 
27.72 0.488471 
27.73 0.48846 
27.74 0.48845 
27.75 0.48844 
27.76 0.48843 
27.77 0.48842 
27.78 0.488409 
27.79 0.488399 
27.8 0.488389 
27.81 0.488379 
27.82 0.488369 
27.83 0.488358 
27.84 0.488348 
27.85 0.488338 
27.86 0.488328 
27.87 0.488317 
27.88 0.488307 
27.89 0.488297 
27.9 0.488286 
27.91 0.488276 
27.92 0.488266 
27.93 0.488255 
27.94 0.488245 
27.95 0.488235 
27.96 0.488224 
27.97 0.488214 
27.98 0.488203 
27.99 0.488193 
28 0.488183 
28.01 0.488172 
28.02 0.488162 
28.03 0.488151 
28.04 0.488141 
28.05 0.488131 
28.06 0.48812 
28.07 0.48811 
28.08 0.488099 
28.09 0.488089 
28.1 0.488078 
28.11 0.488068 
28.12 0.488057 
28.13 0.488047 
28.14 0.488036 
28.15 0.488026 
28.16 0.488015 
28.17 0.488004 
28.18 0.487994 
28.19 0.487983 
28.2 0.487973 
28.21 0.487962 
28.22 0.487951 
28.23 0.487941 
28.24 0.48793 
28.25 0.48792 
28.26 0.487909 
28.27 0.487898 
28.28 0.487888 
28.29 0.487877 
28.3 0.487866 
28.31 0.487856 
28.32 0.487845 
28.33 0.487834 
28.34 0.487823 
28.35 0.487813 
28.36 0.487802 
28.37 0.487791 
28.38 0.487781 
28.39 0.48777 
28.4 0.487759 
28.41 0.487748 
28.42 0.487737 
28.43 0.487727 
28.44 0.487716 
28.45 0.487705 
28.46 0.487694 
28.47 0.487683 
28.48 0.487672 
28.49 0.487662 
28.5 0.487651 
28.51 0.48764 
28.52 0.487629 
28.53 0.487618 
28.54 0.487607 
28.55 0.487596 
28.56 0.487585 
28.57 0.487574 
28.58 0.487563 
28.59 0.487552 
28.6 0.487541 
28.61 0.48753 
28.62 0.487519 
28.63 0.487508 
28.64 0.487497 
28.65 0.487486 
28.66 0.487475 
28.67 0.487464 
28.68 0.487453 
28.69 0.487442 
28.7 0.487431 
28.71 0.48742 
28.72 0.487409 
28.73 0.487398 
28.74 0.487387 
28.75 0.487376 
28.76 0.487365 
28.77 0.487354 
28.78 0.487342 
28.79 0.487331 
28.8 0.48732 
28.81 0.487309 
28.82 0.487298 
28.83 0.487287 
28.84 0.487275 
28.85 0.487264 
28.86 0.487253 
28.87 0.487242 
28.88 0.48723 
28.89 0.487219 
28.9 0.487208 
28.91 0.487197 
28.92 0.487185 
28.93 0.487174 
28.94 0.487163 
28.95 0.487151 
28.96 0.48714 
28.97 0.487129 
28.98 0.487117 
28.99 0.487106 
29 0.487095 
29.01 0.487083 
29.02 0.487072 
29.03 0.487061 
29.04 0.487049 
29.05 0.487038 
29.06 0.487026 
29.07 0.487015 
29.08 0.487004 
29.09 0.486992 
29.1 0.486981 
29.11 0.486969 
29.12 0.486958 
29.13 0.486946 
29.14 0.486935 
29.15 0.486923 
29.16 0.486912 
29.17 0.4869 
29.18 0.486889 
29.19 0.486877 
29.2 0.486866 
29.21 0.486854 
29.22 0.486842 
29.23 0.486831 
29.24 0.486819 
29.25 0.486808 
29.26 0.486796 
29.27 0.486784 
29.28 0.486773 
29.29 0.486761 
29.3 0.486749 
29.31 0.486738 
29.32 0.486726 
29.33 0.486714 
29.34 0.486703 
29.35 0.486691 
29.36 0.486679 
29.37 0.486667 
29.38 0.486656 
29.39 0.486644 
29.4 0.486632 
29.41 0.48662 
29.42 0.486609 
29.43 0.486597 
29.44 0.486585 
29.45 0.486573 
29.46 0.486561 
29.47 0.48655 
29.48 0.486538 
29.49 0.486526 
29.5 0.486514 
29.51 0.486502 
29.52 0.48649 
29.53 0.486478 
29.54 0.486466 
29.55 0.486455 
29.56 0.486443 
29.57 0.486431 
29.58 0.486419 
29.59 0.486407 
29.6 0.486395 
29.61 0.486383 
29.62 0.486371 
29.63 0.486359 
29.64 0.486347 
29.65 0.486335 
29.66 0.486323 
29.67 0.486311 
29.68 0.486299 
29.69 0.486287 
29.7 0.486274 
29.71 0.486262 
29.72 0.48625 
29.73 0.486238 
29.74 0.486226 
29.75 0.486214 
29.76 0.486202 
29.77 0.48619 
29.78 0.486177 
29.79 0.486165 
29.8 0.486153 
29.81 0.486141 
29.82 0.486129 
29.83 0.486116 
29.84 0.486104 
29.85 0.486092 
29.86 0.48608 
29.87 0.486068 
29.88 0.486055 
29.89 0.486043 
29.9 0.486031 
29.91 0.486018 
29.92 0.486006 
29.93 0.485994 
29.94 0.485981 
29.95 0.485969 
29.96 0.485957 
29.97 0.485944 
29.98 0.485932 
29.99 0.48592 
30 0.485907 
30.01 0.485895 
30.02 0.485882 
30.03 0.48587 
30.04 0.485857 
30.05 0.485845 
30.06 0.485833 
30.07 0.48582 
30.08 0.485808 
30.09 0.485795 
30.1 0.485783 
30.11 0.48577 
30.12 0.485758 
30.13 0.485745 
30.14 0.485732 
30.15 0.48572 
30.16 0.485707 
30.17 0.485695 
30.18 0.485682 
30.19 0.48567 
30.2 0.485657 
30.21 0.485644 
30.22 0.485632 
30.23 0.485619 
30.24 0.485606 
30.25 0.485594 
30.26 0.485581 
30.27 0.485568 
30.28 0.485556 
30.29 0.485543 
30.3 0.48553 
30.31 0.485517 
30.32 0.485505 
30.33 0.485492 
30.34 0.485479 
30.35 0.485466 
30.36 0.485454 
30.37 0.485441 
30.38 0.485428 
30.39 0.485415 
30.4 0.485402 
30.41 0.485389 
30.42 0.485377 
30.43 0.485364 
30.44 0.485351 
30.45 0.485338 
30.46 0.485325 
30.47 0.485312 
30.48 0.485299 
30.49 0.485286 
30.5 0.485273 
30.51 0.48526 
30.52 0.485247 
30.53 0.485234 
30.54 0.485221 
30.55 0.485208 
30.56 0.485195 
30.57 0.485182 
30.58 0.485169 
30.59 0.485156 
30.6 0.485143 
30.61 0.48513 
30.62 0.485117 
30.63 0.485104 
30.64 0.485091 
30.65 0.485078 
30.66 0.485064 
30.67 0.485051 
30.68 0.485038 
30.69 0.485025 
30.7 0.485012 
30.71 0.484999 
30.72 0.484985 
30.73 0.484972 
30.74 0.484959 
30.75 0.484946 
30.76 0.484932 
30.77 0.484919 
30.78 0.484906 
30.79 0.484893 
30.8 0.484879 
30.81 0.484866 
30.82 0.484853 
30.83 0.484839 
30.84 0.484826 
30.85 0.484813 
30.86 0.484799 
30.87 0.484786 
30.88 0.484772 
30.89 0.484759 
30.9 0.484746 
30.91 0.484732 
30.92 0.484719 
30.93 0.484705 
30.94 0.484692 
30.95 0.484678 
30.96 0.484665 
30.97 0.484651 
30.98 0.484638 
30.99 0.484624 
31 0.484611 
31.01 0.484597 
31.02 0.484584 
31.03 0.48457 
31.04 0.484557 
31.05 0.484543 
31.06 0.484529 
31.07 0.484516 
31.08 0.484502 
31.09 0.484488 
31.1 0.484475 
31.11 0.484461 
31.12 0.484447 
31.13 0.484434 
31.14 0.48442 
31.15 0.484406 
31.16 0.484393 
31.17 0.484379 
31.18 0.484365 
31.19 0.484351 
31.2 0.484338 
31.21 0.484324 
31.22 0.48431 
31.23 0.484296 
31.24 0.484282 
31.25 0.484269 
31.26 0.484255 
31.27 0.484241 
31.28 0.484227 
31.29 0.484213 
31.3 0.484199 
31.31 0.484185 
31.32 0.484171 
31.33 0.484158 
31.34 0.484144 
31.35 0.48413 
31.36 0.484116 
31.37 0.484102 
31.38 0.484088 
31.39 0.484074 
31.4 0.48406 
31.41 0.484046 
31.42 0.484032 
31.43 0.484018 
31.44 0.484003 
31.45 0.483989 
31.46 0.483975 
31.47 0.483961 
31.48 0.483947 
31.49 0.483933 
31.5 0.483919 
31.51 0.483905 
31.52 0.48389 
31.53 0.483876 
31.54 0.483862 
31.55 0.483848 
31.56 0.483834 
31.57 0.483819 
31.58 0.483805 
31.59 0.483791 
31.6 0.483777 
31.61 0.483762 
31.62 0.483748 
31.63 0.483734 
31.64 0.48372 
31.65 0.483705 
31.66 0.483691 
31.67 0.483677 
31.68 0.483662 
31.69 0.483648 
31.7 0.483633 
31.71 0.483619 
31.72 0.483605 
31.73 0.48359 
31.74 0.483576 
31.75 0.483561 
31.76 0.483547 
31.77 0.483532 
31.78 0.483518 
31.79 0.483503 
31.8 0.483489 
31.81 0.483474 
31.82 0.48346 
31.83 0.483445 
31.84 0.483431 
31.85 0.483416 
31.86 0.483401 
31.87 0.483387 
31.88 0.483372 
31.89 0.483358 
31.9 0.483343 
31.91 0.483328 
31.92 0.483314 
31.93 0.483299 
31.94 0.483284 
31.95 0.48327 
31.96 0.483255 
31.97 0.48324 
31.98 0.483225 
31.99 0.483211 
32 0.483196 
32.01 0.483181 
32.02 0.483166 
32.03 0.483151 
32.04 0.483137 
32.05 0.483122 
32.06 0.483107 
32.07 0.483092 
32.08 0.483077 
32.09 0.483062 
32.1 0.483047 
32.11 0.483033 
32.12 0.483018 
32.13 0.483003 
32.14 0.482988 
32.15 0.482973 
32.16 0.482958 
32.17 0.482943 
32.18 0.482928 
32.19 0.482913 
32.2 0.482898 
32.21 0.482883 
32.22 0.482868 
32.23 0.482853 
32.24 0.482837 
32.25 0.482822 
32.26 0.482807 
32.27 0.482792 
32.28 0.482777 
32.29 0.482762 
32.3 0.482747 
32.31 0.482732 
32.32 0.482716 
32.33 0.482701 
32.34 0.482686 
32.35 0.482671 
32.36 0.482655 
32.37 0.48264 
32.38 0.482625 
32.39 0.48261 
32.4 0.482594 
32.41 0.482579 
32.42 0.482564 
32.43 0.482548 
32.44 0.482533 
32.45 0.482518 
32.46 0.482502 
32.47 0.482487 
32.48 0.482471 
32.49 0.482456 
32.5 0.482441 
32.51 0.482425 
32.52 0.48241 
32.53 0.482394 
32.54 0.482379 
32.55 0.482363 
32.56 0.482348 
32.57 0.482332 
32.58 0.482317 
32.59 0.482301 
32.6 0.482286 
32.61 0.48227 
32.62 0.482254 
32.63 0.482239 
32.64 0.482223 
32.65 0.482208 
32.66 0.482192 
32.67 0.482176 
32.68 0.482161 
32.69 0.482145 
32.7 0.482129 
32.71 0.482114 
32.72 0.482098 
32.73 0.482082 
32.74 0.482066 
32.75 0.482051 
32.76 0.482035 
32.77 0.482019 
32.78 0.482003 
32.79 0.481987 
32.8 0.481971 
32.81 0.481956 
32.82 0.48194 
32.83 0.481924 
32.84 0.481908 
32.85 0.481892 
32.86 0.481876 
32.87 0.48186 
32.88 0.481844 
32.89 0.481828 
32.9 0.481812 
32.91 0.481796 
32.92 0.48178 
32.93 0.481764 
32.94 0.481748 
32.95 0.481732 
32.96 0.481716 
32.97 0.4817 
32.98 0.481684 
32.99 0.481668 
33 0.481652 
33.01 0.481636 
33.02 0.481619 
33.03 0.481603 
33.04 0.481587 
33.05 0.481571 
33.06 0.481555 
33.07 0.481539 
33.08 0.481522 
33.09 0.481506 
33.1 0.48149 
33.11 0.481474 
33.12 0.481457 
33.13 0.481441 
33.14 0.481425 
33.15 0.481408 
33.16 0.481392 
33.17 0.481376 
33.18 0.481359 
33.19 0.481343 
33.2 0.481326 
33.21 0.48131 
33.22 0.481294 
33.23 0.481277 
33.24 0.481261 
33.25 0.481244 
33.26 0.481228 
33.27 0.481211 
33.28 0.481195 
33.29 0.481178 
33.3 0.481162 
33.31 0.481145 
33.32 0.481129 
33.33 0.481112 
33.34 0.481095 
33.35 0.481079 
33.36 0.481062 
33.37 0.481045 
33.38 0.481029 
33.39 0.481012 
33.4 0.480995 
33.41 0.480979 
33.42 0.480962 
33.43 0.480945 
33.44 0.480928 
33.45 0.480912 
33.46 0.480895 
33.47 0.480878 
33.48 0.480861 
33.49 0.480845 
33.5 0.480828 
33.51 0.480811 
33.52 0.480794 
33.53 0.480777 
33.54 0.48076 
33.55 0.480743 
33.56 0.480726 
33.57 0.480709 
33.58 0.480692 
33.59 0.480676 
33.6 0.480659 
33.61 0.480642 
33.62 0.480625 
33.63 0.480607 
33.64 0.48059 
33.65 0.480573 
33.66 0.480556 
33.67 0.480539 
33.68 0.480522 
33.69 0.480505 
33.7 0.480488 
33.71 0.480471 
33.72 0.480454 
33.73 0.480436 
33.74 0.480419 
33.75 0.480402 
33.76 0.480385 
33.77 0.480368 
33.78 0.48035 
33.79 0.480333 
33.8 0.480316 
33.81 0.480298 
33.82 0.480281 
33.83 0.480264 
33.84 0.480246 
33.85 0.480229 
33.86 0.480212 
33.87 0.480194 
33.88 0.480177 
33.89 0.48016 
33.9 0.480142 
33.91 0.480125 
33.92 0.480107 
33.93 0.48009 
33.94 0.480072 
33.95 0.480055 
33.96 0.480037 
33.97 0.48002 
33.98 0.480002 
33.99 0.479985 
34 0.479967 
34.01 0.479949 
34.02 0.479932 
34.03 0.479914 
34.04 0.479896 
34.05 0.479879 
34.06 0.479861 
34.07 0.479843 
34.08 0.479826 
34.09 0.479808 
34.1 0.47979 
34.11 0.479772 
34.12 0.479755 
34.13 0.479737 
34.14 0.479719 
34.15 0.479701 
34.16 0.479683 
34.17 0.479666 
34.18 0.479648 
34.19 0.47963 
34.2 0.479612 
34.21 0.479594 
34.22 0.479576 
34.23 0.479558 
34.24 0.47954 
34.25 0.479522 
34.26 0.479504 
34.27 0.479486 
34.28 0.479468 
34.29 0.47945 
34.3 0.479432 
34.31 0.479414 
34.32 0.479396 
34.33 0.479378 
34.34 0.47936 
34.35 0.479342 
34.36 0.479324 
34.37 0.479305 
34.38 0.479287 
34.39 0.479269 
34.4 0.479251 
34.41 0.479233 
34.42 0.479214 
34.43 0.479196 
34.44 0.479178 
34.45 0.47916 
34.46 0.479141 
34.47 0.479123 
34.48 0.479105 
34.49 0.479086 
34.5 0.479068 
34.51 0.47905 
34.52 0.479031 
34.53 0.479013 
34.54 0.478994 
34.55 0.478976 
34.56 0.478957 
34.57 0.478939 
34.58 0.47892 
34.59 0.478902 
34.6 0.478883 
34.61 0.478865 
34.62 0.478846 
34.63 0.478828 
34.64 0.478809 
34.65 0.47879 
34.66 0.478772 
34.67 0.478753 
34.68 0.478735 
34.69 0.478716 
34.7 0.478697 
34.71 0.478678 
34.72 0.47866 
34.73 0.478641 
34.74 0.478622 
34.75 0.478604 
34.76 0.478585 
34.77 0.478566 
34.78 0.478547 
34.79 0.478528 
34.8 0.478509 
34.81 0.478491 
34.82 0.478472 
34.83 0.478453 
34.84 0.478434 
34.85 0.478415 
34.86 0.478396 
34.87 0.478377 
34.88 0.478358 
34.89 0.478339 
34.9 0.47832 
34.91 0.478301 
34.92 0.478282 
34.93 0.478263 
34.94 0.478244 
34.95 0.478225 
34.96 0.478206 
34.97 0.478186 
34.98 0.478167 
34.99 0.478148 
35 0.478129 
35.01 0.47811 
35.02 0.478091 
35.03 0.478071 
35.04 0.478052 
35.05 0.478033 
35.06 0.478014 
35.07 0.477994 
35.08 0.477975 
35.09 0.477956 
35.1 0.477936 
35.11 0.477917 
35.12 0.477897 
35.13 0.477878 
35.14 0.477859 
35.15 0.477839 
35.16 0.47782 
35.17 0.4778 
35.18 0.477781 
35.19 0.477761 
35.2 0.477742 
35.21 0.477722 
35.22 0.477703 
35.23 0.477683 
35.24 0.477664 
35.25 0.477644 
35.26 0.477624 
35.27 0.477605 
35.28 0.477585 
35.29 0.477565 
35.3 0.477546 
35.31 0.477526 
35.32 0.477506 
35.33 0.477487 
35.34 0.477467 
35.35 0.477447 
35.36 0.477427 
35.37 0.477407 
35.38 0.477388 
35.39 0.477368 
35.4 0.477348 
35.41 0.477328 
35.42 0.477308 
35.43 0.477288 
35.44 0.477268 
35.45 0.477248 
35.46 0.477228 
35.47 0.477208 
35.48 0.477188 
35.49 0.477168 
35.5 0.477148 
35.51 0.477128 
35.52 0.477108 
35.53 0.477088 
35.54 0.477068 
35.55 0.477048 
35.56 0.477028 
35.57 0.477008 
35.58 0.476987 
35.59 0.476967 
35.6 0.476947 
35.61 0.476927 
35.62 0.476907 
35.63 0.476886 
35.64 0.476866 
35.65 0.476846 
35.66 0.476826 
35.67 0.476805 
35.68 0.476785 
35.69 0.476764 
35.7 0.476744 
35.71 0.476724 
35.72 0.476703 
35.73 0.476683 
35.74 0.476662 
35.75 0.476642 
35.76 0.476621 
35.77 0.476601 
35.78 0.47658 
35.79 0.47656 
35.8 0.476539 
35.81 0.476519 
35.82 0.476498 
35.83 0.476478 
35.84 0.476457 
35.85 0.476436 
35.86 0.476416 
35.87 0.476395 
35.88 0.476374 
35.89 0.476353 
35.9 0.476333 
35.91 0.476312 
35.92 0.476291 
35.93 0.47627 
35.94 0.47625 
35.95 0.476229 
35.96 0.476208 
35.97 0.476187 
35.98 0.476166 
35.99 0.476145 
36 0.476124 
36.01 0.476103 
36.02 0.476082 
36.03 0.476062 
36.04 0.476041 
36.05 0.47602 
36.06 0.475998 
36.07 0.475977 
36.08 0.475956 
36.09 0.475935 
36.1 0.475914 
36.11 0.475893 
36.12 0.475872 
36.13 0.475851 
36.14 0.47583 
36.15 0.475808 
36.16 0.475787 
36.17 0.475766 
36.18 0.475745 
36.19 0.475723 
36.2 0.475702 
36.21 0.475681 
36.22 0.47566 
36.23 0.475638 
36.24 0.475617 
36.25 0.475596 
36.26 0.475574 
36.27 0.475553 
36.28 0.475531 
36.29 0.47551 
36.3 0.475488 
36.31 0.475467 
36.32 0.475445 
36.33 0.475424 
36.34 0.475402 
36.35 0.475381 
36.36 0.475359 
36.37 0.475338 
36.38 0.475316 
36.39 0.475294 
36.4 0.475273 
36.41 0.475251 
36.42 0.475229 
36.43 0.475208 
36.44 0.475186 
36.45 0.475164 
36.46 0.475142 
36.47 0.475121 
36.48 0.475099 
36.49 0.475077 
36.5 0.475055 
36.51 0.475033 
36.52 0.475011 
36.53 0.474989 
36.54 0.474968 
36.55 0.474946 
36.56 0.474924 
36.57 0.474902 
36.58 0.47488 
36.59 0.474858 
36.6 0.474836 
36.61 0.474814 
36.62 0.474792 
36.63 0.474769 
36.64 0.474747 
36.65 0.474725 
36.66 0.474703 
36.67 0.474681 
36.68 0.474659 
36.69 0.474637 
36.7 0.474614 
36.71 0.474592 
36.72 0.47457 
36.73 0.474548 
36.74 0.474525 
36.75 0.474503 
36.76 0.474481 
36.77 0.474458 
36.78 0.474436 
36.79 0.474413 
36.8 0.474391 
36.81 0.474369 
36.82 0.474346 
36.83 0.474324 
36.84 0.474301 
36.85 0.474279 
36.86 0.474256 
36.87 0.474234 
36.88 0.474211 
36.89 0.474188 
36.9 0.474166 
36.91 0.474143 
36.92 0.474121 
36.93 0.474098 
36.94 0.474075 
36.95 0.474052 
36.96 0.47403 
36.97 0.474007 
36.98 0.473984 
36.99 0.473961 
37 0.473939 
37.01 0.473916 
37.02 0.473893 
37.03 0.47387 
37.04 0.473847 
37.05 0.473824 
37.06 0.473801 
37.07 0.473779 
37.08 0.473756 
37.09 0.473733 
37.1 0.47371 
37.11 0.473687 
37.12 0.473664 
37.13 0.47364 
37.14 0.473617 
37.15 0.473594 
37.16 0.473571 
37.17 0.473548 
37.18 0.473525 
37.19 0.473502 
37.2 0.473478 
37.21 0.473455 
37.22 0.473432 
37.23 0.473409 
37.24 0.473385 
37.25 0.473362 
37.26 0.473339 
37.27 0.473315 
37.28 0.473292 
37.29 0.473269 
37.3 0.473245 
37.31 0.473222 
37.32 0.473198 
37.33 0.473175 
37.34 0.473152 
37.35 0.473128 
37.36 0.473105 
37.37 0.473081 
37.38 0.473057 
37.39 0.473034 
37.4 0.47301 
37.41 0.472987 
37.42 0.472963 
37.43 0.472939 
37.44 0.472916 
37.45 0.472892 
37.46 0.472868 
37.47 0.472844 
37.48 0.472821 
37.49 0.472797 
37.5 0.472773 
37.51 0.472749 
37.52 0.472725 
37.53 0.472702 
37.54 0.472678 
37.55 0.472654 
37.56 0.47263 
37.57 0.472606 
37.58 0.472582 
37.59 0.472558 
37.6 0.472534 
37.61 0.47251 
37.62 0.472486 
37.63 0.472462 
37.64 0.472438 
37.65 0.472414 
37.66 0.472389 
37.67 0.472365 
37.68 0.472341 
37.69 0.472317 
37.7 0.472293 
37.71 0.472268 
37.72 0.472244 
37.73 0.47222 
37.74 0.472196 
37.75 0.472171 
37.76 0.472147 
37.77 0.472122 
37.78 0.472098 
37.79 0.472074 
37.8 0.472049 
37.81 0.472025 
37.82 0.472 
37.83 0.471976 
37.84 0.471951 
37.85 0.471927 
37.86 0.471902 
37.87 0.471878 
37.88 0.471853 
37.89 0.471828 
37.9 0.471804 
37.91 0.471779 
37.92 0.471754 
37.93 0.47173 
37.94 0.471705 
37.95 0.47168 
37.96 0.471656 
37.97 0.471631 
37.98 0.471606 
37.99 0.471581 
38 0.471556 
38.01 0.471531 
38.02 0.471507 
38.03 0.471482 
38.04 0.471457 
38.05 0.471432 
38.06 0.471407 
38.07 0.471382 
38.08 0.471357 
38.09 0.471332 
38.1 0.471307 
38.11 0.471281 
38.12 0.471256 
38.13 0.471231 
38.14 0.471206 
38.15 0.471181 
38.16 0.471156 
38.17 0.471131 
38.18 0.471105 
38.19 0.47108 
38.2 0.471055 
38.21 0.471029 
38.22 0.471004 
38.23 0.470979 
38.24 0.470953 
38.25 0.470928 
38.26 0.470903 
38.27 0.470877 
38.28 0.470852 
38.29 0.470826 
38.3 0.470801 
38.31 0.470775 
38.32 0.47075 
38.33 0.470724 
38.34 0.470699 
38.35 0.470673 
38.36 0.470647 
38.37 0.470622 
38.38 0.470596 
38.39 0.47057 
38.4 0.470545 
38.41 0.470519 
38.42 0.470493 
38.43 0.470467 
38.44 0.470441 
38.45 0.470416 
38.46 0.47039 
38.47 0.470364 
38.48 0.470338 
38.49 0.470312 
38.5 0.470286 
38.51 0.47026 
38.52 0.470234 
38.53 0.470208 
38.54 0.470182 
38.55 0.470156 
38.56 0.47013 
38.57 0.470104 
38.58 0.470078 
38.59 0.470052 
38.6 0.470026 
38.61 0.469999 
38.62 0.469973 
38.63 0.469947 
38.64 0.469921 
38.65 0.469894 
38.66 0.469868 
38.67 0.469842 
38.68 0.469815 
38.69 0.469789 
38.7 0.469763 
38.71 0.469736 
38.72 0.46971 
38.73 0.469683 
38.74 0.469657 
38.75 0.46963 
38.76 0.469604 
38.77 0.469577 
38.78 0.469551 
38.79 0.469524 
38.8 0.469498 
38.81 0.469471 
38.82 0.469444 
38.83 0.469418 
38.84 0.469391 
38.85 0.469364 
38.86 0.469337 
38.87 0.469311 
38.88 0.469284 
38.89 0.469257 
38.9 0.46923 
38.91 0.469203 
38.92 0.469176 
38.93 0.469149 
38.94 0.469123 
38.95 0.469096 
38.96 0.469069 
38.97 0.469042 
38.98 0.469015 
38.99 0.468988 
39 0.46896 
39.01 0.468933 
39.02 0.468906 
39.03 0.468879 
39.04 0.468852 
39.05 0.468825 
39.06 0.468798 
39.07 0.46877 
39.08 0.468743 
39.09 0.468716 
39.1 0.468688 
39.11 0.468661 
39.12 0.468634 
39.13 0.468606 
39.14 0.468579 
39.15 0.468552 
39.16 0.468524 
39.17 0.468497 
39.18 0.468469 
39.19 0.468442 
39.2 0.468414 
39.21 0.468387 
39.22 0.468359 
39.23 0.468331 
39.24 0.468304 
39.25 0.468276 
39.26 0.468248 
39.27 0.468221 
39.28 0.468193 
39.29 0.468165 
39.3 0.468137 
39.31 0.46811 
39.32 0.468082 
39.33 0.468054 
39.34 0.468026 
39.35 0.467998 
39.36 0.46797 
39.37 0.467942 
39.38 0.467914 
39.39 0.467886 
39.4 0.467858 
39.41 0.46783 
39.42 0.467802 
39.43 0.467774 
39.44 0.467746 
39.45 0.467718 
39.46 0.46769 
39.47 0.467662 
39.48 0.467633 
39.49 0.467605 
39.5 0.467577 
39.51 0.467549 
39.52 0.46752 
39.53 0.467492 
39.54 0.467464 
39.55 0.467435 
39.56 0.467407 
39.57 0.467379 
39.58 0.46735 
39.59 0.467322 
39.6 0.467293 
39.61 0.467265 
39.62 0.467236 
39.63 0.467208 
39.64 0.467179 
39.65 0.46715 
39.66 0.467122 
39.67 0.467093 
39.68 0.467064 
39.69 0.467036 
39.7 0.467007 
39.71 0.466978 
39.72 0.466949 
39.73 0.466921 
39.74 0.466892 
39.75 0.466863 
39.76 0.466834 
39.77 0.466805 
39.78 0.466776 
39.79 0.466747 
39.8 0.466718 
39.81 0.466689 
39.82 0.46666 
39.83 0.466631 
39.84 0.466602 
39.85 0.466573 
39.86 0.466544 
39.87 0.466515 
39.88 0.466486 
39.89 0.466456 
39.9 0.466427 
39.91 0.466398 
39.92 0.466369 
39.93 0.466339 
39.94 0.46631 
39.95 0.466281 
39.96 0.466251 
39.97 0.466222 
39.98 0.466192 
39.99 0.466163 
40 0.466133 
40.01 0.466104 
40.02 0.466074 
40.03 0.466045 
40.04 0.466015 
40.05 0.465986 
40.06 0.465956 
40.07 0.465926 
40.08 0.465897 
40.09 0.465867 
40.1 0.465837 
40.11 0.465808 
40.12 0.465778 
40.13 0.465748 
40.14 0.465718 
40.15 0.465688 
40.16 0.465658 
40.17 0.465629 
40.18 0.465599 
40.19 0.465569 
40.2 0.465539 
40.21 0.465509 
40.22 0.465479 
40.23 0.465449 
40.24 0.465418 
40.25 0.465388 
40.26 0.465358 
40.27 0.465328 
40.28 0.465298 
40.29 0.465268 
40.3 0.465237 
40.31 0.465207 
40.32 0.465177 
40.33 0.465147 
40.34 0.465116 
40.35 0.465086 
40.36 0.465055 
40.37 0.465025 
40.38 0.464995 
40.39 0.464964 
40.4 0.464934 
40.41 0.464903 
40.42 0.464873 
40.43 0.464842 
40.44 0.464811 
40.45 0.464781 
40.46 0.46475 
40.47 0.46472 
40.48 0.464689 
40.49 0.464658 
40.5 0.464627 
40.51 0.464597 
40.52 0.464566 
40.53 0.464535 
40.54 0.464504 
40.55 0.464473 
40.56 0.464442 
40.57 0.464411 
40.58 0.46438 
40.59 0.464349 
40.6 0.464318 
40.61 0.464287 
40.62 0.464256 
40.63 0.464225 
40.64 0.464194 
40.65 0.464163 
40.66 0.464132 
40.67 0.464101 
40.68 0.464069 
40.69 0.464038 
40.7 0.464007 
40.71 0.463976 
40.72 0.463944 
40.73 0.463913 
40.74 0.463882 
40.75 0.46385 
40.76 0.463819 
40.77 0.463787 
40.78 0.463756 
40.79 0.463724 
40.8 0.463693 
40.81 0.463661 
40.82 0.46363 
40.83 0.463598 
40.84 0.463566 
40.85 0.463535 
40.86 0.463503 
40.87 0.463471 
40.88 0.463439 
40.89 0.463408 
40.9 0.463376 
40.91 0.463344 
40.92 0.463312 
40.93 0.46328 
40.94 0.463248 
40.95 0.463216 
40.96 0.463184 
40.97 0.463152 
40.98 0.46312 
40.99 0.463088 
41 0.463056 
41.01 0.463024 
41.02 0.462992 
41.03 0.46296 
41.04 0.462928 
41.05 0.462896 
41.06 0.462863 
41.07 0.462831 
41.08 0.462799 
41.09 0.462766 
41.1 0.462734 
41.11 0.462702 
41.12 0.462669 
41.13 0.462637 
41.14 0.462604 
41.15 0.462572 
41.16 0.462539 
41.17 0.462507 
41.18 0.462474 
41.19 0.462442 
41.2 0.462409 
41.21 0.462376 
41.22 0.462344 
41.23 0.462311 
41.24 0.462278 
41.25 0.462246 
41.26 0.462213 
41.27 0.46218 
41.28 0.462147 
41.29 0.462114 
41.3 0.462081 
41.31 0.462049 
41.32 0.462016 
41.33 0.461983 
41.34 0.46195 
41.35 0.461917 
41.36 0.461883 
41.37 0.46185 
41.38 0.461817 
41.39 0.461784 
41.4 0.461751 
41.41 0.461718 
41.42 0.461685 
41.43 0.461651 
41.44 0.461618 
41.45 0.461585 
41.46 0.461551 
41.47 0.461518 
41.48 0.461485 
41.49 0.461451 
41.5 0.461418 
41.51 0.461384 
41.52 0.461351 
41.53 0.461317 
41.54 0.461284 
41.55 0.46125 
41.56 0.461216 
41.57 0.461183 
41.58 0.461149 
41.59 0.461115 
41.6 0.461082 
41.61 0.461048 
41.62 0.461014 
41.63 0.46098 
41.64 0.460947 
41.65 0.460913 
41.66 0.460879 
41.67 0.460845 
41.68 0.460811 
41.69 0.460777 
41.7 0.460743 
41.71 0.460709 
41.72 0.460675 
41.73 0.460641 
41.74 0.460607 
41.75 0.460572 
41.76 0.460538 
41.77 0.460504 
41.78 0.46047 
41.79 0.460435 
41.8 0.460401 
41.81 0.460367 
41.82 0.460332 
41.83 0.460298 
41.84 0.460264 
41.85 0.460229 
41.86 0.460195 
41.87 0.46016 
41.88 0.460126 
41.89 0.460091 
41.9 0.460057 
41.91 0.460022 
41.92 0.459987 
41.93 0.459953 
41.94 0.459918 
41.95 0.459883 
41.96 0.459848 
41.97 0.459814 
41.98 0.459779 
41.99 0.459744 
42 0.459709 
42.01 0.459674 
42.02 0.459639 
42.03 0.459604 
42.04 0.459569 
42.05 0.459534 
42.06 0.459499 
42.07 0.459464 
42.08 0.459429 
42.09 0.459394 
42.1 0.459359 
42.11 0.459324 
42.12 0.459288 
42.13 0.459253 
42.14 0.459218 
42.15 0.459182 
42.16 0.459147 
42.17 0.459112 
42.18 0.459076 
42.19 0.459041 
42.2 0.459005 
42.21 0.45897 
42.22 0.458934 
42.23 0.458899 
42.24 0.458863 
42.25 0.458828 
42.26 0.458792 
42.27 0.458756 
42.28 0.458721 
42.29 0.458685 
42.3 0.458649 
42.31 0.458613 
42.32 0.458578 
42.33 0.458542 
42.34 0.458506 
42.35 0.45847 
42.36 0.458434 
42.37 0.458398 
42.38 0.458362 
42.39 0.458326 
42.4 0.45829 
42.41 0.458254 
42.42 0.458218 
42.43 0.458182 
42.44 0.458145 
42.45 0.458109 
42.46 0.458073 
42.47 0.458037 
42.48 0.458 
42.49 0.457964 
42.5 0.457928 
42.51 0.457891 
42.52 0.457855 
42.53 0.457818 
42.54 0.457782 
42.55 0.457745 
42.56 0.457709 
42.57 0.457672 
42.58 0.457636 
42.59 0.457599 
42.6 0.457562 
42.61 0.457526 
42.62 0.457489 
42.63 0.457452 
42.64 0.457416 
42.65 0.457379 
42.66 0.457342 
42.67 0.457305 
42.68 0.457268 
42.69 0.457231 
42.7 0.457194 
42.71 0.457157 
42.72 0.45712 
42.73 0.457083 
42.74 0.457046 
42.75 0.457009 
42.76 0.456972 
42.77 0.456935 
42.78 0.456897 
42.79 0.45686 
42.8 0.456823 
42.81 0.456786 
42.82 0.456748 
42.83 0.456711 
42.84 0.456673 
42.85 0.456636 
42.86 0.456599 
42.87 0.456561 
42.88 0.456524 
42.89 0.456486 
42.9 0.456448 
42.91 0.456411 
42.92 0.456373 
42.93 0.456335 
42.94 0.456298 
42.95 0.45626 
42.96 0.456222 
42.97 0.456184 
42.98 0.456147 
42.99 0.456109 
43 0.456071 
43.01 0.456033 
43.02 0.455995 
43.03 0.455957 
43.04 0.455919 
43.05 0.455881 
43.06 0.455843 
43.07 0.455805 
43.08 0.455767 
43.09 0.455728 
43.1 0.45569 
43.11 0.455652 
43.12 0.455614 
43.13 0.455575 
43.14 0.455537 
43.15 0.455499 
43.16 0.45546 
43.17 0.455422 
43.18 0.455383 
43.19 0.455345 
43.2 0.455306 
43.21 0.455268 
43.22 0.455229 
43.23 0.455191 
43.24 0.455152 
43.25 0.455113 
43.26 0.455075 
43.27 0.455036 
43.28 0.454997 
43.29 0.454958 
43.3 0.454919 
43.31 0.454881 
43.32 0.454842 
43.33 0.454803 
43.34 0.454764 
43.35 0.454725 
43.36 0.454686 
43.37 0.454647 
43.38 0.454608 
43.39 0.454568 
43.4 0.454529 
43.41 0.45449 
43.42 0.454451 
43.43 0.454412 
43.44 0.454372 
43.45 0.454333 
43.46 0.454294 
43.47 0.454254 
43.48 0.454215 
43.49 0.454175 
43.5 0.454136 
43.51 0.454096 
43.52 0.454057 
43.53 0.454017 
43.54 0.453978 
43.55 0.453938 
43.56 0.453898 
43.57 0.453859 
43.58 0.453819 
43.59 0.453779 
43.6 0.453739 
43.61 0.453699 
43.62 0.45366 
43.63 0.45362 
43.64 0.45358 
43.65 0.45354 
43.66 0.4535 
43.67 0.45346 
43.68 0.45342 
43.69 0.45338 
43.7 0.453339 
43.71 0.453299 
43.72 0.453259 
43.73 0.453219 
43.74 0.453179 
43.75 0.453138 
43.76 0.453098 
43.77 0.453058 
43.78 0.453017 
43.79 0.452977 
43.8 0.452936 
43.81 0.452896 
43.82 0.452855 
43.83 0.452815 
43.84 0.452774 
43.85 0.452733 
43.86 0.452693 
43.87 0.452652 
43.88 0.452611 
43.89 0.452571 
43.9 0.45253 
43.91 0.452489 
43.92 0.452448 
43.93 0.452407 
43.94 0.452366 
43.95 0.452325 
43.96 0.452284 
43.97 0.452243 
43.98 0.452202 
43.99 0.452161 
44 0.45212 
44.01 0.452079 
44.02 0.452038 
44.03 0.451996 
44.04 0.451955 
44.05 0.451914 
44.06 0.451872 
44.07 0.451831 
44.08 0.45179 
44.09 0.451748 
44.1 0.451707 
44.11 0.451665 
44.12 0.451624 
44.13 0.451582 
44.14 0.451541 
44.15 0.451499 
44.16 0.451457 
44.17 0.451416 
44.18 0.451374 
44.19 0.451332 
44.2 0.45129 
44.21 0.451248 
44.22 0.451207 
44.23 0.451165 
44.24 0.451123 
44.25 0.451081 
44.26 0.451039 
44.27 0.450997 
44.28 0.450955 
44.29 0.450913 
44.3 0.45087 
44.31 0.450828 
44.32 0.450786 
44.33 0.450744 
44.34 0.450702 
44.35 0.450659 
44.36 0.450617 
44.37 0.450574 
44.38 0.450532 
44.39 0.45049 
44.4 0.450447 
44.41 0.450405 
44.42 0.450362 
44.43 0.450319 
44.44 0.450277 
44.45 0.450234 
44.46 0.450191 
44.47 0.450149 
44.48 0.450106 
44.49 0.450063 
44.5 0.45002 
44.51 0.449977 
44.52 0.449935 
44.53 0.449892 
44.54 0.449849 
44.55 0.449806 
44.56 0.449763 
44.57 0.44972 
44.58 0.449676 
44.59 0.449633 
44.6 0.44959 
44.61 0.449547 
44.62 0.449504 
44.63 0.44946 
44.64 0.449417 
44.65 0.449374 
44.66 0.44933 
44.67 0.449287 
44.68 0.449243 
44.69 0.4492 
44.7 0.449156 
44.71 0.449113 
44.72 0.449069 
44.73 0.449026 
44.74 0.448982 
44.75 0.448938 
44.76 0.448894 
44.77 0.448851 
44.78 0.448807 
44.79 0.448763 
44.8 0.448719 
44.81 0.448675 
44.82 0.448631 
44.83 0.448587 
44.84 0.448543 
44.85 0.448499 
44.86 0.448455 
44.87 0.448411 
44.88 0.448367 
44.89 0.448323 
44.9 0.448278 
44.91 0.448234 
44.92 0.44819 
44.93 0.448145 
44.94 0.448101 
44.95 0.448057 
44.96 0.448012 
44.97 0.447968 
44.98 0.447923 
44.99 0.447879 
45 0.447834 
45.01 0.447789 
45.02 0.447745 
45.03 0.4477 
45.04 0.447655 
45.05 0.447611 
45.06 0.447566 
45.07 0.447521 
45.08 0.447476 
45.09 0.447431 
45.1 0.447386 
45.11 0.447341 
45.12 0.447296 
45.13 0.447251 
45.14 0.447206 
45.15 0.447161 
45.16 0.447116 
45.17 0.447071 
45.18 0.447025 
45.19 0.44698 
45.2 0.446935 
45.21 0.446889 
45.22 0.446844 
45.23 0.446799 
45.24 0.446753 
45.25 0.446708 
45.26 0.446662 
45.27 0.446617 
45.28 0.446571 
45.29 0.446525 
45.3 0.44648 
45.31 0.446434 
45.32 0.446388 
45.33 0.446342 
45.34 0.446297 
45.35 0.446251 
45.36 0.446205 
45.37 0.446159 
45.38 0.446113 
45.39 0.446067 
45.4 0.446021 
45.41 0.445975 
45.42 0.445929 
45.43 0.445882 
45.44 0.445836 
45.45 0.44579 
45.46 0.445744 
45.47 0.445698 
45.48 0.445651 
45.49 0.445605 
45.5 0.445558 
45.51 0.445512 
45.52 0.445466 
45.53 0.445419 
45.54 0.445372 
45.55 0.445326 
45.56 0.445279 
45.57 0.445233 
45.58 0.445186 
45.59 0.445139 
45.6 0.445092 
45.61 0.445046 
45.62 0.444999 
45.63 0.444952 
45.64 0.444905 
45.65 0.444858 
45.66 0.444811 
45.67 0.444764 
45.68 0.444717 
45.69 0.44467 
45.7 0.444623 
45.71 0.444575 
45.72 0.444528 
45.73 0.444481 
45.74 0.444434 
45.75 0.444386 
45.76 0.444339 
45.77 0.444291 
45.78 0.444244 
45.79 0.444196 
45.8 0.444149 
45.81 0.444101 
45.82 0.444054 
45.83 0.444006 
45.84 0.443958 
45.85 0.443911 
45.86 0.443863 
45.87 0.443815 
45.88 0.443767 
45.89 0.44372 
45.9 0.443672 
45.91 0.443624 
45.92 0.443576 
45.93 0.443528 
45.94 0.44348 
45.95 0.443432 
45.96 0.443383 
45.97 0.443335 
45.98 0.443287 
45.99 0.443239 
46 0.443191 
46.01 0.443142 
46.02 0.443094 
46.03 0.443046 
46.04 0.442997 
46.05 0.442949 
46.06 0.4429 
46.07 0.442852 
46.08 0.442803 
46.09 0.442754 
46.1 0.442706 
46.11 0.442657 
46.12 0.442608 
46.13 0.442559 
46.14 0.442511 
46.15 0.442462 
46.16 0.442413 
46.17 0.442364 
46.18 0.442315 
46.19 0.442266 
46.2 0.442217 
46.21 0.442168 
46.22 0.442119 
46.23 0.44207 
46.24 0.44202 
46.25 0.441971 
46.26 0.441922 
46.27 0.441873 
46.28 0.441823 
46.29 0.441774 
46.3 0.441724 
46.31 0.441675 
46.32 0.441625 
46.33 0.441576 
46.34 0.441526 
46.35 0.441477 
46.36 0.441427 
46.37 0.441377 
46.38 0.441328 
46.39 0.441278 
46.4 0.441228 
46.41 0.441178 
46.42 0.441128 
46.43 0.441078 
46.44 0.441028 
46.45 0.440978 
46.46 0.440928 
46.47 0.440878 
46.48 0.440828 
46.49 0.440778 
46.5 0.440728 
46.51 0.440677 
46.52 0.440627 
46.53 0.440577 
46.54 0.440526 
46.55 0.440476 
46.56 0.440426 
46.57 0.440375 
46.58 0.440325 
46.59 0.440274 
46.6 0.440223 
46.61 0.440173 
46.62 0.440122 
46.63 0.440071 
46.64 0.440021 
46.65 0.43997 
46.66 0.439919 
46.67 0.439868 
46.68 0.439817 
46.69 0.439766 
46.7 0.439715 
46.71 0.439664 
46.72 0.439613 
46.73 0.439562 
46.74 0.439511 
46.75 0.43946 
46.76 0.439409 
46.77 0.439357 
46.78 0.439306 
46.79 0.439255 
46.8 0.439203 
46.81 0.439152 
46.82 0.4391 
46.83 0.439049 
46.84 0.438997 
46.85 0.438946 
46.86 0.438894 
46.87 0.438842 
46.88 0.438791 
46.89 0.438739 
46.9 0.438687 
46.91 0.438635 
46.92 0.438583 
46.93 0.438532 
46.94 0.43848 
46.95 0.438428 
46.96 0.438376 
46.97 0.438324 
46.98 0.438271 
46.99 0.438219 
47 0.438167 
47.01 0.438115 
47.02 0.438063 
47.03 0.43801 
47.04 0.437958 
47.05 0.437906 
47.06 0.437853 
47.07 0.437801 
47.08 0.437748 
47.09 0.437696 
47.1 0.437643 
47.11 0.43759 
47.12 0.437538 
47.13 0.437485 
47.14 0.437432 
47.15 0.437379 
47.16 0.437327 
47.17 0.437274 
47.18 0.437221 
47.19 0.437168 
47.2 0.437115 
47.21 0.437062 
47.22 0.437009 
47.23 0.436956 
47.24 0.436902 
47.25 0.436849 
47.26 0.436796 
47.27 0.436743 
47.28 0.436689 
47.29 0.436636 
47.3 0.436583 
47.31 0.436529 
47.32 0.436476 
47.33 0.436422 
47.34 0.436369 
47.35 0.436315 
47.36 0.436261 
47.37 0.436208 
47.38 0.436154 
47.39 0.4361 
47.4 0.436046 
47.41 0.435993 
47.42 0.435939 
47.43 0.435885 
47.44 0.435831 
47.45 0.435777 
47.46 0.435723 
47.47 0.435669 
47.48 0.435614 
47.49 0.43556 
47.5 0.435506 
47.51 0.435452 
47.52 0.435397 
47.53 0.435343 
47.54 0.435289 
47.55 0.435234 
47.56 0.43518 
47.57 0.435125 
47.58 0.435071 
47.59 0.435016 
47.6 0.434961 
47.61 0.434907 
47.62 0.434852 
47.63 0.434797 
47.64 0.434743 
47.65 0.434688 
47.66 0.434633 
47.67 0.434578 
47.68 0.434523 
47.69 0.434468 
47.7 0.434413 
47.71 0.434358 
47.72 0.434303 
47.73 0.434247 
47.74 0.434192 
47.75 0.434137 
47.76 0.434082 
47.77 0.434026 
47.78 0.433971 
47.79 0.433916 
47.8 0.43386 
47.81 0.433805 
47.82 0.433749 
47.83 0.433693 
47.84 0.433638 
47.85 0.433582 
47.86 0.433526 
47.87 0.433471 
47.88 0.433415 
47.89 0.433359 
47.9 0.433303 
47.91 0.433247 
47.92 0.433191 
47.93 0.433135 
47.94 0.433079 
47.95 0.433023 
47.96 0.432967 
47.97 0.432911 
47.98 0.432854 
47.99 0.432798 
48 0.432742 
48.01 0.432685 
48.02 0.432629 
48.03 0.432573 
48.04 0.432516 
48.05 0.43246 
48.06 0.432403 
48.07 0.432347 
48.08 0.43229 
48.09 0.432233 
48.1 0.432176 
48.11 0.43212 
48.12 0.432063 
48.13 0.432006 
48.14 0.431949 
48.15 0.431892 
48.16 0.431835 
48.17 0.431778 
48.18 0.431721 
48.19 0.431664 
48.2 0.431607 
48.21 0.43155 
48.22 0.431492 
48.23 0.431435 
48.24 0.431378 
48.25 0.43132 
48.26 0.431263 
48.27 0.431205 
48.28 0.431148 
48.29 0.43109 
48.3 0.431033 
48.31 0.430975 
48.32 0.430918 
48.33 0.43086 
48.34 0.430802 
48.35 0.430744 
48.36 0.430686 
48.37 0.430629 
48.38 0.430571 
48.39 0.430513 
48.4 0.430455 
48.41 0.430397 
48.42 0.430339 
48.43 0.43028 
48.44 0.430222 
48.45 0.430164 
48.46 0.430106 
48.47 0.430047 
48.48 0.429989 
48.49 0.429931 
48.5 0.429872 
48.51 0.429814 
48.52 0.429755 
48.53 0.429697 
48.54 0.429638 
48.55 0.429579 
48.56 0.429521 
48.57 0.429462 
48.58 0.429403 
48.59 0.429344 
48.6 0.429285 
48.61 0.429226 
48.62 0.429167 
48.63 0.429108 
48.64 0.429049 
48.65 0.42899 
48.66 0.428931 
48.67 0.428872 
48.68 0.428813 
48.69 0.428753 
48.7 0.428694 
48.71 0.428635 
48.72 0.428575 
48.73 0.428516 
48.74 0.428456 
48.75 0.428397 
48.76 0.428337 
48.77 0.428278 
48.78 0.428218 
48.79 0.428158 
48.8 0.428099 
48.81 0.428039 
48.82 0.427979 
48.83 0.427919 
48.84 0.427859 
48.85 0.427799 
48.86 0.427739 
48.87 0.427679 
48.88 0.427619 
48.89 0.427559 
48.9 0.427499 
48.91 0.427439 
48.92 0.427378 
48.93 0.427318 
48.94 0.427258 
48.95 0.427197 
48.96 0.427137 
48.97 0.427076 
48.98 0.427016 
48.99 0.426955 
49 0.426895 
49.01 0.426834 
49.02 0.426773 
49.03 0.426712 
49.04 0.426652 
49.05 0.426591 
49.06 0.42653 
49.07 0.426469 
49.08 0.426408 
49.09 0.426347 
49.1 0.426286 
49.11 0.426225 
49.12 0.426164 
49.13 0.426102 
49.14 0.426041 
49.15 0.42598 
49.16 0.425919 
49.17 0.425857 
49.18 0.425796 
49.19 0.425734 
49.2 0.425673 
49.21 0.425611 
49.22 0.42555 
49.23 0.425488 
49.24 0.425426 
49.25 0.425365 
49.26 0.425303 
49.27 0.425241 
49.28 0.425179 
49.29 0.425117 
49.3 0.425055 
49.31 0.424993 
49.32 0.424931 
49.33 0.424869 
49.34 0.424807 
49.35 0.424745 
49.36 0.424683 
49.37 0.42462 
49.38 0.424558 
49.39 0.424496 
49.4 0.424433 
49.41 0.424371 
49.42 0.424308 
49.43 0.424246 
49.44 0.424183 
49.45 0.424121 
49.46 0.424058 
49.47 0.423995 
49.48 0.423932 
49.49 0.42387 
49.5 0.423807 
49.51 0.423744 
49.52 0.423681 
49.53 0.423618 
49.54 0.423555 
49.55 0.423492 
49.56 0.423429 
49.57 0.423366 
49.58 0.423302 
49.59 0.423239 
49.6 0.423176 
49.61 0.423112 
49.62 0.423049 
49.63 0.422986 
49.64 0.422922 
49.65 0.422859 
49.66 0.422795 
49.67 0.422731 
49.68 0.422668 
49.69 0.422604 
49.7 0.42254 
49.71 0.422477 
49.72 0.422413 
49.73 0.422349 
49.74 0.422285 
49.75 0.422221 
49.76 0.422157 
49.77 0.422093 
49.78 0.422029 
49.79 0.421965 
49.8 0.4219 
49.81 0.421836 
49.82 0.421772 
49.83 0.421708 
49.84 0.421643 
49.85 0.421579 
49.86 0.421514 
49.87 0.42145 
49.88 0.421385 
49.89 0.421321 
49.9 0.421256 
49.91 0.421191 
49.92 0.421126 
49.93 0.421062 
49.94 0.420997 
49.95 0.420932 
49.96 0.420867 
49.97 0.420802 
49.98 0.420737 
49.99 0.420672 
50 0.420607 
