0 0.25 
0.01 0.253006 
0.02 0.256008 
0.03 0.259006 
0.04 0.261999 
0.05 0.264988 
0.06 0.267973 
0.07 0.270953 
0.08 0.27393 
0.09 0.276902 
0.1 0.27987 
0.11 0.282835 
0.12 0.285795 
0.13 0.288751 
0.14 0.291704 
0.15 0.294653 
0.16 0.297598 
0.17 0.300539 
0.18 0.303476 
0.19 0.30641 
0.2 0.30934 
0.21 0.312266 
0.22 0.315189 
0.23 0.318108 
0.24 0.321024 
0.25 0.323936 
0.26 0.326844 
0.27 0.329749 
0.28 0.33265 
0.29 0.335548 
0.3 0.338442 
0.31 0.341333 
0.32 0.34422 
0.33 0.347103 
0.34 0.349983 
0.35 0.35286 
0.36 0.355733 
0.37 0.358602 
0.38 0.361468 
0.39 0.36433 
0.4 0.367189 
0.41 0.370044 
0.42 0.372895 
0.43 0.375743 
0.44 0.378587 
0.45 0.381428 
0.46 0.384264 
0.47 0.387097 
0.48 0.389926 
0.49 0.392752 
0.5 0.395573 
0.51 0.398391 
0.52 0.401205 
0.53 0.404015 
0.54 0.406821 
0.55 0.409623 
0.56 0.412421 
0.57 0.415215 
0.58 0.418005 
0.59 0.420791 
0.6 0.423572 
0.61 0.426349 
0.62 0.429122 
0.63 0.431891 
0.64 0.434656 
0.65 0.437416 
0.66 0.440171 
0.67 0.442922 
0.68 0.445669 
0.69 0.448411 
0.7 0.451148 
0.71 0.453881 
0.72 0.456609 
0.73 0.459332 
0.74 0.46205 
0.75 0.464763 
0.76 0.467472 
0.77 0.470175 
0.78 0.472874 
0.79 0.475567 
0.8 0.478256 
0.81 0.480939 
0.82 0.483616 
0.83 0.486289 
0.84 0.488956 
0.85 0.491618 
0.86 0.494274 
0.87 0.496925 
0.88 0.499571 
0.89 0.50221 
0.9 0.504845 
0.91 0.507473 
0.92 0.510096 
0.93 0.512713 
0.94 0.515324 
0.95 0.517929 
0.96 0.520528 
0.97 0.523121 
0.98 0.525709 
0.99 0.52829 
1 0.530865 
1.01 0.533434 
1.02 0.535997 
1.03 0.538553 
1.04 0.541103 
1.05 0.543647 
1.06 0.546185 
1.07 0.548716 
1.08 0.551241 
1.09 0.553759 
1.1 0.556271 
1.11 0.558776 
1.12 0.561275 
1.13 0.563767 
1.14 0.566252 
1.15 0.568731 
1.16 0.571203 
1.17 0.573668 
1.18 0.576127 
1.19 0.578578 
1.2 0.581023 
1.21 0.583461 
1.22 0.585893 
1.23 0.588317 
1.24 0.590734 
1.25 0.593145 
1.26 0.595549 
1.27 0.597945 
1.28 0.600335 
1.29 0.602718 
1.3 0.605094 
1.31 0.607462 
1.32 0.609824 
1.33 0.612179 
1.34 0.614526 
1.35 0.616867 
1.36 0.619201 
1.37 0.621527 
1.38 0.623847 
1.39 0.626159 
1.4 0.628464 
1.41 0.630763 
1.42 0.633054 
1.43 0.635338 
1.44 0.637615 
1.45 0.639886 
1.46 0.642149 
1.47 0.644405 
1.48 0.646654 
1.49 0.648896 
1.5 0.651131 
1.51 0.653359 
1.52 0.65558 
1.53 0.657794 
1.54 0.660001 
1.55 0.662201 
1.56 0.664394 
1.57 0.666581 
1.58 0.66876 
1.59 0.670933 
1.6 0.673098 
1.61 0.675257 
1.62 0.67741 
1.63 0.679555 
1.64 0.681693 
1.65 0.683825 
1.66 0.685951 
1.67 0.688069 
1.68 0.690181 
1.69 0.692286 
1.7 0.694385 
1.71 0.696477 
1.72 0.698563 
1.73 0.700642 
1.74 0.702714 
1.75 0.704781 
1.76 0.70684 
1.77 0.708894 
1.78 0.710941 
1.79 0.712982 
1.8 0.715017 
1.81 0.717045 
1.82 0.719067 
1.83 0.721083 
1.84 0.723093 
1.85 0.725097 
1.86 0.727095 
1.87 0.729087 
1.88 0.731073 
1.89 0.733054 
1.9 0.735028 
1.91 0.736996 
1.92 0.738959 
1.93 0.740916 
1.94 0.742868 
1.95 0.744814 
1.96 0.746754 
1.97 0.748688 
1.98 0.750618 
1.99 0.752541 
2 0.75446 
2.01 0.756373 
2.02 0.758281 
2.03 0.760183 
2.04 0.76208 
2.05 0.763972 
2.06 0.76586 
2.07 0.767742 
2.08 0.769619 
2.09 0.771491 
2.1 0.773358 
2.11 0.77522 
2.12 0.777077 
2.13 0.77893 
2.14 0.780778 
2.15 0.782622 
2.16 0.78446 
2.17 0.786295 
2.18 0.788124 
2.19 0.78995 
2.2 0.791771 
2.21 0.793587 
2.22 0.7954 
2.23 0.797208 
2.24 0.799012 
2.25 0.800811 
2.26 0.802607 
2.27 0.804399 
2.28 0.806186 
2.29 0.80797 
2.3 0.80975 
2.31 0.811526 
2.32 0.813298 
2.33 0.815067 
2.34 0.816832 
2.35 0.818593 
2.36 0.820351 
2.37 0.822105 
2.38 0.823856 
2.39 0.825604 
2.4 0.827348 
2.41 0.829089 
2.42 0.830826 
2.43 0.83256 
2.44 0.834292 
2.45 0.83602 
2.46 0.837745 
2.47 0.839467 
2.48 0.841187 
2.49 0.842903 
2.5 0.844617 
2.51 0.846327 
2.52 0.848035 
2.53 0.849741 
2.54 0.851444 
2.55 0.853144 
2.56 0.854842 
2.57 0.856537 
2.58 0.85823 
2.59 0.85992 
2.6 0.861609 
2.61 0.863295 
2.62 0.864978 
2.63 0.86666 
2.64 0.86834 
2.65 0.870017 
2.66 0.871692 
2.67 0.873366 
2.68 0.875037 
2.69 0.876707 
2.7 0.878375 
2.71 0.880041 
2.72 0.881706 
2.73 0.883368 
2.74 0.885029 
2.75 0.886689 
2.76 0.888347 
2.77 0.890004 
2.78 0.891659 
2.79 0.893313 
2.8 0.894965 
2.81 0.896616 
2.82 0.898266 
2.83 0.899915 
2.84 0.901562 
2.85 0.903208 
2.86 0.904854 
2.87 0.906498 
2.88 0.908141 
2.89 0.909784 
2.9 0.911425 
2.91 0.913066 
2.92 0.914706 
2.93 0.916345 
2.94 0.917983 
2.95 0.919621 
2.96 0.921258 
2.97 0.922894 
2.98 0.92453 
2.99 0.926165 
3 0.9278 
3.01 0.929434 
3.02 0.931068 
3.03 0.932702 
3.04 0.934335 
3.05 0.935968 
3.06 0.9376 
3.07 0.939232 
3.08 0.940865 
3.09 0.942497 
3.1 0.944128 
3.11 0.94576 
3.12 0.947392 
3.13 0.949023 
3.14 0.950655 
3.15 0.952286 
3.16 0.953918 
3.17 0.95555 
3.18 0.957182 
3.19 0.958814 
3.2 0.960446 
3.21 0.962078 
3.22 0.96371 
3.23 0.965343 
3.24 0.966976 
3.25 0.968609 
3.26 0.970243 
3.27 0.971877 
3.28 0.973511 
3.29 0.975146 
3.3 0.976781 
3.31 0.978416 
3.32 0.980052 
3.33 0.981688 
3.34 0.983325 
3.35 0.984962 
3.36 0.9866 
3.37 0.988238 
3.38 0.989877 
3.39 0.991516 
3.4 0.993156 
3.41 0.994797 
3.42 0.996438 
3.43 0.99808 
3.44 0.999722 
3.45 1.00137 
3.46 1.00301 
3.47 1.00465 
3.48 1.0063 
3.49 1.00794 
3.5 1.00959 
3.51 1.01124 
3.52 1.01288 
3.53 1.01453 
3.54 1.01618 
3.55 1.01783 
3.56 1.01948 
3.57 1.02113 
3.58 1.02279 
3.59 1.02444 
3.6 1.02609 
3.61 1.02775 
3.62 1.0294 
3.63 1.03106 
3.64 1.03271 
3.65 1.03437 
3.66 1.03603 
3.67 1.03769 
3.68 1.03934 
3.69 1.041 
3.7 1.04266 
3.71 1.04433 
3.72 1.04599 
3.73 1.04765 
3.74 1.04931 
3.75 1.05098 
3.76 1.05264 
3.77 1.05431 
3.78 1.05598 
3.79 1.05764 
3.8 1.05931 
3.81 1.06098 
3.82 1.06265 
3.83 1.06432 
3.84 1.06599 
3.85 1.06767 
3.86 1.06934 
3.87 1.07101 
3.88 1.07269 
3.89 1.07436 
3.9 1.07604 
3.91 1.07772 
3.92 1.07939 
3.93 1.08107 
3.94 1.08275 
3.95 1.08443 
3.96 1.08611 
3.97 1.08779 
3.98 1.08948 
3.99 1.09116 
4 1.09284 
4.01 1.09453 
4.02 1.09622 
4.03 1.0979 
4.04 1.09959 
4.05 1.10128 
4.06 1.10297 
4.07 1.10466 
4.08 1.10635 
4.09 1.10804 
4.1 1.10974 
4.11 1.11143 
4.12 1.11312 
4.13 1.11482 
4.14 1.11652 
4.15 1.11821 
4.16 1.11991 
4.17 1.12161 
4.18 1.12331 
4.19 1.12501 
4.2 1.12671 
4.21 1.12841 
4.22 1.13012 
4.23 1.13182 
4.24 1.13353 
4.25 1.13523 
4.26 1.13694 
4.27 1.13865 
4.28 1.14036 
4.29 1.14207 
4.3 1.14378 
4.31 1.14549 
4.32 1.1472 
4.33 1.14892 
4.34 1.15063 
4.35 1.15234 
4.36 1.15406 
4.37 1.15578 
4.38 1.1575 
4.39 1.15921 
4.4 1.16093 
4.41 1.16266 
4.42 1.16438 
4.43 1.1661 
4.44 1.16782 
4.45 1.16955 
4.46 1.17127 
4.47 1.173 
4.48 1.17473 
4.49 1.17646 
4.5 1.17819 
4.51 1.17992 
4.52 1.18165 
4.53 1.18338 
4.54 1.18511 
4.55 1.18685 
4.56 1.18858 
4.57 1.19032 
4.58 1.19205 
4.59 1.19379 
4.6 1.19553 
4.61 1.19727 
4.62 1.19901 
4.63 1.20075 
4.64 1.2025 
4.65 1.20424 
4.66 1.20599 
4.67 1.20773 
4.68 1.20948 
4.69 1.21123 
4.7 1.21298 
4.71 1.21473 
4.72 1.21648 
4.73 1.21823 
4.74 1.21998 
4.75 1.22173 
4.76 1.22349 
4.77 1.22525 
4.78 1.227 
4.79 1.22876 
4.8 1.23052 
4.81 1.23228 
4.82 1.23404 
4.83 1.2358 
4.84 1.23756 
4.85 1.23933 
4.86 1.24109 
4.87 1.24286 
4.88 1.24463 
4.89 1.2464 
4.9 1.24816 
4.91 1.24993 
4.92 1.25171 
4.93 1.25348 
4.94 1.25525 
4.95 1.25703 
4.96 1.2588 
4.97 1.26058 
4.98 1.26235 
4.99 1.26413 
5 1.26591 
5.01 1.26769 
5.02 1.26947 
5.03 1.27126 
5.04 1.27304 
5.05 1.27483 
5.06 1.27661 
5.07 1.2784 
5.08 1.28019 
5.09 1.28198 
5.1 1.28377 
5.11 1.28556 
5.12 1.28735 
5.13 1.28914 
5.14 1.29094 
5.15 1.29273 
5.16 1.29453 
5.17 1.29633 
5.18 1.29813 
5.19 1.29993 
5.2 1.30173 
5.21 1.30353 
5.22 1.30533 
5.23 1.30714 
5.24 1.30894 
5.25 1.31075 
5.26 1.31255 
5.27 1.31436 
5.28 1.31617 
5.29 1.31798 
5.3 1.3198 
5.31 1.32161 
5.32 1.32342 
5.33 1.32524 
5.34 1.32705 
5.35 1.32887 
5.36 1.33069 
5.37 1.33251 
5.38 1.33433 
5.39 1.33615 
5.4 1.33797 
5.41 1.3398 
5.42 1.34162 
5.43 1.34345 
5.44 1.34528 
5.45 1.3471 
5.46 1.34893 
5.47 1.35076 
5.48 1.3526 
5.49 1.35443 
5.5 1.35626 
5.51 1.3581 
5.52 1.35994 
5.53 1.36177 
5.54 1.36361 
5.55 1.36545 
5.56 1.36729 
5.57 1.36913 
5.58 1.37098 
5.59 1.37282 
5.6 1.37467 
5.61 1.37651 
5.62 1.37836 
5.63 1.38021 
5.64 1.38206 
5.65 1.38391 
5.66 1.38576 
5.67 1.38762 
5.68 1.38947 
5.69 1.39133 
5.7 1.39318 
5.71 1.39504 
5.72 1.3969 
5.73 1.39876 
5.74 1.40062 
5.75 1.40248 
5.76 1.40435 
5.77 1.40621 
5.78 1.40808 
5.79 1.40995 
5.8 1.41182 
5.81 1.41369 
5.82 1.41556 
5.83 1.41743 
5.84 1.4193 
5.85 1.42118 
5.86 1.42305 
5.87 1.42493 
5.88 1.42681 
5.89 1.42868 
5.9 1.43056 
5.91 1.43245 
5.92 1.43433 
5.93 1.43621 
5.94 1.4381 
5.95 1.43998 
5.96 1.44187 
5.97 1.44376 
5.98 1.44565 
5.99 1.44754 
6 1.44943 
6.01 1.45133 
6.02 1.45322 
6.03 1.45512 
6.04 1.45701 
6.05 1.45891 
6.06 1.46081 
6.07 1.46271 
6.08 1.46461 
6.09 1.46652 
6.1 1.46842 
6.11 1.47032 
6.12 1.47223 
6.13 1.47414 
6.14 1.47605 
6.15 1.47796 
6.16 1.47987 
6.17 1.48178 
6.18 1.4837 
6.19 1.48561 
6.2 1.48753 
6.21 1.48944 
6.22 1.49136 
6.23 1.49328 
6.24 1.4952 
6.25 1.49713 
6.26 1.49905 
6.27 1.50097 
6.28 1.5029 
6.29 1.50483 
6.3 1.50676 
6.31 1.50869 
6.32 1.51062 
6.33 1.51255 
6.34 1.51448 
6.35 1.51642 
6.36 1.51835 
6.37 1.52029 
6.38 1.52223 
6.39 1.52417 
6.4 1.52611 
6.41 1.52805 
6.42 1.52999 
6.43 1.53194 
6.44 1.53388 
6.45 1.53583 
6.46 1.53778 
6.47 1.53973 
6.48 1.54168 
6.49 1.54363 
6.5 1.54559 
6.51 1.54754 
6.52 1.5495 
6.53 1.55145 
6.54 1.55341 
6.55 1.55537 
6.56 1.55733 
6.57 1.55929 
6.58 1.56126 
6.59 1.56322 
6.6 1.56519 
6.61 1.56716 
6.62 1.56912 
6.63 1.57109 
6.64 1.57306 
6.65 1.57504 
6.66 1.57701 
6.67 1.57898 
6.68 1.58096 
6.69 1.58294 
6.7 1.58492 
6.71 1.5869 
6.72 1.58888 
6.73 1.59086 
6.74 1.59284 
6.75 1.59483 
6.76 1.59682 
6.77 1.5988 
6.78 1.60079 
6.79 1.60278 
6.8 1.60477 
6.81 1.60677 
6.82 1.60876 
6.83 1.61076 
6.84 1.61275 
6.85 1.61475 
6.86 1.61675 
6.87 1.61875 
6.88 1.62075 
6.89 1.62275 
6.9 1.62476 
6.91 1.62676 
6.92 1.62877 
6.93 1.63078 
6.94 1.63279 
6.95 1.6348 
6.96 1.63681 
6.97 1.63883 
6.98 1.64084 
6.99 1.64286 
7 1.64487 
7.01 1.64689 
7.02 1.64891 
7.03 1.65093 
7.04 1.65296 
7.05 1.65498 
7.06 1.65701 
7.07 1.65903 
7.08 1.66106 
7.09 1.66309 
7.1 1.66512 
7.11 1.66715 
7.12 1.66918 
7.13 1.67122 
7.14 1.67326 
7.15 1.67529 
7.16 1.67733 
7.17 1.67937 
7.18 1.68141 
7.19 1.68345 
7.2 1.6855 
7.21 1.68754 
7.22 1.68959 
7.23 1.69164 
7.24 1.69369 
7.25 1.69574 
7.26 1.69779 
7.27 1.69984 
7.28 1.7019 
7.29 1.70395 
7.3 1.70601 
7.31 1.70807 
7.32 1.71013 
7.33 1.71219 
7.34 1.71425 
7.35 1.71632 
7.36 1.71838 
7.37 1.72045 
7.38 1.72252 
7.39 1.72458 
7.4 1.72666 
7.41 1.72873 
7.42 1.7308 
7.43 1.73287 
7.44 1.73495 
7.45 1.73703 
7.46 1.73911 
7.47 1.74119 
7.48 1.74327 
7.49 1.74535 
7.5 1.74744 
7.51 1.74952 
7.52 1.75161 
7.53 1.7537 
7.54 1.75579 
7.55 1.75788 
7.56 1.75997 
7.57 1.76206 
7.58 1.76416 
7.59 1.76625 
7.6 1.76835 
7.61 1.77045 
7.62 1.77255 
7.63 1.77465 
7.64 1.77676 
7.65 1.77886 
7.66 1.78097 
7.67 1.78308 
7.68 1.78519 
7.69 1.7873 
7.7 1.78941 
7.71 1.79152 
7.72 1.79363 
7.73 1.79575 
7.74 1.79787 
7.75 1.79999 
7.76 1.80211 
7.77 1.80423 
7.78 1.80635 
7.79 1.80847 
7.8 1.8106 
7.81 1.81273 
7.82 1.81486 
7.83 1.81698 
7.84 1.81912 
7.85 1.82125 
7.86 1.82338 
7.87 1.82552 
7.88 1.82765 
7.89 1.82979 
7.9 1.83193 
7.91 1.83407 
7.92 1.83622 
7.93 1.83836 
7.94 1.8405 
7.95 1.84265 
7.96 1.8448 
7.97 1.84695 
7.98 1.8491 
7.99 1.85125 
8 1.8534 
8.01 1.85556 
8.02 1.85772 
8.03 1.85987 
8.04 1.86203 
8.05 1.86419 
8.06 1.86636 
8.07 1.86852 
8.08 1.87068 
8.09 1.87285 
8.1 1.87502 
8.11 1.87719 
8.12 1.87936 
8.13 1.88153 
8.14 1.8837 
8.15 1.88588 
8.16 1.88806 
8.17 1.89023 
8.18 1.89241 
8.19 1.89459 
8.2 1.89678 
8.21 1.89896 
8.22 1.90114 
8.23 1.90333 
8.24 1.90552 
8.25 1.90771 
8.26 1.9099 
8.27 1.91209 
8.28 1.91428 
8.29 1.91648 
8.3 1.91868 
8.31 1.92087 
8.32 1.92307 
8.33 1.92527 
8.34 1.92748 
8.35 1.92968 
8.36 1.93189 
8.37 1.93409 
8.38 1.9363 
8.39 1.93851 
8.4 1.94072 
8.41 1.94293 
8.42 1.94515 
8.43 1.94736 
8.44 1.94958 
8.45 1.9518 
8.46 1.95402 
8.47 1.95624 
8.48 1.95846 
8.49 1.96069 
8.5 1.96291 
8.51 1.96514 
8.52 1.96737 
8.53 1.9696 
8.54 1.97183 
8.55 1.97406 
8.56 1.9763 
8.57 1.97853 
8.58 1.98077 
8.59 1.98301 
8.6 1.98525 
8.61 1.98749 
8.62 1.98973 
8.63 1.99198 
8.64 1.99423 
8.65 1.99647 
8.66 1.99872 
8.67 2.00097 
8.68 2.00323 
8.69 2.00548 
8.7 2.00773 
8.71 2.00999 
8.72 2.01225 
8.73 2.01451 
8.74 2.01677 
8.75 2.01903 
8.76 2.0213 
8.77 2.02356 
8.78 2.02583 
8.79 2.0281 
8.8 2.03037 
8.81 2.03264 
8.82 2.03491 
8.83 2.03719 
8.84 2.03946 
8.85 2.04174 
8.86 2.04402 
8.87 2.0463 
8.88 2.04858 
8.89 2.05087 
8.9 2.05315 
8.91 2.05544 
8.92 2.05773 
8.93 2.06002 
8.94 2.06231 
8.95 2.0646 
8.96 2.0669 
8.97 2.06919 
8.98 2.07149 
8.99 2.07379 
9 2.07609 
9.01 2.07839 
9.02 2.08069 
9.03 2.083 
9.04 2.0853 
9.05 2.08761 
9.06 2.08992 
9.07 2.09223 
9.08 2.09454 
9.09 2.09686 
9.1 2.09917 
9.11 2.10149 
9.12 2.10381 
9.13 2.10613 
9.14 2.10845 
9.15 2.11077 
9.16 2.1131 
9.17 2.11543 
9.18 2.11775 
9.19 2.12008 
9.2 2.12241 
9.21 2.12475 
9.22 2.12708 
9.23 2.12942 
9.24 2.13175 
9.25 2.13409 
9.26 2.13643 
9.27 2.13877 
9.28 2.14112 
9.29 2.14346 
9.3 2.14581 
9.31 2.14816 
9.32 2.1505 
9.33 2.15286 
9.34 2.15521 
9.35 2.15756 
9.36 2.15992 
9.37 2.16228 
9.38 2.16463 
9.39 2.16699 
9.4 2.16936 
9.41 2.17172 
9.42 2.17408 
9.43 2.17645 
9.44 2.17882 
9.45 2.18119 
9.46 2.18356 
9.47 2.18593 
9.48 2.18831 
9.49 2.19068 
9.5 2.19306 
9.51 2.19544 
9.52 2.19782 
9.53 2.2002 
9.54 2.20259 
9.55 2.20497 
9.56 2.20736 
9.57 2.20975 
9.58 2.21214 
9.59 2.21453 
9.6 2.21692 
9.61 2.21932 
9.62 2.22172 
9.63 2.22411 
9.64 2.22651 
9.65 2.22891 
9.66 2.23132 
9.67 2.23372 
9.68 2.23613 
9.69 2.23854 
9.7 2.24094 
9.71 2.24336 
9.72 2.24577 
9.73 2.24818 
9.74 2.2506 
9.75 2.25301 
9.76 2.25543 
9.77 2.25785 
9.78 2.26028 
9.79 2.2627 
9.8 2.26512 
9.81 2.26755 
9.82 2.26998 
9.83 2.27241 
9.84 2.27484 
9.85 2.27728 
9.86 2.27971 
9.87 2.28215 
9.88 2.28458 
9.89 2.28702 
9.9 2.28947 
9.91 2.29191 
9.92 2.29435 
9.93 2.2968 
9.94 2.29925 
9.95 2.3017 
9.96 2.30415 
9.97 2.3066 
9.98 2.30905 
9.99 2.31151 
10 2.31397 
10.01 2.31643 
10.02 2.31889 
10.03 2.32135 
10.04 2.32381 
10.05 2.32628 
10.06 2.32875 
10.07 2.33122 
10.08 2.33369 
10.09 2.33616 
10.1 2.33863 
10.11 2.34111 
10.12 2.34359 
10.13 2.34606 
10.14 2.34854 
10.15 2.35103 
10.16 2.35351 
10.17 2.356 
10.18 2.35848 
10.19 2.36097 
10.2 2.36346 
10.21 2.36595 
10.22 2.36845 
10.23 2.37094 
10.24 2.37344 
10.25 2.37594 
10.26 2.37844 
10.27 2.38094 
10.28 2.38344 
10.29 2.38595 
10.3 2.38846 
10.31 2.39096 
10.32 2.39347 
10.33 2.39599 
10.34 2.3985 
10.35 2.40101 
10.36 2.40353 
10.37 2.40605 
10.38 2.40857 
10.39 2.41109 
10.4 2.41362 
10.41 2.41614 
10.42 2.41867 
10.43 2.4212 
10.44 2.42373 
10.45 2.42626 
10.46 2.42879 
10.47 2.43133 
10.48 2.43386 
10.49 2.4364 
10.5 2.43894 
10.51 2.44148 
10.52 2.44403 
10.53 2.44657 
10.54 2.44912 
10.55 2.45167 
10.56 2.45422 
10.57 2.45677 
10.58 2.45933 
10.59 2.46188 
10.6 2.46444 
10.61 2.467 
10.62 2.46956 
10.63 2.47212 
10.64 2.47468 
10.65 2.47725 
10.66 2.47982 
10.67 2.48239 
10.68 2.48496 
10.69 2.48753 
10.7 2.4901 
10.71 2.49268 
10.72 2.49526 
10.73 2.49784 
10.74 2.50042 
10.75 2.503 
10.76 2.50558 
10.77 2.50817 
10.78 2.51076 
10.79 2.51335 
10.8 2.51594 
10.81 2.51853 
10.82 2.52113 
10.83 2.52372 
10.84 2.52632 
10.85 2.52892 
10.86 2.53152 
10.87 2.53413 
10.88 2.53673 
10.89 2.53934 
10.9 2.54195 
10.91 2.54456 
10.92 2.54717 
10.93 2.54978 
10.94 2.5524 
10.95 2.55501 
10.96 2.55763 
10.97 2.56025 
10.98 2.56288 
10.99 2.5655 
11 2.56813 
11.01 2.57075 
11.02 2.57338 
11.03 2.57601 
11.04 2.57865 
11.05 2.58128 
11.06 2.58392 
11.07 2.58656 
11.08 2.58919 
11.09 2.59184 
11.1 2.59448 
11.11 2.59712 
11.12 2.59977 
11.13 2.60242 
11.14 2.60507 
11.15 2.60772 
11.16 2.61038 
11.17 2.61303 
11.18 2.61569 
11.19 2.61835 
11.2 2.62101 
11.21 2.62367 
11.22 2.62634 
11.23 2.629 
11.24 2.63167 
11.25 2.63434 
11.26 2.63701 
11.27 2.63968 
11.28 2.64236 
11.29 2.64504 
11.3 2.64771 
11.31 2.65039 
11.32 2.65308 
11.33 2.65576 
11.34 2.65845 
11.35 2.66113 
11.36 2.66382 
11.37 2.66651 
11.38 2.66921 
11.39 2.6719 
11.4 2.6746 
11.41 2.6773 
11.42 2.68 
11.43 2.6827 
11.44 2.6854 
11.45 2.68811 
11.46 2.69081 
11.47 2.69352 
11.48 2.69623 
11.49 2.69895 
11.5 2.70166 
11.51 2.70438 
11.52 2.70709 
11.53 2.70981 
11.54 2.71253 
11.55 2.71526 
11.56 2.71798 
11.57 2.72071 
11.58 2.72344 
11.59 2.72617 
11.6 2.7289 
11.61 2.73164 
11.62 2.73437 
11.63 2.73711 
11.64 2.73985 
11.65 2.74259 
11.66 2.74533 
11.67 2.74808 
11.68 2.75083 
11.69 2.75357 
11.7 2.75632 
11.71 2.75908 
11.72 2.76183 
11.73 2.76459 
11.74 2.76734 
11.75 2.7701 
11.76 2.77287 
11.77 2.77563 
11.78 2.77839 
11.79 2.78116 
11.8 2.78393 
11.81 2.7867 
11.82 2.78947 
11.83 2.79225 
11.84 2.79502 
11.85 2.7978 
11.86 2.80058 
11.87 2.80336 
11.88 2.80615 
11.89 2.80893 
11.9 2.81172 
11.91 2.81451 
11.92 2.8173 
11.93 2.82009 
11.94 2.82289 
11.95 2.82568 
11.96 2.82848 
11.97 2.83128 
11.98 2.83408 
11.99 2.83689 
12 2.83969 
12.01 2.8425 
12.02 2.84531 
12.03 2.84812 
12.04 2.85093 
12.05 2.85375 
12.06 2.85657 
12.07 2.85939 
12.08 2.86221 
12.09 2.86503 
12.1 2.86785 
12.11 2.87068 
12.12 2.87351 
12.13 2.87634 
12.14 2.87917 
12.15 2.882 
12.16 2.88484 
12.17 2.88768 
12.18 2.89052 
12.19 2.89336 
12.2 2.8962 
12.21 2.89904 
12.22 2.90189 
12.23 2.90474 
12.24 2.90759 
12.25 2.91044 
12.26 2.9133 
12.27 2.91615 
12.28 2.91901 
12.29 2.92187 
12.3 2.92474 
12.31 2.9276 
12.32 2.93047 
12.33 2.93333 
12.34 2.9362 
12.35 2.93907 
12.36 2.94195 
12.37 2.94482 
12.38 2.9477 
12.39 2.95058 
12.4 2.95346 
12.41 2.95634 
12.42 2.95923 
12.43 2.96212 
12.44 2.965 
12.45 2.9679 
12.46 2.97079 
12.47 2.97368 
12.48 2.97658 
12.49 2.97948 
12.5 2.98238 
12.51 2.98528 
12.52 2.98818 
12.53 2.99109 
12.54 2.994 
12.55 2.99691 
12.56 2.99982 
12.57 3.00273 
12.58 3.00565 
12.59 3.00857 
12.6 3.01149 
12.61 3.01441 
12.62 3.01733 
12.63 3.02026 
12.64 3.02318 
12.65 3.02611 
12.66 3.02904 
12.67 3.03198 
12.68 3.03491 
12.69 3.03785 
12.7 3.04079 
12.71 3.04373 
12.72 3.04667 
12.73 3.04962 
12.74 3.05256 
12.75 3.05551 
12.76 3.05846 
12.77 3.06142 
12.78 3.06437 
12.79 3.06733 
12.8 3.07029 
12.81 3.07325 
12.82 3.07621 
12.83 3.07917 
12.84 3.08214 
12.85 3.08511 
12.86 3.08808 
12.87 3.09105 
12.88 3.09403 
12.89 3.097 
12.9 3.09998 
12.91 3.10296 
12.92 3.10594 
12.93 3.10893 
12.94 3.11191 
12.95 3.1149 
12.96 3.11789 
12.97 3.12088 
12.98 3.12388 
12.99 3.12687 
13 3.12987 
13.01 3.13287 
13.02 3.13587 
13.03 3.13888 
13.04 3.14188 
13.05 3.14489 
13.06 3.1479 
13.07 3.15091 
13.08 3.15393 
13.09 3.15694 
13.1 3.15996 
13.11 3.16298 
13.12 3.166 
13.13 3.16903 
13.14 3.17205 
13.15 3.17508 
13.16 3.17811 
13.17 3.18114 
13.18 3.18418 
13.19 3.18721 
13.2 3.19025 
13.21 3.19329 
13.22 3.19633 
13.23 3.19938 
13.24 3.20242 
13.25 3.20547 
13.26 3.20852 
13.27 3.21157 
13.28 3.21463 
13.29 3.21768 
13.3 3.22074 
13.31 3.2238 
13.32 3.22687 
13.33 3.22993 
13.34 3.233 
13.35 3.23607 
13.36 3.23914 
13.37 3.24221 
13.38 3.24528 
13.39 3.24836 
13.4 3.25144 
13.41 3.25452 
13.42 3.2576 
13.43 3.26069 
13.44 3.26377 
13.45 3.26686 
13.46 3.26995 
13.47 3.27305 
13.48 3.27614 
13.49 3.27924 
13.5 3.28234 
13.51 3.28544 
13.52 3.28854 
13.53 3.29165 
13.54 3.29475 
13.55 3.29786 
13.56 3.30097 
13.57 3.30409 
13.58 3.3072 
13.59 3.31032 
13.6 3.31344 
13.61 3.31656 
13.62 3.31969 
13.63 3.32281 
13.64 3.32594 
13.65 3.32907 
13.66 3.3322 
13.67 3.33534 
13.68 3.33847 
13.69 3.34161 
13.7 3.34475 
13.71 3.34789 
13.72 3.35104 
13.73 3.35419 
13.74 3.35733 
13.75 3.36049 
13.76 3.36364 
13.77 3.36679 
13.78 3.36995 
13.79 3.37311 
13.8 3.37627 
13.81 3.37944 
13.82 3.3826 
13.83 3.38577 
13.84 3.38894 
13.85 3.39211 
13.86 3.39528 
13.87 3.39846 
13.88 3.40164 
13.89 3.40482 
13.9 3.408 
13.91 3.41119 
13.92 3.41437 
13.93 3.41756 
13.94 3.42075 
13.95 3.42394 
13.96 3.42714 
13.97 3.43034 
13.98 3.43354 
13.99 3.43674 
14 3.43994 
14.01 3.44315 
14.02 3.44635 
14.03 3.44956 
14.04 3.45278 
14.05 3.45599 
14.06 3.45921 
14.07 3.46243 
14.08 3.46565 
14.09 3.46887 
14.1 3.47209 
14.11 3.47532 
14.12 3.47855 
14.13 3.48178 
14.14 3.48501 
14.15 3.48825 
14.16 3.49149 
14.17 3.49473 
14.18 3.49797 
14.19 3.50121 
14.2 3.50446 
14.21 3.50771 
14.22 3.51096 
14.23 3.51421 
14.24 3.51747 
14.25 3.52072 
14.26 3.52398 
14.27 3.52725 
14.28 3.53051 
14.29 3.53377 
14.3 3.53704 
14.31 3.54031 
14.32 3.54359 
14.33 3.54686 
14.34 3.55014 
14.35 3.55341 
14.36 3.5567 
14.37 3.55998 
14.38 3.56326 
14.39 3.56655 
14.4 3.56984 
14.41 3.57313 
14.42 3.57643 
14.43 3.57972 
14.44 3.58302 
14.45 3.58632 
14.46 3.58963 
14.47 3.59293 
14.48 3.59624 
14.49 3.59955 
14.5 3.60286 
14.51 3.60617 
14.52 3.60949 
14.53 3.61281 
14.54 3.61613 
14.55 3.61945 
14.56 3.62277 
14.57 3.6261 
14.58 3.62943 
14.59 3.63276 
14.6 3.6361 
14.61 3.63943 
14.62 3.64277 
14.63 3.64611 
14.64 3.64945 
14.65 3.6528 
14.66 3.65614 
14.67 3.65949 
14.68 3.66284 
14.69 3.6662 
14.7 3.66955 
14.71 3.67291 
14.72 3.67627 
14.73 3.67963 
14.74 3.683 
14.75 3.68637 
14.76 3.68973 
14.77 3.69311 
14.78 3.69648 
14.79 3.69986 
14.8 3.70323 
14.81 3.70661 
14.82 3.71 
14.83 3.71338 
14.84 3.71677 
14.85 3.72016 
14.86 3.72355 
14.87 3.72694 
14.88 3.73034 
14.89 3.73374 
14.9 3.73714 
14.91 3.74054 
14.92 3.74395 
14.93 3.74735 
14.94 3.75076 
14.95 3.75417 
14.96 3.75759 
14.97 3.761 
14.98 3.76442 
14.99 3.76784 
15 3.77127 
15.01 3.77469 
15.02 3.77812 
15.03 3.78155 
15.04 3.78498 
15.05 3.78842 
15.06 3.79185 
15.07 3.79529 
15.08 3.79873 
15.09 3.80218 
15.1 3.80562 
15.11 3.80907 
15.12 3.81252 
15.13 3.81598 
15.14 3.81943 
15.15 3.82289 
15.16 3.82635 
15.17 3.82981 
15.18 3.83327 
15.19 3.83674 
15.2 3.84021 
15.21 3.84368 
15.22 3.84715 
15.23 3.85063 
15.24 3.85411 
15.25 3.85759 
15.26 3.86107 
15.27 3.86456 
15.28 3.86804 
15.29 3.87153 
15.3 3.87503 
15.31 3.87852 
15.32 3.88202 
15.33 3.88552 
15.34 3.88902 
15.35 3.89252 
15.36 3.89603 
15.37 3.89953 
15.38 3.90305 
15.39 3.90656 
15.4 3.91007 
15.41 3.91359 
15.42 3.91711 
15.43 3.92063 
15.44 3.92416 
15.45 3.92768 
15.46 3.93121 
15.47 3.93475 
15.48 3.93828 
15.49 3.94182 
15.5 3.94535 
15.51 3.94889 
15.52 3.95244 
15.53 3.95598 
15.54 3.95953 
15.55 3.96308 
15.56 3.96663 
15.57 3.97019 
15.58 3.97375 
15.59 3.97731 
15.6 3.98087 
15.61 3.98443 
15.62 3.988 
15.63 3.99157 
15.64 3.99514 
15.65 3.99872 
15.66 4.00229 
15.67 4.00587 
15.68 4.00945 
15.69 4.01303 
15.7 4.01662 
15.71 4.02021 
15.72 4.0238 
15.73 4.02739 
15.74 4.03099 
15.75 4.03459 
15.76 4.03819 
15.77 4.04179 
15.78 4.04539 
15.79 4.049 
15.8 4.05261 
15.81 4.05622 
15.82 4.05984 
15.83 4.06345 
15.84 4.06707 
15.85 4.07069 
15.86 4.07432 
15.87 4.07794 
15.88 4.08157 
15.89 4.08521 
15.9 4.08884 
15.91 4.09247 
15.92 4.09611 
15.93 4.09975 
15.94 4.1034 
15.95 4.10704 
15.96 4.11069 
15.97 4.11434 
15.98 4.118 
15.99 4.12165 
16 4.12531 
16.01 4.12897 
16.02 4.13263 
16.03 4.1363 
16.04 4.13996 
16.05 4.14363 
16.06 4.14731 
16.07 4.15098 
16.08 4.15466 
16.09 4.15834 
16.1 4.16202 
16.11 4.16571 
16.12 4.16939 
16.13 4.17308 
16.14 4.17677 
16.15 4.18047 
16.16 4.18417 
16.17 4.18787 
16.18 4.19157 
16.19 4.19527 
16.2 4.19898 
16.21 4.20269 
16.22 4.2064 
16.23 4.21011 
16.24 4.21383 
16.25 4.21755 
16.26 4.22127 
16.27 4.22499 
16.28 4.22872 
16.29 4.23245 
16.3 4.23618 
16.31 4.23991 
16.32 4.24365 
16.33 4.24739 
16.34 4.25113 
16.35 4.25487 
16.36 4.25862 
16.37 4.26237 
16.38 4.26612 
16.39 4.26987 
16.4 4.27363 
16.41 4.27739 
16.42 4.28115 
16.43 4.28491 
16.44 4.28868 
16.45 4.29245 
16.46 4.29622 
16.47 4.29999 
16.48 4.30377 
16.49 4.30755 
16.5 4.31133 
16.51 4.31511 
16.52 4.3189 
16.53 4.32269 
16.54 4.32648 
16.55 4.33027 
16.56 4.33407 
16.57 4.33787 
16.58 4.34167 
16.59 4.34547 
16.6 4.34928 
16.61 4.35309 
16.62 4.3569 
16.63 4.36071 
16.64 4.36453 
16.65 4.36835 
16.66 4.37217 
16.67 4.376 
16.68 4.37982 
16.69 4.38365 
16.7 4.38748 
16.71 4.39132 
16.72 4.39515 
16.73 4.39899 
16.74 4.40283 
16.75 4.40668 
16.76 4.41053 
16.77 4.41438 
16.78 4.41823 
16.79 4.42208 
16.8 4.42594 
16.81 4.4298 
16.82 4.43366 
16.83 4.43753 
16.84 4.44139 
16.85 4.44526 
16.86 4.44914 
16.87 4.45301 
16.88 4.45689 
16.89 4.46077 
16.9 4.46465 
16.91 4.46854 
16.92 4.47243 
16.93 4.47632 
16.94 4.48021 
16.95 4.4841 
16.96 4.488 
16.97 4.4919 
16.98 4.49581 
16.99 4.49971 
17 4.50362 
17.01 4.50753 
17.02 4.51145 
17.03 4.51536 
17.04 4.51928 
17.05 4.5232 
17.06 4.52713 
17.07 4.53106 
17.08 4.53499 
17.09 4.53892 
17.1 4.54285 
17.11 4.54679 
17.12 4.55073 
17.13 4.55467 
17.14 4.55862 
17.15 4.56256 
17.16 4.56651 
17.17 4.57047 
17.18 4.57442 
17.19 4.57838 
17.2 4.58234 
17.21 4.58631 
17.22 4.59027 
17.23 4.59424 
17.24 4.59821 
17.25 4.60219 
17.26 4.60616 
17.27 4.61014 
17.28 4.61412 
17.29 4.61811 
17.3 4.6221 
17.31 4.62609 
17.32 4.63008 
17.33 4.63407 
17.34 4.63807 
17.35 4.64207 
17.36 4.64607 
17.37 4.65008 
17.38 4.65409 
17.39 4.6581 
17.4 4.66211 
17.41 4.66613 
17.42 4.67015 
17.43 4.67417 
17.44 4.67819 
17.45 4.68222 
17.46 4.68625 
17.47 4.69028 
17.48 4.69432 
17.49 4.69836 
17.5 4.7024 
17.51 4.70644 
17.52 4.71049 
17.53 4.71453 
17.54 4.71859 
17.55 4.72264 
17.56 4.7267 
17.57 4.73075 
17.58 4.73482 
17.59 4.73888 
17.6 4.74295 
17.61 4.74702 
17.62 4.75109 
17.63 4.75517 
17.64 4.75924 
17.65 4.76333 
17.66 4.76741 
17.67 4.7715 
17.68 4.77558 
17.69 4.77968 
17.7 4.78377 
17.71 4.78787 
17.72 4.79197 
17.73 4.79607 
17.74 4.80018 
17.75 4.80428 
17.76 4.80839 
17.77 4.81251 
17.78 4.81662 
17.79 4.82074 
17.8 4.82486 
17.81 4.82899 
17.82 4.83312 
17.83 4.83724 
17.84 4.84138 
17.85 4.84551 
17.86 4.84965 
17.87 4.85379 
17.88 4.85794 
17.89 4.86208 
17.9 4.86623 
17.91 4.87038 
17.92 4.87454 
17.93 4.87869 
17.94 4.88285 
17.95 4.88702 
17.96 4.89118 
17.97 4.89535 
17.98 4.89952 
17.99 4.9037 
18 4.90787 
18.01 4.91205 
18.02 4.91623 
18.03 4.92042 
18.04 4.92461 
18.05 4.9288 
18.06 4.93299 
18.07 4.93719 
18.08 4.94139 
18.09 4.94559 
18.1 4.94979 
18.11 4.954 
18.12 4.95821 
18.13 4.96242 
18.14 4.96664 
18.15 4.97086 
18.16 4.97508 
18.17 4.9793 
18.18 4.98353 
18.19 4.98776 
18.2 4.99199 
18.21 4.99622 
18.22 5.00046 
18.23 5.0047 
18.24 5.00895 
18.25 5.01319 
18.26 5.01744 
18.27 5.0217 
18.28 5.02595 
18.29 5.03021 
18.3 5.03447 
18.31 5.03873 
18.32 5.043 
18.33 5.04727 
18.34 5.05154 
18.35 5.05581 
18.36 5.06009 
18.37 5.06437 
18.38 5.06865 
18.39 5.07294 
18.4 5.07723 
18.41 5.08152 
18.42 5.08582 
18.43 5.09011 
18.44 5.09441 
18.45 5.09872 
18.46 5.10302 
18.47 5.10733 
18.48 5.11164 
18.49 5.11596 
18.5 5.12028 
18.51 5.1246 
18.52 5.12892 
18.53 5.13324 
18.54 5.13757 
18.55 5.14191 
18.56 5.14624 
18.57 5.15058 
18.58 5.15492 
18.59 5.15926 
18.6 5.16361 
18.61 5.16796 
18.62 5.17231 
18.63 5.17666 
18.64 5.18102 
18.65 5.18538 
18.66 5.18974 
18.67 5.19411 
18.68 5.19848 
18.69 5.20285 
18.7 5.20723 
18.71 5.21161 
18.72 5.21599 
18.73 5.22037 
18.74 5.22476 
18.75 5.22915 
18.76 5.23354 
18.77 5.23793 
18.78 5.24233 
18.79 5.24673 
18.8 5.25114 
18.81 5.25555 
18.82 5.25996 
18.83 5.26437 
18.84 5.26878 
18.85 5.2732 
18.86 5.27763 
18.87 5.28205 
18.88 5.28648 
18.89 5.29091 
18.9 5.29534 
18.91 5.29978 
18.92 5.30422 
18.93 5.30866 
18.94 5.3131 
18.95 5.31755 
18.96 5.322 
18.97 5.32646 
18.98 5.33091 
18.99 5.33538 
19 5.33984 
19.01 5.3443 
19.02 5.34877 
19.03 5.35324 
19.04 5.35772 
19.05 5.3622 
19.06 5.36668 
19.07 5.37116 
19.08 5.37565 
19.09 5.38014 
19.1 5.38463 
19.11 5.38913 
19.12 5.39363 
19.13 5.39813 
19.14 5.40263 
19.15 5.40714 
19.16 5.41165 
19.17 5.41616 
19.18 5.42068 
19.19 5.4252 
19.2 5.42972 
19.21 5.43425 
19.22 5.43878 
19.23 5.44331 
19.24 5.44784 
19.25 5.45238 
19.26 5.45692 
19.27 5.46146 
19.28 5.46601 
19.29 5.47056 
19.3 5.47511 
19.31 5.47967 
19.32 5.48423 
19.33 5.48879 
19.34 5.49335 
19.35 5.49792 
19.36 5.50249 
19.37 5.50707 
19.38 5.51164 
19.39 5.51622 
19.4 5.52081 
19.41 5.52539 
19.42 5.52998 
19.43 5.53457 
19.44 5.53917 
19.45 5.54377 
19.46 5.54837 
19.47 5.55297 
19.48 5.55758 
19.49 5.56219 
19.5 5.5668 
19.51 5.57142 
19.52 5.57604 
19.53 5.58066 
19.54 5.58529 
19.55 5.58992 
19.56 5.59455 
19.57 5.59918 
19.58 5.60382 
19.59 5.60846 
19.6 5.61311 
19.61 5.61775 
19.62 5.6224 
19.63 5.62706 
19.64 5.63171 
19.65 5.63637 
19.66 5.64104 
19.67 5.6457 
19.68 5.65037 
19.69 5.65504 
19.7 5.65972 
19.71 5.66439 
19.72 5.66908 
19.73 5.67376 
19.74 5.67845 
19.75 5.68314 
19.76 5.68783 
19.77 5.69253 
19.78 5.69723 
19.79 5.70193 
19.8 5.70664 
19.81 5.71135 
19.82 5.71606 
19.83 5.72078 
19.84 5.72549 
19.85 5.73022 
19.86 5.73494 
19.87 5.73967 
19.88 5.7444 
19.89 5.74913 
19.9 5.75387 
19.91 5.75861 
19.92 5.76336 
19.93 5.7681 
19.94 5.77285 
19.95 5.77761 
19.96 5.78236 
19.97 5.78712 
19.98 5.79188 
19.99 5.79665 
20 5.80142 
20.01 5.80619 
20.02 5.81097 
20.03 5.81574 
20.04 5.82053 
20.05 5.82531 
20.06 5.8301 
20.07 5.83489 
20.08 5.83968 
20.09 5.84448 
20.1 5.84928 
20.11 5.85409 
20.12 5.85889 
20.13 5.8637 
20.14 5.86852 
20.15 5.87333 
20.16 5.87815 
20.17 5.88298 
20.18 5.8878 
20.19 5.89263 
20.2 5.89747 
20.21 5.9023 
20.22 5.90714 
20.23 5.91198 
20.24 5.91683 
20.25 5.92168 
20.26 5.92653 
20.27 5.93138 
20.28 5.93624 
20.29 5.9411 
20.3 5.94597 
20.31 5.95084 
20.32 5.95571 
20.33 5.96058 
20.34 5.96546 
20.35 5.97034 
20.36 5.97522 
20.37 5.98011 
20.38 5.985 
20.39 5.9899 
20.4 5.99479 
20.41 5.99969 
20.42 6.0046 
20.43 6.0095 
20.44 6.01441 
20.45 6.01933 
20.46 6.02424 
20.47 6.02916 
20.48 6.03409 
20.49 6.03901 
20.5 6.04394 
20.51 6.04888 
20.52 6.05381 
20.53 6.05875 
20.54 6.0637 
20.55 6.06864 
20.56 6.07359 
20.57 6.07854 
20.58 6.0835 
20.59 6.08846 
20.6 6.09342 
20.61 6.09839 
20.62 6.10336 
20.63 6.10833 
20.64 6.1133 
20.65 6.11828 
20.66 6.12327 
20.67 6.12825 
20.68 6.13324 
20.69 6.13823 
20.7 6.14323 
20.71 6.14823 
20.72 6.15323 
20.73 6.15823 
20.74 6.16324 
20.75 6.16826 
20.76 6.17327 
20.77 6.17829 
20.78 6.18331 
20.79 6.18834 
20.8 6.19337 
20.81 6.1984 
20.82 6.20343 
20.83 6.20847 
20.84 6.21351 
20.85 6.21856 
20.86 6.22361 
20.87 6.22866 
20.88 6.23372 
20.89 6.23878 
20.9 6.24384 
20.91 6.2489 
20.92 6.25397 
20.93 6.25904 
20.94 6.26412 
20.95 6.2692 
20.96 6.27428 
20.97 6.27937 
20.98 6.28446 
20.99 6.28955 
21 6.29465 
21.01 6.29974 
21.02 6.30485 
21.03 6.30995 
21.04 6.31506 
21.05 6.32018 
21.06 6.32529 
21.07 6.33041 
21.08 6.33553 
21.09 6.34066 
21.1 6.34579 
21.11 6.35092 
21.12 6.35606 
21.13 6.3612 
21.14 6.36634 
21.15 6.37149 
21.16 6.37664 
21.17 6.38179 
21.18 6.38695 
21.19 6.39211 
21.2 6.39728 
21.21 6.40244 
21.22 6.40761 
21.23 6.41279 
21.24 6.41797 
21.25 6.42315 
21.26 6.42833 
21.27 6.43352 
21.28 6.43871 
21.29 6.44391 
21.3 6.4491 
21.31 6.45431 
21.32 6.45951 
21.33 6.46472 
21.34 6.46993 
21.35 6.47515 
21.36 6.48037 
21.37 6.48559 
21.38 6.49082 
21.39 6.49604 
21.4 6.50128 
21.41 6.50651 
21.42 6.51175 
21.43 6.517 
21.44 6.52224 
21.45 6.52749 
21.46 6.53275 
21.47 6.53801 
21.48 6.54327 
21.49 6.54853 
21.5 6.5538 
21.51 6.55907 
21.52 6.56434 
21.53 6.56962 
21.54 6.5749 
21.55 6.58019 
21.56 6.58548 
21.57 6.59077 
21.58 6.59607 
21.59 6.60136 
21.6 6.60667 
21.61 6.61197 
21.62 6.61728 
21.63 6.6226 
21.64 6.62791 
21.65 6.63323 
21.66 6.63856 
21.67 6.64389 
21.68 6.64922 
21.69 6.65455 
21.7 6.65989 
21.71 6.66523 
21.72 6.67058 
21.73 6.67592 
21.74 6.68128 
21.75 6.68663 
21.76 6.69199 
21.77 6.69735 
21.78 6.70272 
21.79 6.70809 
21.8 6.71346 
21.81 6.71884 
21.82 6.72422 
21.83 6.72961 
21.84 6.73499 
21.85 6.74039 
21.86 6.74578 
21.87 6.75118 
21.88 6.75658 
21.89 6.76199 
21.9 6.7674 
21.91 6.77281 
21.92 6.77823 
21.93 6.78365 
21.94 6.78907 
21.95 6.7945 
21.96 6.79993 
21.97 6.80536 
21.98 6.8108 
21.99 6.81624 
22 6.82169 
22.01 6.82714 
22.02 6.83259 
22.03 6.83804 
22.04 6.8435 
22.05 6.84897 
22.06 6.85443 
22.07 6.85991 
22.08 6.86538 
22.09 6.87086 
22.1 6.87634 
22.11 6.88182 
22.12 6.88731 
22.13 6.89281 
22.14 6.8983 
22.15 6.9038 
22.16 6.9093 
22.17 6.91481 
22.18 6.92032 
22.19 6.92584 
22.2 6.93135 
22.21 6.93688 
22.22 6.9424 
22.23 6.94793 
22.24 6.95346 
22.25 6.959 
22.26 6.96454 
22.27 6.97008 
22.28 6.97563 
22.29 6.98118 
22.3 6.98674 
22.31 6.99229 
22.32 6.99786 
22.33 7.00342 
22.34 7.00899 
22.35 7.01456 
22.36 7.02014 
22.37 7.02572 
22.38 7.03131 
22.39 7.03689 
22.4 7.04249 
22.41 7.04808 
22.42 7.05368 
22.43 7.05928 
22.44 7.06489 
22.45 7.0705 
22.46 7.07611 
22.47 7.08173 
22.48 7.08735 
22.49 7.09298 
22.5 7.09861 
22.51 7.10424 
22.52 7.10988 
22.53 7.11552 
22.54 7.12116 
22.55 7.12681 
22.56 7.13246 
22.57 7.13811 
22.58 7.14377 
22.59 7.14944 
22.6 7.1551 
22.61 7.16077 
22.62 7.16645 
22.63 7.17212 
22.64 7.1778 
22.65 7.18349 
22.66 7.18918 
22.67 7.19487 
22.68 7.20057 
22.69 7.20627 
22.7 7.21197 
22.71 7.21768 
22.72 7.22339 
22.73 7.22911 
22.74 7.23483 
22.75 7.24055 
22.76 7.24627 
22.77 7.25201 
22.78 7.25774 
22.79 7.26348 
22.8 7.26922 
22.81 7.27497 
22.82 7.28072 
22.83 7.28647 
22.84 7.29223 
22.85 7.29799 
22.86 7.30375 
22.87 7.30952 
22.88 7.31529 
22.89 7.32107 
22.9 7.32685 
22.91 7.33263 
22.92 7.33842 
22.93 7.34421 
22.94 7.35001 
22.95 7.35581 
22.96 7.36161 
22.97 7.36742 
22.98 7.37323 
22.99 7.37904 
23 7.38486 
23.01 7.39068 
23.02 7.39651 
23.03 7.40234 
23.04 7.40818 
23.05 7.41401 
23.06 7.41986 
23.07 7.4257 
23.08 7.43155 
23.09 7.4374 
23.1 7.44326 
23.11 7.44912 
23.12 7.45499 
23.13 7.46086 
23.14 7.46673 
23.15 7.47261 
23.16 7.47849 
23.17 7.48437 
23.18 7.49026 
23.19 7.49615 
23.2 7.50205 
23.21 7.50795 
23.22 7.51385 
23.23 7.51976 
23.24 7.52567 
23.25 7.53159 
23.26 7.53751 
23.27 7.54343 
23.28 7.54936 
23.29 7.55529 
23.3 7.56123 
23.31 7.56717 
23.32 7.57311 
23.33 7.57906 
23.34 7.58501 
23.35 7.59096 
23.36 7.59692 
23.37 7.60289 
23.38 7.60885 
23.39 7.61482 
23.4 7.6208 
23.41 7.62678 
23.42 7.63276 
23.43 7.63875 
23.44 7.64474 
23.45 7.65073 
23.46 7.65673 
23.47 7.66274 
23.48 7.66874 
23.49 7.67475 
23.5 7.68077 
23.51 7.68679 
23.52 7.69281 
23.53 7.69884 
23.54 7.70487 
23.55 7.7109 
23.56 7.71694 
23.57 7.72298 
23.58 7.72903 
23.59 7.73508 
23.6 7.74114 
23.61 7.74719 
23.62 7.75326 
23.63 7.75932 
23.64 7.76539 
23.65 7.77147 
23.66 7.77755 
23.67 7.78363 
23.68 7.78972 
23.69 7.79581 
23.7 7.8019 
23.71 7.808 
23.72 7.81411 
23.73 7.82021 
23.74 7.82632 
23.75 7.83244 
23.76 7.83856 
23.77 7.84468 
23.78 7.85081 
23.79 7.85694 
23.8 7.86308 
23.81 7.86922 
23.82 7.87536 
23.83 7.88151 
23.84 7.88766 
23.85 7.89382 
23.86 7.89998 
23.87 7.90614 
23.88 7.91231 
23.89 7.91848 
23.9 7.92466 
23.91 7.93084 
23.92 7.93702 
23.93 7.94321 
23.94 7.94941 
23.95 7.9556 
23.96 7.9618 
23.97 7.96801 
23.98 7.97422 
23.99 7.98043 
24 7.98665 
24.01 7.99287 
24.02 7.9991 
24.03 8.00533 
24.04 8.01156 
24.05 8.0178 
24.06 8.02404 
24.07 8.03029 
24.08 8.03654 
24.09 8.04279 
24.1 8.04905 
24.11 8.05531 
24.12 8.06158 
24.13 8.06785 
24.14 8.07413 
24.15 8.08041 
24.16 8.08669 
24.17 8.09298 
24.18 8.09927 
24.19 8.10557 
24.2 8.11187 
24.21 8.11817 
24.22 8.12448 
24.23 8.1308 
24.24 8.13711 
24.25 8.14343 
24.26 8.14976 
24.27 8.15609 
24.28 8.16242 
24.29 8.16876 
24.3 8.1751 
24.31 8.18145 
24.32 8.1878 
24.33 8.19416 
24.34 8.20052 
24.35 8.20688 
24.36 8.21325 
24.37 8.21962 
24.38 8.226 
24.39 8.23238 
24.4 8.23876 
24.41 8.24515 
24.42 8.25154 
24.43 8.25794 
24.44 8.26434 
24.45 8.27075 
24.46 8.27716 
24.47 8.28357 
24.48 8.28999 
24.49 8.29641 
24.5 8.30284 
24.51 8.30927 
24.52 8.31571 
24.53 8.32215 
24.54 8.32859 
24.55 8.33504 
24.56 8.34149 
24.57 8.34795 
24.58 8.35441 
24.59 8.36088 
24.6 8.36735 
24.61 8.37382 
24.62 8.3803 
24.63 8.38678 
24.64 8.39327 
24.65 8.39976 
24.66 8.40626 
24.67 8.41276 
24.68 8.41926 
24.69 8.42577 
24.7 8.43228 
24.71 8.4388 
24.72 8.44532 
24.73 8.45185 
24.74 8.45838 
24.75 8.46491 
24.76 8.47145 
24.77 8.47799 
24.78 8.48454 
24.79 8.49109 
24.8 8.49765 
24.81 8.50421 
24.82 8.51078 
24.83 8.51735 
24.84 8.52392 
24.85 8.5305 
24.86 8.53708 
24.87 8.54367 
24.88 8.55026 
24.89 8.55685 
24.9 8.56345 
24.91 8.57006 
24.92 8.57667 
24.93 8.58328 
24.94 8.5899 
24.95 8.59652 
24.96 8.60314 
24.97 8.60977 
24.98 8.61641 
24.99 8.62305 
25 8.62969 
25.01 8.63634 
25.02 8.64299 
25.03 8.64965 
25.04 8.65631 
25.05 8.66298 
25.06 8.66965 
25.07 8.67632 
25.08 8.683 
25.09 8.68969 
25.1 8.69637 
25.11 8.70307 
25.12 8.70976 
25.13 8.71646 
25.14 8.72317 
25.15 8.72988 
25.16 8.7366 
25.17 8.74331 
25.18 8.75004 
25.19 8.75677 
25.2 8.7635 
25.21 8.77024 
25.22 8.77698 
25.23 8.78372 
25.24 8.79047 
25.25 8.79723 
25.26 8.80399 
25.27 8.81075 
25.28 8.81752 
25.29 8.82429 
25.3 8.83107 
25.31 8.83785 
25.32 8.84464 
25.33 8.85143 
25.34 8.85822 
25.35 8.86502 
25.36 8.87183 
25.37 8.87864 
25.38 8.88545 
25.39 8.89227 
25.4 8.89909 
25.41 8.90592 
25.42 8.91275 
25.43 8.91958 
25.44 8.92642 
25.45 8.93327 
25.46 8.94012 
25.47 8.94697 
25.48 8.95383 
25.49 8.9607 
25.5 8.96756 
25.51 8.97444 
25.52 8.98131 
25.53 8.98819 
25.54 8.99508 
25.55 9.00197 
25.56 9.00887 
25.57 9.01577 
25.58 9.02267 
25.59 9.02958 
25.6 9.03649 
25.61 9.04341 
25.62 9.05033 
25.63 9.05726 
25.64 9.06419 
25.65 9.07113 
25.66 9.07807 
25.67 9.08502 
25.68 9.09196 
25.69 9.09892 
25.7 9.10588 
25.71 9.11284 
25.72 9.11981 
25.73 9.12679 
25.74 9.13376 
25.75 9.14075 
25.76 9.14773 
25.77 9.15473 
25.78 9.16172 
25.79 9.16872 
25.8 9.17573 
25.81 9.18274 
25.82 9.18975 
25.83 9.19677 
25.84 9.2038 
25.85 9.21083 
25.86 9.21786 
25.87 9.2249 
25.88 9.23194 
25.89 9.23899 
25.9 9.24604 
25.91 9.2531 
25.92 9.26016 
25.93 9.26723 
25.94 9.2743 
25.95 9.28137 
25.96 9.28846 
25.97 9.29554 
25.98 9.30263 
25.99 9.30972 
26 9.31682 
26.01 9.32393 
26.02 9.33104 
26.03 9.33815 
26.04 9.34527 
26.05 9.35239 
26.06 9.35952 
26.07 9.36665 
26.08 9.37379 
26.09 9.38093 
26.1 9.38808 
26.11 9.39523 
26.12 9.40238 
26.13 9.40954 
26.14 9.41671 
26.15 9.42388 
26.16 9.43106 
26.17 9.43824 
26.18 9.44542 
26.19 9.45261 
26.2 9.4598 
26.21 9.467 
26.22 9.47421 
26.23 9.48141 
26.24 9.48863 
26.25 9.49584 
26.26 9.50307 
26.27 9.51029 
26.28 9.51753 
26.29 9.52477 
26.3 9.53201 
26.31 9.53925 
26.32 9.5465 
26.33 9.55376 
26.34 9.56102 
26.35 9.56829 
26.36 9.57556 
26.37 9.58284 
26.38 9.59012 
26.39 9.5974 
26.4 9.60469 
26.41 9.61199 
26.42 9.61929 
26.43 9.62659 
26.44 9.6339 
26.45 9.64121 
26.46 9.64853 
26.47 9.65586 
26.48 9.66319 
26.49 9.67052 
26.5 9.67786 
26.51 9.6852 
26.52 9.69255 
26.53 9.6999 
26.54 9.70726 
26.55 9.71462 
26.56 9.72199 
26.57 9.72937 
26.58 9.73674 
26.59 9.74413 
26.6 9.75151 
26.61 9.75891 
26.62 9.7663 
26.63 9.7737 
26.64 9.78111 
26.65 9.78852 
26.66 9.79594 
26.67 9.80336 
26.68 9.81079 
26.69 9.81822 
26.7 9.82566 
26.71 9.8331 
26.72 9.84055 
26.73 9.848 
26.74 9.85545 
26.75 9.86292 
26.76 9.87038 
26.77 9.87785 
26.78 9.88533 
26.79 9.89281 
26.8 9.9003 
26.81 9.90779 
26.82 9.91528 
26.83 9.92278 
26.84 9.93029 
26.85 9.9378 
26.86 9.94532 
26.87 9.95284 
26.88 9.96036 
26.89 9.96789 
26.9 9.97543 
26.91 9.98297 
26.92 9.99052 
26.93 9.99807 
26.94 10.0056 
26.95 10.0132 
26.96 10.0208 
26.97 10.0283 
26.98 10.0359 
26.99 10.0435 
27 10.0511 
27.01 10.0587 
27.02 10.0663 
27.03 10.0739 
27.04 10.0815 
27.05 10.0891 
27.06 10.0967 
27.07 10.1043 
27.08 10.1119 
27.09 10.1196 
27.1 10.1272 
27.11 10.1348 
27.12 10.1425 
27.13 10.1501 
27.14 10.1578 
27.15 10.1655 
27.16 10.1731 
27.17 10.1808 
27.18 10.1885 
27.19 10.1962 
27.2 10.2038 
27.21 10.2115 
27.22 10.2192 
27.23 10.2269 
27.24 10.2346 
27.25 10.2424 
27.26 10.2501 
27.27 10.2578 
27.28 10.2655 
27.29 10.2733 
27.3 10.281 
27.31 10.2887 
27.32 10.2965 
27.33 10.3042 
27.34 10.312 
27.35 10.3198 
27.36 10.3275 
27.37 10.3353 
27.38 10.3431 
27.39 10.3509 
27.4 10.3587 
27.41 10.3665 
27.42 10.3743 
27.43 10.3821 
27.44 10.3899 
27.45 10.3977 
27.46 10.4055 
27.47 10.4133 
27.48 10.4212 
27.49 10.429 
27.5 10.4369 
27.51 10.4447 
27.52 10.4525 
27.53 10.4604 
27.54 10.4683 
27.55 10.4761 
27.56 10.484 
27.57 10.4919 
27.58 10.4998 
27.59 10.5077 
27.6 10.5156 
27.61 10.5235 
27.62 10.5314 
27.63 10.5393 
27.64 10.5472 
27.65 10.5551 
27.66 10.563 
27.67 10.571 
27.68 10.5789 
27.69 10.5868 
27.7 10.5948 
27.71 10.6027 
27.72 10.6107 
27.73 10.6187 
27.74 10.6266 
27.75 10.6346 
27.76 10.6426 
27.77 10.6506 
27.78 10.6585 
27.79 10.6665 
27.8 10.6745 
27.81 10.6825 
27.82 10.6906 
27.83 10.6986 
27.84 10.7066 
27.85 10.7146 
27.86 10.7226 
27.87 10.7307 
27.88 10.7387 
27.89 10.7468 
27.9 10.7548 
27.91 10.7629 
27.92 10.7709 
27.93 10.779 
27.94 10.7871 
27.95 10.7952 
27.96 10.8033 
27.97 10.8113 
27.98 10.8194 
27.99 10.8275 
28 10.8356 
28.01 10.8438 
28.02 10.8519 
28.03 10.86 
28.04 10.8681 
28.05 10.8763 
28.06 10.8844 
28.07 10.8925 
28.08 10.9007 
28.09 10.9088 
28.1 10.917 
28.11 10.9252 
28.12 10.9333 
28.13 10.9415 
28.14 10.9497 
28.15 10.9579 
28.16 10.9661 
28.17 10.9743 
28.18 10.9825 
28.19 10.9907 
28.2 10.9989 
28.21 11.0071 
28.22 11.0153 
28.23 11.0236 
28.24 11.0318 
28.25 11.0401 
28.26 11.0483 
28.27 11.0566 
28.28 11.0648 
28.29 11.0731 
28.3 11.0813 
28.31 11.0896 
28.32 11.0979 
28.33 11.1062 
28.34 11.1145 
28.35 11.1228 
28.36 11.1311 
28.37 11.1394 
28.38 11.1477 
28.39 11.156 
28.4 11.1643 
28.41 11.1727 
28.42 11.181 
28.43 11.1893 
28.44 11.1977 
28.45 11.206 
28.46 11.2144 
28.47 11.2228 
28.48 11.2311 
28.49 11.2395 
28.5 11.2479 
28.51 11.2563 
28.52 11.2647 
28.53 11.2731 
28.54 11.2815 
28.55 11.2899 
28.56 11.2983 
28.57 11.3067 
28.58 11.3151 
28.59 11.3235 
28.6 11.332 
28.61 11.3404 
28.62 11.3489 
28.63 11.3573 
28.64 11.3658 
28.65 11.3742 
28.66 11.3827 
28.67 11.3912 
28.68 11.3997 
28.69 11.4081 
28.7 11.4166 
28.71 11.4251 
28.72 11.4336 
28.73 11.4421 
28.74 11.4507 
28.75 11.4592 
28.76 11.4677 
28.77 11.4762 
28.78 11.4848 
28.79 11.4933 
28.8 11.5019 
28.81 11.5104 
28.82 11.519 
28.83 11.5275 
28.84 11.5361 
28.85 11.5447 
28.86 11.5533 
28.87 11.5619 
28.88 11.5704 
28.89 11.579 
28.9 11.5877 
28.91 11.5963 
28.92 11.6049 
28.93 11.6135 
28.94 11.6221 
28.95 11.6308 
28.96 11.6394 
28.97 11.648 
28.98 11.6567 
28.99 11.6654 
29 11.674 
29.01 11.6827 
29.02 11.6914 
29.03 11.7 
29.04 11.7087 
29.05 11.7174 
29.06 11.7261 
29.07 11.7348 
29.08 11.7435 
29.09 11.7522 
29.1 11.7609 
29.11 11.7697 
29.12 11.7784 
29.13 11.7871 
29.14 11.7959 
29.15 11.8046 
29.16 11.8134 
29.17 11.8221 
29.18 11.8309 
29.19 11.8397 
29.2 11.8485 
29.21 11.8572 
29.22 11.866 
29.23 11.8748 
29.24 11.8836 
29.25 11.8924 
29.26 11.9012 
29.27 11.9101 
29.28 11.9189 
29.29 11.9277 
29.3 11.9366 
29.31 11.9454 
29.32 11.9542 
29.33 11.9631 
29.34 11.972 
29.35 11.9808 
29.36 11.9897 
29.37 11.9986 
29.38 12.0075 
29.39 12.0163 
29.4 12.0252 
29.41 12.0341 
29.42 12.043 
29.43 12.052 
29.44 12.0609 
29.45 12.0698 
29.46 12.0787 
29.47 12.0877 
29.48 12.0966 
29.49 12.1056 
29.5 12.1145 
29.51 12.1235 
29.52 12.1324 
29.53 12.1414 
29.54 12.1504 
29.55 12.1594 
29.56 12.1684 
29.57 12.1774 
29.58 12.1864 
29.59 12.1954 
29.6 12.2044 
29.61 12.2134 
29.62 12.2224 
29.63 12.2315 
29.64 12.2405 
29.65 12.2495 
29.66 12.2586 
29.67 12.2676 
29.68 12.2767 
29.69 12.2858 
29.7 12.2948 
29.71 12.3039 
29.72 12.313 
29.73 12.3221 
29.74 12.3312 
29.75 12.3403 
29.76 12.3494 
29.77 12.3585 
29.78 12.3676 
29.79 12.3768 
29.8 12.3859 
29.81 12.395 
29.82 12.4042 
29.83 12.4133 
29.84 12.4225 
29.85 12.4317 
29.86 12.4408 
29.87 12.45 
29.88 12.4592 
29.89 12.4684 
29.9 12.4776 
29.91 12.4868 
29.92 12.496 
29.93 12.5052 
29.94 12.5144 
29.95 12.5236 
29.96 12.5329 
29.97 12.5421 
29.98 12.5514 
29.99 12.5606 
30 12.5699 
30.01 12.5791 
30.02 12.5884 
30.03 12.5977 
30.04 12.6069 
30.05 12.6162 
30.06 12.6255 
30.07 12.6348 
30.08 12.6441 
30.09 12.6534 
30.1 12.6628 
30.11 12.6721 
30.12 12.6814 
30.13 12.6907 
30.14 12.7001 
30.15 12.7094 
30.16 12.7188 
30.17 12.7282 
30.18 12.7375 
30.19 12.7469 
30.2 12.7563 
30.21 12.7657 
30.22 12.775 
30.23 12.7844 
30.24 12.7938 
30.25 12.8033 
30.26 12.8127 
30.27 12.8221 
30.28 12.8315 
30.29 12.841 
30.3 12.8504 
30.31 12.8599 
30.32 12.8693 
30.33 12.8788 
30.34 12.8882 
30.35 12.8977 
30.36 12.9072 
30.37 12.9167 
30.38 12.9262 
30.39 12.9357 
30.4 12.9452 
30.41 12.9547 
30.42 12.9642 
30.43 12.9737 
30.44 12.9832 
30.45 12.9928 
30.46 13.0023 
30.47 13.0119 
30.48 13.0214 
30.49 13.031 
30.5 13.0406 
30.51 13.0501 
30.52 13.0597 
30.53 13.0693 
30.54 13.0789 
30.55 13.0885 
30.56 13.0981 
30.57 13.1077 
30.58 13.1173 
30.59 13.127 
30.6 13.1366 
30.61 13.1462 
30.62 13.1559 
30.63 13.1655 
30.64 13.1752 
30.65 13.1848 
30.66 13.1945 
30.67 13.2042 
30.68 13.2139 
30.69 13.2236 
30.7 13.2333 
30.71 13.243 
30.72 13.2527 
30.73 13.2624 
30.74 13.2721 
30.75 13.2818 
30.76 13.2916 
30.77 13.3013 
30.78 13.311 
30.79 13.3208 
30.8 13.3306 
30.81 13.3403 
30.82 13.3501 
30.83 13.3599 
30.84 13.3697 
30.85 13.3795 
30.86 13.3893 
30.87 13.3991 
30.88 13.4089 
30.89 13.4187 
30.9 13.4285 
30.91 13.4384 
30.92 13.4482 
30.93 13.458 
30.94 13.4679 
30.95 13.4777 
30.96 13.4876 
30.97 13.4975 
30.98 13.5074 
30.99 13.5172 
31 13.5271 
31.01 13.537 
31.02 13.5469 
31.03 13.5568 
31.04 13.5668 
31.05 13.5767 
31.06 13.5866 
31.07 13.5965 
31.08 13.6065 
31.09 13.6164 
31.1 13.6264 
31.11 13.6364 
31.12 13.6463 
31.13 13.6563 
31.14 13.6663 
31.15 13.6763 
31.16 13.6863 
31.17 13.6963 
31.18 13.7063 
31.19 13.7163 
31.2 13.7263 
31.21 13.7363 
31.22 13.7464 
31.23 13.7564 
31.24 13.7665 
31.25 13.7765 
31.26 13.7866 
31.27 13.7967 
31.28 13.8067 
31.29 13.8168 
31.3 13.8269 
31.31 13.837 
31.32 13.8471 
31.33 13.8572 
31.34 13.8673 
31.35 13.8775 
31.36 13.8876 
31.37 13.8977 
31.38 13.9079 
31.39 13.918 
31.4 13.9282 
31.41 13.9383 
31.42 13.9485 
31.43 13.9587 
31.44 13.9689 
31.45 13.979 
31.46 13.9892 
31.47 13.9994 
31.48 14.0097 
31.49 14.0199 
31.5 14.0301 
31.51 14.0403 
31.52 14.0506 
31.53 14.0608 
31.54 14.0711 
31.55 14.0813 
31.56 14.0916 
31.57 14.1019 
31.58 14.1121 
31.59 14.1224 
31.6 14.1327 
31.61 14.143 
31.62 14.1533 
31.63 14.1636 
31.64 14.1739 
31.65 14.1843 
31.66 14.1946 
31.67 14.2049 
31.68 14.2153 
31.69 14.2256 
31.7 14.236 
31.71 14.2464 
31.72 14.2567 
31.73 14.2671 
31.74 14.2775 
31.75 14.2879 
31.76 14.2983 
31.77 14.3087 
31.78 14.3191 
31.79 14.3296 
31.8 14.34 
31.81 14.3504 
31.82 14.3609 
31.83 14.3713 
31.84 14.3818 
31.85 14.3922 
31.86 14.4027 
31.87 14.4132 
31.88 14.4237 
31.89 14.4342 
31.9 14.4447 
31.91 14.4552 
31.92 14.4657 
31.93 14.4762 
31.94 14.4867 
31.95 14.4973 
31.96 14.5078 
31.97 14.5183 
31.98 14.5289 
31.99 14.5395 
32 14.55 
32.01 14.5606 
32.02 14.5712 
32.03 14.5818 
32.04 14.5924 
32.05 14.603 
32.06 14.6136 
32.07 14.6242 
32.08 14.6348 
32.09 14.6455 
32.1 14.6561 
32.11 14.6667 
32.12 14.6774 
32.13 14.6881 
32.14 14.6987 
32.15 14.7094 
32.16 14.7201 
32.17 14.7308 
32.18 14.7415 
32.19 14.7522 
32.2 14.7629 
32.21 14.7736 
32.22 14.7843 
32.23 14.795 
32.24 14.8058 
32.25 14.8165 
32.26 14.8273 
32.27 14.838 
32.28 14.8488 
32.29 14.8596 
32.3 14.8704 
32.31 14.8811 
32.32 14.8919 
32.33 14.9027 
32.34 14.9135 
32.35 14.9244 
32.36 14.9352 
32.37 14.946 
32.38 14.9569 
32.39 14.9677 
32.4 14.9786 
32.41 14.9894 
32.42 15.0003 
32.43 15.0112 
32.44 15.022 
32.45 15.0329 
32.46 15.0438 
32.47 15.0547 
32.48 15.0656 
32.49 15.0766 
32.5 15.0875 
32.51 15.0984 
32.52 15.1093 
32.53 15.1203 
32.54 15.1312 
32.55 15.1422 
32.56 15.1532 
32.57 15.1642 
32.58 15.1751 
32.59 15.1861 
32.6 15.1971 
32.61 15.2081 
32.62 15.2191 
32.63 15.2302 
32.64 15.2412 
32.65 15.2522 
32.66 15.2633 
32.67 15.2743 
32.68 15.2854 
32.69 15.2964 
32.7 15.3075 
32.71 15.3186 
32.72 15.3297 
32.73 15.3408 
32.74 15.3519 
32.75 15.363 
32.76 15.3741 
32.77 15.3852 
32.78 15.3963 
32.79 15.4075 
32.8 15.4186 
32.81 15.4298 
32.82 15.4409 
32.83 15.4521 
32.84 15.4633 
32.85 15.4744 
32.86 15.4856 
32.87 15.4968 
32.88 15.508 
32.89 15.5192 
32.9 15.5305 
32.91 15.5417 
32.92 15.5529 
32.93 15.5642 
32.94 15.5754 
32.95 15.5867 
32.96 15.5979 
32.97 15.6092 
32.98 15.6205 
32.99 15.6318 
33 15.643 
33.01 15.6543 
33.02 15.6657 
33.03 15.677 
33.04 15.6883 
33.05 15.6996 
33.06 15.711 
33.07 15.7223 
33.08 15.7337 
33.09 15.745 
33.1 15.7564 
33.11 15.7678 
33.12 15.7791 
33.13 15.7905 
33.14 15.8019 
33.15 15.8133 
33.16 15.8248 
33.17 15.8362 
33.18 15.8476 
33.19 15.859 
33.2 15.8705 
33.21 15.8819 
33.22 15.8934 
33.23 15.9049 
33.24 15.9163 
33.25 15.9278 
33.26 15.9393 
33.27 15.9508 
33.28 15.9623 
33.29 15.9738 
33.3 15.9853 
33.31 15.9969 
33.32 16.0084 
33.33 16.0199 
33.34 16.0315 
33.35 16.0431 
33.36 16.0546 
33.37 16.0662 
33.38 16.0778 
33.39 16.0894 
33.4 16.101 
33.41 16.1126 
33.42 16.1242 
33.43 16.1358 
33.44 16.1474 
33.45 16.1591 
33.46 16.1707 
33.47 16.1824 
33.48 16.194 
33.49 16.2057 
33.5 16.2174 
33.51 16.229 
33.52 16.2407 
33.53 16.2524 
33.54 16.2641 
33.55 16.2758 
33.56 16.2876 
33.57 16.2993 
33.58 16.311 
33.59 16.3228 
33.6 16.3345 
33.61 16.3463 
33.62 16.358 
33.63 16.3698 
33.64 16.3816 
33.65 16.3934 
33.66 16.4052 
33.67 16.417 
33.68 16.4288 
33.69 16.4406 
33.7 16.4525 
33.71 16.4643 
33.72 16.4761 
33.73 16.488 
33.74 16.4999 
33.75 16.5117 
33.76 16.5236 
33.77 16.5355 
33.78 16.5474 
33.79 16.5593 
33.8 16.5712 
33.81 16.5831 
33.82 16.595 
33.83 16.607 
33.84 16.6189 
33.85 16.6308 
33.86 16.6428 
33.87 16.6548 
33.88 16.6667 
33.89 16.6787 
33.9 16.6907 
33.91 16.7027 
33.92 16.7147 
33.93 16.7267 
33.94 16.7387 
33.95 16.7508 
33.96 16.7628 
33.97 16.7748 
33.98 16.7869 
33.99 16.7989 
34 16.811 
34.01 16.8231 
34.02 16.8352 
34.03 16.8473 
34.04 16.8594 
34.05 16.8715 
34.06 16.8836 
34.07 16.8957 
34.08 16.9078 
34.09 16.92 
34.1 16.9321 
34.11 16.9443 
34.12 16.9564 
34.13 16.9686 
34.14 16.9808 
34.15 16.993 
34.16 17.0052 
34.17 17.0174 
34.18 17.0296 
34.19 17.0418 
34.2 17.054 
34.21 17.0663 
34.22 17.0785 
34.23 17.0908 
34.24 17.103 
34.25 17.1153 
34.26 17.1276 
34.27 17.1399 
34.28 17.1522 
34.29 17.1645 
34.3 17.1768 
34.31 17.1891 
34.32 17.2014 
34.33 17.2137 
34.34 17.2261 
34.35 17.2384 
34.36 17.2508 
34.37 17.2632 
34.38 17.2755 
34.39 17.2879 
34.4 17.3003 
34.41 17.3127 
34.42 17.3251 
34.43 17.3375 
34.44 17.35 
34.45 17.3624 
34.46 17.3748 
34.47 17.3873 
34.48 17.3997 
34.49 17.4122 
34.5 17.4247 
34.51 17.4372 
34.52 17.4497 
34.53 17.4622 
34.54 17.4747 
34.55 17.4872 
34.56 17.4997 
34.57 17.5122 
34.58 17.5248 
34.59 17.5373 
34.6 17.5499 
34.61 17.5624 
34.62 17.575 
34.63 17.5876 
34.64 17.6002 
34.65 17.6128 
34.66 17.6254 
34.67 17.638 
34.68 17.6506 
34.69 17.6633 
34.7 17.6759 
34.71 17.6886 
34.72 17.7012 
34.73 17.7139 
34.74 17.7266 
34.75 17.7392 
34.76 17.7519 
34.77 17.7646 
34.78 17.7773 
34.79 17.7901 
34.8 17.8028 
34.81 17.8155 
34.82 17.8283 
34.83 17.841 
34.84 17.8538 
34.85 17.8665 
34.86 17.8793 
34.87 17.8921 
34.88 17.9049 
34.89 17.9177 
34.9 17.9305 
34.91 17.9433 
34.92 17.9561 
34.93 17.969 
34.94 17.9818 
34.95 17.9947 
34.96 18.0075 
34.97 18.0204 
34.98 18.0333 
34.99 18.0462 
35 18.059 
35.01 18.072 
35.02 18.0849 
35.03 18.0978 
35.04 18.1107 
35.05 18.1236 
35.06 18.1366 
35.07 18.1495 
35.08 18.1625 
35.09 18.1755 
35.1 18.1885 
35.11 18.2015 
35.12 18.2145 
35.13 18.2275 
35.14 18.2405 
35.15 18.2535 
35.16 18.2665 
35.17 18.2796 
35.18 18.2926 
35.19 18.3057 
35.2 18.3187 
35.21 18.3318 
35.22 18.3449 
35.23 18.358 
35.24 18.3711 
35.25 18.3842 
35.26 18.3973 
35.27 18.4104 
35.28 18.4236 
35.29 18.4367 
35.3 18.4499 
35.31 18.463 
35.32 18.4762 
35.33 18.4894 
35.34 18.5026 
35.35 18.5158 
35.36 18.529 
35.37 18.5422 
35.38 18.5554 
35.39 18.5687 
35.4 18.5819 
35.41 18.5952 
35.42 18.6084 
35.43 18.6217 
35.44 18.635 
35.45 18.6482 
35.46 18.6615 
35.47 18.6748 
35.48 18.6881 
35.49 18.7015 
35.5 18.7148 
35.51 18.7281 
35.52 18.7415 
35.53 18.7548 
35.54 18.7682 
35.55 18.7816 
35.56 18.795 
35.57 18.8083 
35.58 18.8217 
35.59 18.8352 
35.6 18.8486 
35.61 18.862 
35.62 18.8754 
35.63 18.8889 
35.64 18.9023 
35.65 18.9158 
35.66 18.9293 
35.67 18.9427 
35.68 18.9562 
35.69 18.9697 
35.7 18.9832 
35.71 18.9968 
35.72 19.0103 
35.73 19.0238 
35.74 19.0374 
35.75 19.0509 
35.76 19.0645 
35.77 19.078 
35.78 19.0916 
35.79 19.1052 
35.8 19.1188 
35.81 19.1324 
35.82 19.146 
35.83 19.1597 
35.84 19.1733 
35.85 19.1869 
35.86 19.2006 
35.87 19.2142 
35.88 19.2279 
35.89 19.2416 
35.9 19.2553 
35.91 19.269 
35.92 19.2827 
35.93 19.2964 
35.94 19.3101 
35.95 19.3238 
35.96 19.3376 
35.97 19.3513 
35.98 19.3651 
35.99 19.3789 
36 19.3927 
36.01 19.4064 
36.02 19.4202 
36.03 19.434 
36.04 19.4479 
36.05 19.4617 
36.06 19.4755 
36.07 19.4894 
36.08 19.5032 
36.09 19.5171 
36.1 19.5309 
36.11 19.5448 
36.12 19.5587 
36.13 19.5726 
36.14 19.5865 
36.15 19.6004 
36.16 19.6144 
36.17 19.6283 
36.18 19.6422 
36.19 19.6562 
36.2 19.6701 
36.21 19.6841 
36.22 19.6981 
36.23 19.7121 
36.24 19.7261 
36.25 19.7401 
36.26 19.7541 
36.27 19.7681 
36.28 19.7822 
36.29 19.7962 
36.3 19.8103 
36.31 19.8243 
36.32 19.8384 
36.33 19.8525 
36.34 19.8666 
36.35 19.8807 
36.36 19.8948 
36.37 19.9089 
36.38 19.9231 
36.39 19.9372 
36.4 19.9513 
36.41 19.9655 
36.42 19.9797 
36.43 19.9939 
36.44 20.008 
36.45 20.0222 
36.46 20.0364 
36.47 20.0507 
36.48 20.0649 
36.49 20.0791 
36.5 20.0934 
36.51 20.1076 
36.52 20.1219 
36.53 20.1361 
36.54 20.1504 
36.55 20.1647 
36.56 20.179 
36.57 20.1933 
36.58 20.2076 
36.59 20.222 
36.6 20.2363 
36.61 20.2507 
36.62 20.265 
36.63 20.2794 
36.64 20.2938 
36.65 20.3081 
36.66 20.3225 
36.67 20.3369 
36.68 20.3514 
36.69 20.3658 
36.7 20.3802 
36.71 20.3946 
36.72 20.4091 
36.73 20.4236 
36.74 20.438 
36.75 20.4525 
36.76 20.467 
36.77 20.4815 
36.78 20.496 
36.79 20.5105 
36.8 20.5251 
36.81 20.5396 
36.82 20.5542 
36.83 20.5687 
36.84 20.5833 
36.85 20.5979 
36.86 20.6124 
36.87 20.627 
36.88 20.6416 
36.89 20.6563 
36.9 20.6709 
36.91 20.6855 
36.92 20.7002 
36.93 20.7148 
36.94 20.7295 
36.95 20.7442 
36.96 20.7588 
36.97 20.7735 
36.98 20.7882 
36.99 20.803 
37 20.8177 
37.01 20.8324 
37.02 20.8472 
37.03 20.8619 
37.04 20.8767 
37.05 20.8914 
37.06 20.9062 
37.07 20.921 
37.08 20.9358 
37.09 20.9506 
37.1 20.9655 
37.11 20.9803 
37.12 20.9951 
37.13 21.01 
37.14 21.0248 
37.15 21.0397 
37.16 21.0546 
37.17 21.0695 
37.18 21.0844 
37.19 21.0993 
37.2 21.1142 
37.21 21.1291 
37.22 21.1441 
37.23 21.159 
37.24 21.174 
37.25 21.189 
37.26 21.2039 
37.27 21.2189 
37.28 21.2339 
37.29 21.2489 
37.3 21.2639 
37.31 21.279 
37.32 21.294 
37.33 21.3091 
37.34 21.3241 
37.35 21.3392 
37.36 21.3543 
37.37 21.3694 
37.38 21.3845 
37.39 21.3996 
37.4 21.4147 
37.41 21.4298 
37.42 21.445 
37.43 21.4601 
37.44 21.4753 
37.45 21.4904 
37.46 21.5056 
37.47 21.5208 
37.48 21.536 
37.49 21.5512 
37.5 21.5664 
37.51 21.5817 
37.52 21.5969 
37.53 21.6121 
37.54 21.6274 
37.55 21.6427 
37.56 21.658 
37.57 21.6732 
37.58 21.6885 
37.59 21.7039 
37.6 21.7192 
37.61 21.7345 
37.62 21.7499 
37.63 21.7652 
37.64 21.7806 
37.65 21.7959 
37.66 21.8113 
37.67 21.8267 
37.68 21.8421 
37.69 21.8575 
37.7 21.8729 
37.71 21.8884 
37.72 21.9038 
37.73 21.9193 
37.74 21.9347 
37.75 21.9502 
37.76 21.9657 
37.77 21.9812 
37.78 21.9967 
37.79 22.0122 
37.8 22.0277 
37.81 22.0433 
37.82 22.0588 
37.83 22.0744 
37.84 22.0899 
37.85 22.1055 
37.86 22.1211 
37.87 22.1367 
37.88 22.1523 
37.89 22.1679 
37.9 22.1836 
37.91 22.1992 
37.92 22.2148 
37.93 22.2305 
37.94 22.2462 
37.95 22.2619 
37.96 22.2775 
37.97 22.2932 
37.98 22.309 
37.99 22.3247 
38 22.3404 
38.01 22.3562 
38.02 22.3719 
38.03 22.3877 
38.04 22.4035 
38.05 22.4192 
38.06 22.435 
38.07 22.4508 
38.08 22.4667 
38.09 22.4825 
38.1 22.4983 
38.11 22.5142 
38.12 22.53 
38.13 22.5459 
38.14 22.5618 
38.15 22.5777 
38.16 22.5936 
38.17 22.6095 
38.18 22.6254 
38.19 22.6413 
38.2 22.6573 
38.21 22.6732 
38.22 22.6892 
38.23 22.7052 
38.24 22.7211 
38.25 22.7371 
38.26 22.7531 
38.27 22.7692 
38.28 22.7852 
38.29 22.8012 
38.3 22.8173 
38.31 22.8333 
38.32 22.8494 
38.33 22.8655 
38.34 22.8816 
38.35 22.8977 
38.36 22.9138 
38.37 22.9299 
38.38 22.946 
38.39 22.9622 
38.4 22.9783 
38.41 22.9945 
38.42 23.0107 
38.43 23.0269 
38.44 23.0431 
38.45 23.0593 
38.46 23.0755 
38.47 23.0917 
38.48 23.108 
38.49 23.1242 
38.5 23.1405 
38.51 23.1568 
38.52 23.1731 
38.53 23.1893 
38.54 23.2057 
38.55 23.222 
38.56 23.2383 
38.57 23.2546 
38.58 23.271 
38.59 23.2873 
38.6 23.3037 
38.61 23.3201 
38.62 23.3365 
38.63 23.3529 
38.64 23.3693 
38.65 23.3857 
38.66 23.4022 
38.67 23.4186 
38.68 23.4351 
38.69 23.4515 
38.7 23.468 
38.71 23.4845 
38.72 23.501 
38.73 23.5175 
38.74 23.5341 
38.75 23.5506 
38.76 23.5671 
38.77 23.5837 
38.78 23.6003 
38.79 23.6168 
38.8 23.6334 
38.81 23.65 
38.82 23.6666 
38.83 23.6833 
38.84 23.6999 
38.85 23.7165 
38.86 23.7332 
38.87 23.7499 
38.88 23.7665 
38.89 23.7832 
38.9 23.7999 
38.91 23.8166 
38.92 23.8334 
38.93 23.8501 
38.94 23.8668 
38.95 23.8836 
38.96 23.9004 
38.97 23.9171 
38.98 23.9339 
38.99 23.9507 
39 23.9675 
39.01 23.9844 
39.02 24.0012 
39.03 24.018 
39.04 24.0349 
39.05 24.0518 
39.06 24.0686 
39.07 24.0855 
39.08 24.1024 
39.09 24.1193 
39.1 24.1363 
39.11 24.1532 
39.12 24.1702 
39.13 24.1871 
39.14 24.2041 
39.15 24.2211 
39.16 24.238 
39.17 24.255 
39.18 24.2721 
39.19 24.2891 
39.2 24.3061 
39.21 24.3232 
39.22 24.3402 
39.23 24.3573 
39.24 24.3744 
39.25 24.3915 
39.26 24.4086 
39.27 24.4257 
39.28 24.4428 
39.29 24.4599 
39.3 24.4771 
39.31 24.4943 
39.32 24.5114 
39.33 24.5286 
39.34 24.5458 
39.35 24.563 
39.36 24.5802 
39.37 24.5975 
39.38 24.6147 
39.39 24.632 
39.4 24.6492 
39.41 24.6665 
39.42 24.6838 
39.43 24.7011 
39.44 24.7184 
39.45 24.7357 
39.46 24.753 
39.47 24.7704 
39.48 24.7877 
39.49 24.8051 
39.5 24.8225 
39.51 24.8399 
39.52 24.8573 
39.53 24.8747 
39.54 24.8921 
39.55 24.9095 
39.56 24.927 
39.57 24.9444 
39.58 24.9619 
39.59 24.9794 
39.6 24.9969 
39.61 25.0144 
39.62 25.0319 
39.63 25.0494 
39.64 25.067 
39.65 25.0845 
39.66 25.1021 
39.67 25.1197 
39.68 25.1373 
39.69 25.1549 
39.7 25.1725 
39.71 25.1901 
39.72 25.2077 
39.73 25.2254 
39.74 25.243 
39.75 25.2607 
39.76 25.2784 
39.77 25.2961 
39.78 25.3138 
39.79 25.3315 
39.8 25.3492 
39.81 25.3669 
39.82 25.3847 
39.83 25.4025 
39.84 25.4202 
39.85 25.438 
39.86 25.4558 
39.87 25.4736 
39.88 25.4914 
39.89 25.5093 
39.9 25.5271 
39.91 25.545 
39.92 25.5629 
39.93 25.5807 
39.94 25.5986 
39.95 25.6165 
39.96 25.6344 
39.97 25.6524 
39.98 25.6703 
39.99 25.6883 
40 25.7062 
40.01 25.7242 
40.02 25.7422 
40.03 25.7602 
40.04 25.7782 
40.05 25.7962 
40.06 25.8143 
40.07 25.8323 
40.08 25.8504 
40.09 25.8684 
40.1 25.8865 
40.11 25.9046 
40.12 25.9227 
40.13 25.9408 
40.14 25.959 
40.15 25.9771 
40.16 25.9953 
40.17 26.0134 
40.18 26.0316 
40.19 26.0498 
40.2 26.068 
40.21 26.0862 
40.22 26.1045 
40.23 26.1227 
40.24 26.141 
40.25 26.1592 
40.26 26.1775 
40.27 26.1958 
40.28 26.2141 
40.29 26.2324 
40.3 26.2507 
40.31 26.2691 
40.32 26.2874 
40.33 26.3058 
40.34 26.3241 
40.35 26.3425 
40.36 26.3609 
40.37 26.3793 
40.38 26.3978 
40.39 26.4162 
40.4 26.4346 
40.41 26.4531 
40.42 26.4716 
40.43 26.49 
40.44 26.5085 
40.45 26.5271 
40.46 26.5456 
40.47 26.5641 
40.48 26.5826 
40.49 26.6012 
40.5 26.6198 
40.51 26.6384 
40.52 26.6569 
40.53 26.6756 
40.54 26.6942 
40.55 26.7128 
40.56 26.7314 
40.57 26.7501 
40.58 26.7688 
40.59 26.7875 
40.6 26.8061 
40.61 26.8249 
40.62 26.8436 
40.63 26.8623 
40.64 26.881 
40.65 26.8998 
40.66 26.9186 
40.67 26.9373 
40.68 26.9561 
40.69 26.9749 
40.7 26.9938 
40.71 27.0126 
40.72 27.0314 
40.73 27.0503 
40.74 27.0692 
40.75 27.088 
40.76 27.1069 
40.77 27.1258 
40.78 27.1447 
40.79 27.1637 
40.8 27.1826 
40.81 27.2016 
40.82 27.2205 
40.83 27.2395 
40.84 27.2585 
40.85 27.2775 
40.86 27.2965 
40.87 27.3156 
40.88 27.3346 
40.89 27.3537 
40.9 27.3727 
40.91 27.3918 
40.92 27.4109 
40.93 27.43 
40.94 27.4491 
40.95 27.4683 
40.96 27.4874 
40.97 27.5066 
40.98 27.5257 
40.99 27.5449 
41 27.5641 
41.01 27.5833 
41.02 27.6025 
41.03 27.6218 
41.04 27.641 
41.05 27.6603 
41.06 27.6796 
41.07 27.6988 
41.08 27.7181 
41.09 27.7374 
41.1 27.7568 
41.11 27.7761 
41.12 27.7955 
41.13 27.8148 
41.14 27.8342 
41.15 27.8536 
41.16 27.873 
41.17 27.8924 
41.18 27.9118 
41.19 27.9313 
41.2 27.9507 
41.21 27.9702 
41.22 27.9896 
41.23 28.0091 
41.24 28.0286 
41.25 28.0482 
41.26 28.0677 
41.27 28.0872 
41.28 28.1068 
41.29 28.1264 
41.3 28.1459 
41.31 28.1655 
41.32 28.1851 
41.33 28.2048 
41.34 28.2244 
41.35 28.244 
41.36 28.2637 
41.37 28.2834 
41.38 28.3031 
41.39 28.3227 
41.4 28.3425 
41.41 28.3622 
41.42 28.3819 
41.43 28.4017 
41.44 28.4214 
41.45 28.4412 
41.46 28.461 
41.47 28.4808 
41.48 28.5006 
41.49 28.5205 
41.5 28.5403 
41.51 28.5601 
41.52 28.58 
41.53 28.5999 
41.54 28.6198 
41.55 28.6397 
41.56 28.6596 
41.57 28.6796 
41.58 28.6995 
41.59 28.7195 
41.6 28.7394 
41.61 28.7594 
41.62 28.7794 
41.63 28.7994 
41.64 28.8195 
41.65 28.8395 
41.66 28.8596 
41.67 28.8796 
41.68 28.8997 
41.69 28.9198 
41.7 28.9399 
41.71 28.96 
41.72 28.9802 
41.73 29.0003 
41.74 29.0205 
41.75 29.0407 
41.76 29.0608 
41.77 29.081 
41.78 29.1013 
41.79 29.1215 
41.8 29.1417 
41.81 29.162 
41.82 29.1822 
41.83 29.2025 
41.84 29.2228 
41.85 29.2431 
41.86 29.2635 
41.87 29.2838 
41.88 29.3041 
41.89 29.3245 
41.9 29.3449 
41.91 29.3653 
41.92 29.3857 
41.93 29.4061 
41.94 29.4265 
41.95 29.447 
41.96 29.4674 
41.97 29.4879 
41.98 29.5084 
41.99 29.5289 
42 29.5494 
42.01 29.5699 
42.02 29.5904 
42.03 29.611 
42.04 29.6316 
42.05 29.6521 
42.06 29.6727 
42.07 29.6933 
42.08 29.714 
42.09 29.7346 
42.1 29.7552 
42.11 29.7759 
42.12 29.7966 
42.13 29.8173 
42.14 29.838 
42.15 29.8587 
42.16 29.8794 
42.17 29.9002 
42.18 29.9209 
42.19 29.9417 
42.2 29.9625 
42.21 29.9833 
42.22 30.0041 
42.23 30.0249 
42.24 30.0458 
42.25 30.0666 
42.26 30.0875 
42.27 30.1084 
42.28 30.1293 
42.29 30.1502 
42.3 30.1711 
42.31 30.192 
42.32 30.213 
42.33 30.2339 
42.34 30.2549 
42.35 30.2759 
42.36 30.2969 
42.37 30.3179 
42.38 30.339 
42.39 30.36 
42.4 30.3811 
42.41 30.4022 
42.42 30.4233 
42.43 30.4444 
42.44 30.4655 
42.45 30.4866 
42.46 30.5078 
42.47 30.5289 
42.48 30.5501 
42.49 30.5713 
42.5 30.5925 
42.51 30.6137 
42.52 30.6349 
42.53 30.6562 
42.54 30.6774 
42.55 30.6987 
42.56 30.72 
42.57 30.7413 
42.58 30.7626 
42.59 30.7839 
42.6 30.8053 
42.61 30.8266 
42.62 30.848 
42.63 30.8694 
42.64 30.8908 
42.65 30.9122 
42.66 30.9336 
42.67 30.9551 
42.68 30.9765 
42.69 30.998 
42.7 31.0195 
42.71 31.041 
42.72 31.0625 
42.73 31.084 
42.74 31.1056 
42.75 31.1271 
42.76 31.1487 
42.77 31.1703 
42.78 31.1919 
42.79 31.2135 
42.8 31.2351 
42.81 31.2568 
42.82 31.2785 
42.83 31.3001 
42.84 31.3218 
42.85 31.3435 
42.86 31.3652 
42.87 31.387 
42.88 31.4087 
42.89 31.4305 
42.9 31.4522 
42.91 31.474 
42.92 31.4958 
42.93 31.5176 
42.94 31.5395 
42.95 31.5613 
42.96 31.5832 
42.97 31.605 
42.98 31.6269 
42.99 31.6488 
43 31.6708 
43.01 31.6927 
43.02 31.7146 
43.03 31.7366 
43.04 31.7586 
43.05 31.7806 
43.06 31.8026 
43.07 31.8246 
43.08 31.8466 
43.09 31.8687 
43.1 31.8907 
43.11 31.9128 
43.12 31.9349 
43.13 31.957 
43.14 31.9791 
43.15 32.0013 
43.16 32.0234 
43.17 32.0456 
43.18 32.0678 
43.19 32.09 
43.2 32.1122 
43.21 32.1344 
43.22 32.1566 
43.23 32.1789 
43.24 32.2012 
43.25 32.2234 
43.26 32.2457 
43.27 32.2681 
43.28 32.2904 
43.29 32.3127 
43.3 32.3351 
43.31 32.3575 
43.32 32.3798 
43.33 32.4022 
43.34 32.4247 
43.35 32.4471 
43.36 32.4695 
43.37 32.492 
43.38 32.5145 
43.39 32.537 
43.4 32.5595 
43.41 32.582 
43.42 32.6045 
43.43 32.6271 
43.44 32.6497 
43.45 32.6722 
43.46 32.6948 
43.47 32.7174 
43.48 32.7401 
43.49 32.7627 
43.5 32.7854 
43.51 32.808 
43.52 32.8307 
43.53 32.8534 
43.54 32.8761 
43.55 32.8989 
43.56 32.9216 
43.57 32.9444 
43.58 32.9672 
43.59 32.99 
43.6 33.0128 
43.61 33.0356 
43.62 33.0584 
43.63 33.0813 
43.64 33.1041 
43.65 33.127 
43.66 33.1499 
43.67 33.1728 
43.68 33.1958 
43.69 33.2187 
43.7 33.2417 
43.71 33.2646 
43.72 33.2876 
43.73 33.3106 
43.74 33.3337 
43.75 33.3567 
43.76 33.3797 
43.77 33.4028 
43.78 33.4259 
43.79 33.449 
43.8 33.4721 
43.81 33.4952 
43.82 33.5184 
43.83 33.5415 
43.84 33.5647 
43.85 33.5879 
43.86 33.6111 
43.87 33.6343 
43.88 33.6575 
43.89 33.6808 
43.9 33.7041 
43.91 33.7273 
43.92 33.7506 
43.93 33.7739 
43.94 33.7973 
43.95 33.8206 
43.96 33.844 
43.97 33.8673 
43.98 33.8907 
43.99 33.9141 
44 33.9376 
44.01 33.961 
44.02 33.9845 
44.03 34.0079 
44.04 34.0314 
44.05 34.0549 
44.06 34.0784 
44.07 34.1019 
44.08 34.1255 
44.09 34.149 
44.1 34.1726 
44.11 34.1962 
44.12 34.2198 
44.13 34.2434 
44.14 34.2671 
44.15 34.2907 
44.16 34.3144 
44.17 34.3381 
44.18 34.3618 
44.19 34.3855 
44.2 34.4092 
44.21 34.433 
44.22 34.4568 
44.23 34.4805 
44.24 34.5043 
44.25 34.5281 
44.26 34.552 
44.27 34.5758 
44.28 34.5997 
44.29 34.6236 
44.3 34.6474 
44.31 34.6713 
44.32 34.6953 
44.33 34.7192 
44.34 34.7432 
44.35 34.7671 
44.36 34.7911 
44.37 34.8151 
44.38 34.8391 
44.39 34.8632 
44.4 34.8872 
44.41 34.9113 
44.42 34.9354 
44.43 34.9595 
44.44 34.9836 
44.45 35.0077 
44.46 35.0319 
44.47 35.056 
44.48 35.0802 
44.49 35.1044 
44.5 35.1286 
44.51 35.1528 
44.52 35.1771 
44.53 35.2013 
44.54 35.2256 
44.55 35.2499 
44.56 35.2742 
44.57 35.2985 
44.58 35.3229 
44.59 35.3472 
44.6 35.3716 
44.61 35.396 
44.62 35.4204 
44.63 35.4448 
44.64 35.4692 
44.65 35.4937 
44.66 35.5181 
44.67 35.5426 
44.68 35.5671 
44.69 35.5916 
44.7 35.6162 
44.71 35.6407 
44.72 35.6653 
44.73 35.6899 
44.74 35.7145 
44.75 35.7391 
44.76 35.7637 
44.77 35.7884 
44.78 35.813 
44.79 35.8377 
44.8 35.8624 
44.81 35.8871 
44.82 35.9118 
44.83 35.9366 
44.84 35.9614 
44.85 35.9861 
44.86 36.0109 
44.87 36.0357 
44.88 36.0606 
44.89 36.0854 
44.9 36.1103 
44.91 36.1351 
44.92 36.16 
44.93 36.185 
44.94 36.2099 
44.95 36.2348 
44.96 36.2598 
44.97 36.2848 
44.98 36.3097 
44.99 36.3348 
45 36.3598 
45.01 36.3848 
45.02 36.4099 
45.03 36.435 
45.04 36.4601 
45.05 36.4852 
45.06 36.5103 
45.07 36.5354 
45.08 36.5606 
45.09 36.5858 
45.1 36.611 
45.11 36.6362 
45.12 36.6614 
45.13 36.6866 
45.14 36.7119 
45.15 36.7372 
45.16 36.7625 
45.17 36.7878 
45.18 36.8131 
45.19 36.8384 
45.2 36.8638 
45.21 36.8892 
45.22 36.9146 
45.23 36.94 
45.24 36.9654 
45.25 36.9909 
45.26 37.0163 
45.27 37.0418 
45.28 37.0673 
45.29 37.0928 
45.3 37.1183 
45.31 37.1439 
45.32 37.1694 
45.33 37.195 
45.34 37.2206 
45.35 37.2462 
45.36 37.2719 
45.37 37.2975 
45.38 37.3232 
45.39 37.3489 
45.4 37.3746 
45.41 37.4003 
45.42 37.426 
45.43 37.4518 
45.44 37.4775 
45.45 37.5033 
45.46 37.5291 
45.47 37.5549 
45.48 37.5808 
45.49 37.6066 
45.5 37.6325 
45.51 37.6584 
45.52 37.6843 
45.53 37.7102 
45.54 37.7361 
45.55 37.7621 
45.56 37.7881 
45.57 37.814 
45.58 37.8401 
45.59 37.8661 
45.6 37.8921 
45.61 37.9182 
45.62 37.9443 
45.63 37.9703 
45.64 37.9965 
45.65 38.0226 
45.66 38.0487 
45.67 38.0749 
45.68 38.1011 
45.69 38.1273 
45.7 38.1535 
45.71 38.1797 
45.72 38.206 
45.73 38.2322 
45.74 38.2585 
45.75 38.2848 
45.76 38.3111 
45.77 38.3375 
45.78 38.3638 
45.79 38.3902 
45.8 38.4166 
45.81 38.443 
45.82 38.4694 
45.83 38.4959 
45.84 38.5223 
45.85 38.5488 
45.86 38.5753 
45.87 38.6018 
45.88 38.6283 
45.89 38.6549 
45.9 38.6815 
45.91 38.708 
45.92 38.7346 
45.93 38.7613 
45.94 38.7879 
45.95 38.8145 
45.96 38.8412 
45.97 38.8679 
45.98 38.8946 
45.99 38.9213 
46 38.9481 
46.01 38.9748 
46.02 39.0016 
46.03 39.0284 
46.04 39.0552 
46.05 39.0821 
46.06 39.1089 
46.07 39.1358 
46.08 39.1626 
46.09 39.1895 
46.1 39.2165 
46.11 39.2434 
46.12 39.2704 
46.13 39.2973 
46.14 39.3243 
46.15 39.3513 
46.16 39.3784 
46.17 39.4054 
46.18 39.4325 
46.19 39.4595 
46.2 39.4866 
46.21 39.5138 
46.22 39.5409 
46.23 39.5681 
46.24 39.5952 
46.25 39.6224 
46.26 39.6496 
46.27 39.6768 
46.28 39.7041 
46.29 39.7313 
46.3 39.7586 
46.31 39.7859 
46.32 39.8132 
46.33 39.8406 
46.34 39.8679 
46.35 39.8953 
46.36 39.9227 
46.37 39.9501 
46.38 39.9775 
46.39 40.005 
46.4 40.0324 
46.41 40.0599 
46.42 40.0874 
46.43 40.1149 
46.44 40.1424 
46.45 40.17 
46.46 40.1976 
46.47 40.2251 
46.48 40.2528 
46.49 40.2804 
46.5 40.308 
46.51 40.3357 
46.52 40.3634 
46.53 40.3911 
46.54 40.4188 
46.55 40.4465 
46.56 40.4743 
46.57 40.502 
46.58 40.5298 
46.59 40.5576 
46.6 40.5855 
46.61 40.6133 
46.62 40.6412 
46.63 40.6691 
46.64 40.697 
46.65 40.7249 
46.66 40.7528 
46.67 40.7808 
46.68 40.8087 
46.69 40.8367 
46.7 40.8647 
46.71 40.8928 
46.72 40.9208 
46.73 40.9489 
46.74 40.977 
46.75 41.0051 
46.76 41.0332 
46.77 41.0614 
46.78 41.0895 
46.79 41.1177 
46.8 41.1459 
46.81 41.1741 
46.82 41.2024 
46.83 41.2306 
46.84 41.2589 
46.85 41.2872 
46.86 41.3155 
46.87 41.3438 
46.88 41.3722 
46.89 41.4005 
46.9 41.4289 
46.91 41.4573 
46.92 41.4857 
46.93 41.5142 
46.94 41.5426 
46.95 41.5711 
46.96 41.5996 
46.97 41.6281 
46.98 41.6567 
46.99 41.6852 
47 41.7138 
47.01 41.7424 
47.02 41.771 
47.03 41.7997 
47.04 41.8283 
47.05 41.857 
47.06 41.8857 
47.07 41.9144 
47.08 41.9431 
47.09 41.9718 
47.1 42.0006 
47.11 42.0294 
47.12 42.0582 
47.13 42.087 
47.14 42.1159 
47.15 42.1447 
47.16 42.1736 
47.17 42.2025 
47.18 42.2314 
47.19 42.2604 
47.2 42.2893 
47.21 42.3183 
47.22 42.3473 
47.23 42.3763 
47.24 42.4053 
47.25 42.4344 
47.26 42.4635 
47.27 42.4925 
47.28 42.5217 
47.29 42.5508 
47.3 42.5799 
47.31 42.6091 
47.32 42.6383 
47.33 42.6675 
47.34 42.6967 
47.35 42.726 
47.36 42.7552 
47.37 42.7845 
47.38 42.8138 
47.39 42.8432 
47.4 42.8725 
47.41 42.9019 
47.42 42.9312 
47.43 42.9606 
47.44 42.9901 
47.45 43.0195 
47.46 43.049 
47.47 43.0784 
47.48 43.1079 
47.49 43.1375 
47.5 43.167 
47.51 43.1966 
47.52 43.2261 
47.53 43.2557 
47.54 43.2853 
47.55 43.315 
47.56 43.3446 
47.57 43.3743 
47.58 43.404 
47.59 43.4337 
47.6 43.4635 
47.61 43.4932 
47.62 43.523 
47.63 43.5528 
47.64 43.5826 
47.65 43.6124 
47.66 43.6423 
47.67 43.6722 
47.68 43.7021 
47.69 43.732 
47.7 43.7619 
47.71 43.7919 
47.72 43.8218 
47.73 43.8518 
47.74 43.8818 
47.75 43.9119 
47.76 43.9419 
47.77 43.972 
47.78 44.0021 
47.79 44.0322 
47.8 44.0623 
47.81 44.0925 
47.82 44.1226 
47.83 44.1528 
47.84 44.183 
47.85 44.2133 
47.86 44.2435 
47.87 44.2738 
47.88 44.3041 
47.89 44.3344 
47.9 44.3647 
47.91 44.3951 
47.92 44.4255 
47.93 44.4559 
47.94 44.4863 
47.95 44.5167 
47.96 44.5472 
47.97 44.5776 
47.98 44.6081 
47.99 44.6386 
48 44.6692 
48.01 44.6997 
48.02 44.7303 
48.03 44.7609 
48.04 44.7915 
48.05 44.8221 
48.06 44.8528 
48.07 44.8835 
48.08 44.9142 
48.09 44.9449 
48.1 44.9756 
48.11 45.0064 
48.12 45.0372 
48.13 45.068 
48.14 45.0988 
48.15 45.1296 
48.16 45.1605 
48.17 45.1914 
48.18 45.2223 
48.19 45.2532 
48.2 45.2841 
48.21 45.3151 
48.22 45.3461 
48.23 45.3771 
48.24 45.4081 
48.25 45.4391 
48.26 45.4702 
48.27 45.5013 
48.28 45.5324 
48.29 45.5635 
48.3 45.5947 
48.31 45.6258 
48.32 45.657 
48.33 45.6882 
48.34 45.7195 
48.35 45.7507 
48.36 45.782 
48.37 45.8133 
48.38 45.8446 
48.39 45.8759 
48.4 45.9073 
48.41 45.9387 
48.42 45.9701 
48.43 46.0015 
48.44 46.0329 
48.45 46.0644 
48.46 46.0959 
48.47 46.1274 
48.48 46.1589 
48.49 46.1904 
48.5 46.222 
48.51 46.2536 
48.52 46.2852 
48.53 46.3168 
48.54 46.3484 
48.55 46.3801 
48.56 46.4118 
48.57 46.4435 
48.58 46.4753 
48.59 46.507 
48.6 46.5388 
48.61 46.5706 
48.62 46.6024 
48.63 46.6342 
48.64 46.6661 
48.65 46.698 
48.66 46.7299 
48.67 46.7618 
48.68 46.7937 
48.69 46.8257 
48.7 46.8577 
48.71 46.8897 
48.72 46.9217 
48.73 46.9538 
48.74 46.9858 
48.75 47.0179 
48.76 47.05 
48.77 47.0822 
48.78 47.1143 
48.79 47.1465 
48.8 47.1787 
48.81 47.2109 
48.82 47.2431 
48.83 47.2754 
48.84 47.3077 
48.85 47.34 
48.86 47.3723 
48.87 47.4047 
48.88 47.437 
48.89 47.4694 
48.9 47.5018 
48.91 47.5343 
48.92 47.5667 
48.93 47.5992 
48.94 47.6317 
48.95 47.6642 
48.96 47.6968 
48.97 47.7293 
48.98 47.7619 
48.99 47.7945 
49 47.8271 
49.01 47.8598 
49.02 47.8925 
49.03 47.9252 
49.04 47.9579 
49.05 47.9906 
49.06 48.0234 
49.07 48.0561 
49.08 48.0889 
49.09 48.1218 
49.1 48.1546 
49.11 48.1875 
49.12 48.2204 
49.13 48.2533 
49.14 48.2862 
49.15 48.3192 
49.16 48.3521 
49.17 48.3851 
49.18 48.4182 
49.19 48.4512 
49.2 48.4843 
49.21 48.5173 
49.22 48.5505 
49.23 48.5836 
49.24 48.6167 
49.25 48.6499 
49.26 48.6831 
49.27 48.7163 
49.28 48.7496 
49.29 48.7828 
49.3 48.8161 
49.31 48.8494 
49.32 48.8827 
49.33 48.9161 
49.34 48.9495 
49.35 48.9828 
49.36 49.0163 
49.37 49.0497 
49.38 49.0832 
49.39 49.1166 
49.4 49.1502 
49.41 49.1837 
49.42 49.2172 
49.43 49.2508 
49.44 49.2844 
49.45 49.318 
49.46 49.3516 
49.47 49.3853 
49.48 49.419 
49.49 49.4527 
49.5 49.4864 
49.51 49.5202 
49.52 49.5539 
49.53 49.5877 
49.54 49.6216 
49.55 49.6554 
49.56 49.6893 
49.57 49.7231 
49.58 49.757 
49.59 49.791 
49.6 49.8249 
49.61 49.8589 
49.62 49.8929 
49.63 49.9269 
49.64 49.961 
49.65 49.995 
49.66 50.0291 
49.67 50.0632 
49.68 50.0974 
49.69 50.1315 
49.7 50.1657 
49.71 50.1999 
49.72 50.2341 
49.73 50.2684 
49.74 50.3026 
49.75 50.3369 
49.76 50.3712 
49.77 50.4056 
49.78 50.4399 
49.79 50.4743 
49.8 50.5087 
49.81 50.5431 
49.82 50.5776 
49.83 50.6121 
49.84 50.6466 
49.85 50.6811 
49.86 50.7156 
49.87 50.7502 
49.88 50.7848 
49.89 50.8194 
49.9 50.854 
49.91 50.8887 
49.92 50.9234 
49.93 50.9581 
49.94 50.9928 
49.95 51.0275 
49.96 51.0623 
49.97 51.0971 
49.98 51.1319 
49.99 51.1668 
50 51.2016 
