0 0.25 
0.01 0.248439 
0.02 0.246885 
0.03 0.245341 
0.04 0.243804 
0.05 0.242276 
0.06 0.240755 
0.07 0.239243 
0.08 0.237739 
0.09 0.236242 
0.1 0.234753 
0.11 0.233272 
0.12 0.231799 
0.13 0.230333 
0.14 0.228875 
0.15 0.227424 
0.16 0.225981 
0.17 0.224544 
0.18 0.223116 
0.19 0.221694 
0.2 0.220279 
0.21 0.218872 
0.22 0.217471 
0.23 0.216078 
0.24 0.214691 
0.25 0.213311 
0.26 0.211938 
0.27 0.210572 
0.28 0.209212 
0.29 0.207859 
0.3 0.206512 
0.31 0.205172 
0.32 0.203838 
0.33 0.20251 
0.34 0.201189 
0.35 0.199874 
0.36 0.198565 
0.37 0.197262 
0.38 0.195966 
0.39 0.194675 
0.4 0.19339 
0.41 0.192111 
0.42 0.190839 
0.43 0.189571 
0.44 0.18831 
0.45 0.187054 
0.46 0.185804 
0.47 0.18456 
0.48 0.183321 
0.49 0.182087 
0.5 0.180859 
0.51 0.179637 
0.52 0.178419 
0.53 0.177207 
0.54 0.176001 
0.55 0.174799 
0.56 0.173603 
0.57 0.172412 
0.58 0.171226 
0.59 0.170045 
0.6 0.168868 
0.61 0.167697 
0.62 0.166531 
0.63 0.16537 
0.64 0.164213 
0.65 0.163061 
0.66 0.161914 
0.67 0.160772 
0.68 0.159634 
0.69 0.158501 
0.7 0.157372 
0.71 0.156248 
0.72 0.155129 
0.73 0.154014 
0.74 0.152903 
0.75 0.151797 
0.76 0.150695 
0.77 0.149597 
0.78 0.148504 
0.79 0.147415 
0.8 0.14633 
0.81 0.145249 
0.82 0.144172 
0.83 0.1431 
0.84 0.142031 
0.85 0.140967 
0.86 0.139906 
0.87 0.13885 
0.88 0.137797 
0.89 0.136749 
0.9 0.135704 
0.91 0.134663 
0.92 0.133625 
0.93 0.132592 
0.94 0.131562 
0.95 0.130536 
0.96 0.129513 
0.97 0.128495 
0.98 0.127479 
0.99 0.126468 
1 0.12546 
1.01 0.124455 
1.02 0.123454 
1.03 0.122457 
1.04 0.121462 
1.05 0.120472 
1.06 0.119484 
1.07 0.1185 
1.08 0.11752 
1.09 0.116542 
1.1 0.115568 
1.11 0.114597 
1.12 0.113629 
1.13 0.112665 
1.14 0.111704 
1.15 0.110745 
1.16 0.10979 
1.17 0.108838 
1.18 0.107889 
1.19 0.106943 
1.2 0.106001 
1.21 0.105061 
1.22 0.104124 
1.23 0.10319 
1.24 0.102259 
1.25 0.10133 
1.26 0.100405 
1.27 0.0994828 
1.28 0.0985631 
1.29 0.0976463 
1.3 0.0967323 
1.31 0.0958211 
1.32 0.0949126 
1.33 0.0940068 
1.34 0.0931037 
1.35 0.0922033 
1.36 0.0913055 
1.37 0.0904104 
1.38 0.089518 
1.39 0.0886281 
1.4 0.0877407 
1.41 0.086856 
1.42 0.0859738 
1.43 0.0850941 
1.44 0.0842169 
1.45 0.0833422 
1.46 0.08247 
1.47 0.0816002 
1.48 0.0807328 
1.49 0.0798678 
1.5 0.0790052 
1.51 0.078145 
1.52 0.0772872 
1.53 0.0764317 
1.54 0.0755785 
1.55 0.0747276 
1.56 0.073879 
1.57 0.0730327 
1.58 0.0721886 
1.59 0.0713468 
1.6 0.0705071 
1.61 0.0696697 
1.62 0.0688345 
1.63 0.0680014 
1.64 0.0671705 
1.65 0.0663418 
1.66 0.0655152 
1.67 0.0646906 
1.68 0.0638682 
1.69 0.0630479 
1.7 0.0622296 
1.71 0.0614133 
1.72 0.0605991 
1.73 0.059787 
1.74 0.0589768 
1.75 0.0581686 
1.76 0.0573624 
1.77 0.0565582 
1.78 0.0557559 
1.79 0.0549556 
1.8 0.0541572 
1.81 0.0533607 
1.82 0.0525661 
1.83 0.0517734 
1.84 0.0509826 
1.85 0.0501936 
1.86 0.0494065 
1.87 0.0486213 
1.88 0.0478378 
1.89 0.0470562 
1.9 0.0462764 
1.91 0.0454983 
1.92 0.0447221 
1.93 0.0439476 
1.94 0.0431749 
1.95 0.0424039 
1.96 0.0416347 
1.97 0.0408672 
1.98 0.0401015 
1.99 0.0393374 
2 0.0385751 
2.01 0.0378144 
2.02 0.0370554 
2.03 0.0362982 
2.04 0.0355425 
2.05 0.0347886 
2.06 0.0340363 
2.07 0.0332856 
2.08 0.0325366 
2.09 0.0317893 
2.1 0.0310435 
2.11 0.0302994 
2.12 0.0295569 
2.13 0.028816 
2.14 0.0280767 
2.15 0.027339 
2.16 0.0266029 
2.17 0.0258684 
2.18 0.0251355 
2.19 0.0244041 
2.2 0.0236744 
2.21 0.0229462 
2.22 0.0222195 
2.23 0.0214944 
2.24 0.0207709 
2.25 0.020049 
2.26 0.0193285 
2.27 0.0186097 
2.28 0.0178923 
2.29 0.0171765 
2.3 0.0164623 
2.31 0.0157495 
2.32 0.0150383 
2.33 0.0143286 
2.34 0.0136204 
2.35 0.0129137 
2.36 0.0122085 
2.37 0.0115048 
2.38 0.0108026 
2.39 0.0101019 
2.4 0.00940262 
2.41 0.00870484 
2.42 0.00800853 
2.43 0.00731368 
2.44 0.00662029 
2.45 0.00592833 
2.46 0.00523782 
2.47 0.00454873 
2.48 0.00386106 
2.49 0.0031748 
2.5 0.00248995 
2.51 0.0018065 
2.52 0.00112442 
2.53 0.000443729 
2.54 -0.000235598 
2.55 -0.000913568 
2.56 -0.00159019 
2.57 -0.00226548 
2.58 -0.00293944 
2.59 -0.00361209 
2.6 -0.00428343 
2.61 -0.00495348 
2.62 -0.00562225 
2.63 -0.00628975 
2.64 -0.006956 
2.65 -0.00762099 
2.66 -0.00828475 
2.67 -0.00894729 
2.68 -0.00960862 
2.69 -0.0102687 
2.7 -0.0109277 
2.71 -0.0115855 
2.72 -0.0122421 
2.73 -0.0128975 
2.74 -0.0135519 
2.75 -0.0142051 
2.76 -0.0148572 
2.77 -0.0155082 
2.78 -0.0161581 
2.79 -0.0168069 
2.8 -0.0174547 
2.81 -0.0181015 
2.82 -0.0187472 
2.83 -0.0193919 
2.84 -0.0200355 
2.85 -0.0206782 
2.86 -0.0213199 
2.87 -0.0219606 
2.88 -0.0226004 
2.89 -0.0232392 
2.9 -0.0238771 
2.91 -0.024514 
2.92 -0.0251501 
2.93 -0.0257852 
2.94 -0.0264195 
2.95 -0.0270528 
2.96 -0.0276853 
2.97 -0.0283169 
2.98 -0.0289477 
2.99 -0.0295777 
3 -0.0302068 
3.01 -0.0308351 
3.02 -0.0314626 
3.03 -0.0320894 
3.04 -0.0327153 
3.05 -0.0333404 
3.06 -0.0339648 
3.07 -0.0345884 
3.08 -0.0352113 
3.09 -0.0358334 
3.1 -0.0364549 
3.11 -0.0370755 
3.12 -0.0376955 
3.13 -0.0383148 
3.14 -0.0389334 
3.15 -0.0395513 
3.16 -0.0401685 
3.17 -0.040785 
3.18 -0.0414009 
3.19 -0.0420161 
3.2 -0.0426307 
3.21 -0.0432446 
3.22 -0.0438579 
3.23 -0.0444705 
3.24 -0.0450826 
3.25 -0.045694 
3.26 -0.0463049 
3.27 -0.0469151 
3.28 -0.0475247 
3.29 -0.0481338 
3.3 -0.0487422 
3.31 -0.0493501 
3.32 -0.0499575 
3.33 -0.0505642 
3.34 -0.0511704 
3.35 -0.0517761 
3.36 -0.0523812 
3.37 -0.0529858 
3.38 -0.0535899 
3.39 -0.0541934 
3.4 -0.0547964 
3.41 -0.0553989 
3.42 -0.0560008 
3.43 -0.0566023 
3.44 -0.0572032 
3.45 -0.0578037 
3.46 -0.0584036 
3.47 -0.0590031 
3.48 -0.0596021 
3.49 -0.0602006 
3.5 -0.0607986 
3.51 -0.0613962 
3.52 -0.0619932 
3.53 -0.0625898 
3.54 -0.063186 
3.55 -0.0637817 
3.56 -0.0643769 
3.57 -0.0649717 
3.58 -0.065566 
3.59 -0.0661599 
3.6 -0.0667534 
3.61 -0.0673464 
3.62 -0.0679389 
3.63 -0.0685311 
3.64 -0.0691228 
3.65 -0.069714 
3.66 -0.0703049 
3.67 -0.0708953 
3.68 -0.0714853 
3.69 -0.0720749 
3.7 -0.0726641 
3.71 -0.0732529 
3.72 -0.0738412 
3.73 -0.0744292 
3.74 -0.0750167 
3.75 -0.0756038 
3.76 -0.0761906 
3.77 -0.0767769 
3.78 -0.0773628 
3.79 -0.0779483 
3.8 -0.0785334 
3.81 -0.0791181 
3.82 -0.0797025 
3.83 -0.0802864 
3.84 -0.0808699 
3.85 -0.081453 
3.86 -0.0820358 
3.87 -0.0826181 
3.88 -0.0832 
3.89 -0.0837816 
3.9 -0.0843628 
3.91 -0.0849435 
3.92 -0.0855239 
3.93 -0.0861039 
3.94 -0.0866836 
3.95 -0.0872628 
3.96 -0.0878417 
3.97 -0.0884201 
3.98 -0.0889982 
3.99 -0.0895759 
4 -0.0901533 
4.01 -0.0907302 
4.02 -0.0913068 
4.03 -0.091883 
4.04 -0.0924589 
4.05 -0.0930343 
4.06 -0.0936094 
4.07 -0.0941841 
4.08 -0.0947585 
4.09 -0.0953325 
4.1 -0.0959061 
4.11 -0.0964793 
4.12 -0.0970522 
4.13 -0.0976247 
4.14 -0.0981968 
4.15 -0.0987686 
4.16 -0.0993401 
4.17 -0.0999111 
4.18 -0.100482 
4.19 -0.101052 
4.2 -0.101622 
4.21 -0.102192 
4.22 -0.102761 
4.23 -0.10333 
4.24 -0.103899 
4.25 -0.104467 
4.26 -0.105035 
4.27 -0.105602 
4.28 -0.106169 
4.29 -0.106736 
4.3 -0.107303 
4.31 -0.107869 
4.32 -0.108434 
4.33 -0.109 
4.34 -0.109565 
4.35 -0.11013 
4.36 -0.110694 
4.37 -0.111258 
4.38 -0.111822 
4.39 -0.112385 
4.4 -0.112948 
4.41 -0.113511 
4.42 -0.114073 
4.43 -0.114635 
4.44 -0.115197 
4.45 -0.115758 
4.46 -0.116319 
4.47 -0.11688 
4.48 -0.11744 
4.49 -0.118 
4.5 -0.118559 
4.51 -0.119119 
4.52 -0.119678 
4.53 -0.120236 
4.54 -0.120795 
4.55 -0.121353 
4.56 -0.12191 
4.57 -0.122468 
4.58 -0.123025 
4.59 -0.123581 
4.6 -0.124138 
4.61 -0.124694 
4.62 -0.125249 
4.63 -0.125805 
4.64 -0.12636 
4.65 -0.126915 
4.66 -0.127469 
4.67 -0.128023 
4.68 -0.128577 
4.69 -0.12913 
4.7 -0.129683 
4.71 -0.130236 
4.72 -0.130789 
4.73 -0.131341 
4.74 -0.131893 
4.75 -0.132444 
4.76 -0.132996 
4.77 -0.133546 
4.78 -0.134097 
4.79 -0.134647 
4.8 -0.135197 
4.81 -0.135747 
4.82 -0.136296 
4.83 -0.136845 
4.84 -0.137394 
4.85 -0.137942 
4.86 -0.138491 
4.87 -0.139038 
4.88 -0.139586 
4.89 -0.140133 
4.9 -0.14068 
4.91 -0.141227 
4.92 -0.141773 
4.93 -0.142319 
4.94 -0.142864 
4.95 -0.14341 
4.96 -0.143955 
4.97 -0.1445 
4.98 -0.145044 
4.99 -0.145588 
5 -0.146132 
5.01 -0.146675 
5.02 -0.147219 
5.03 -0.147762 
5.04 -0.148304 
5.05 -0.148847 
5.06 -0.149389 
5.07 -0.14993 
5.08 -0.150472 
5.09 -0.151013 
5.1 -0.151554 
5.11 -0.152094 
5.12 -0.152635 
5.13 -0.153175 
5.14 -0.153714 
5.15 -0.154254 
5.16 -0.154793 
5.17 -0.155332 
5.18 -0.15587 
5.19 -0.156408 
5.2 -0.156946 
5.21 -0.157484 
5.22 -0.158021 
5.23 -0.158558 
5.24 -0.159095 
5.25 -0.159632 
5.26 -0.160168 
5.27 -0.160704 
5.28 -0.161239 
5.29 -0.161775 
5.3 -0.16231 
5.31 -0.162845 
5.32 -0.163379 
5.33 -0.163913 
5.34 -0.164447 
5.35 -0.164981 
5.36 -0.165514 
5.37 -0.166047 
5.38 -0.16658 
5.39 -0.167112 
5.4 -0.167645 
5.41 -0.168177 
5.42 -0.168708 
5.43 -0.16924 
5.44 -0.169771 
5.45 -0.170301 
5.46 -0.170832 
5.47 -0.171362 
5.48 -0.171892 
5.49 -0.172422 
5.5 -0.172951 
5.51 -0.17348 
5.52 -0.174009 
5.53 -0.174538 
5.54 -0.175066 
5.55 -0.175594 
5.56 -0.176122 
5.57 -0.176649 
5.58 -0.177177 
5.59 -0.177704 
5.6 -0.17823 
5.61 -0.178757 
5.62 -0.179283 
5.63 -0.179809 
5.64 -0.180334 
5.65 -0.180859 
5.66 -0.181384 
5.67 -0.181909 
5.68 -0.182434 
5.69 -0.182958 
5.7 -0.183482 
5.71 -0.184005 
5.72 -0.184529 
5.73 -0.185052 
5.74 -0.185575 
5.75 -0.186097 
5.76 -0.18662 
5.77 -0.187142 
5.78 -0.187664 
5.79 -0.188185 
5.8 -0.188706 
5.81 -0.189227 
5.82 -0.189748 
5.83 -0.190269 
5.84 -0.190789 
5.85 -0.191309 
5.86 -0.191828 
5.87 -0.192348 
5.88 -0.192867 
5.89 -0.193386 
5.9 -0.193904 
5.91 -0.194423 
5.92 -0.194941 
5.93 -0.195459 
5.94 -0.195976 
5.95 -0.196494 
5.96 -0.197011 
5.97 -0.197527 
5.98 -0.198044 
5.99 -0.19856 
6 -0.199076 
6.01 -0.199592 
6.02 -0.200107 
6.03 -0.200623 
6.04 -0.201138 
6.05 -0.201652 
6.06 -0.202167 
6.07 -0.202681 
6.08 -0.203195 
6.09 -0.203709 
6.1 -0.204222 
6.11 -0.204735 
6.12 -0.205248 
6.13 -0.205761 
6.14 -0.206273 
6.15 -0.206785 
6.16 -0.207297 
6.17 -0.207809 
6.18 -0.20832 
6.19 -0.208831 
6.2 -0.209342 
6.21 -0.209853 
6.22 -0.210363 
6.23 -0.210873 
6.24 -0.211383 
6.25 -0.211893 
6.26 -0.212402 
6.27 -0.212911 
6.28 -0.21342 
6.29 -0.213928 
6.3 -0.214437 
6.31 -0.214945 
6.32 -0.215453 
6.33 -0.21596 
6.34 -0.216468 
6.35 -0.216975 
6.36 -0.217481 
6.37 -0.217988 
6.38 -0.218494 
6.39 -0.219 
6.4 -0.219506 
6.41 -0.220012 
6.42 -0.220517 
6.43 -0.221022 
6.44 -0.221527 
6.45 -0.222032 
6.46 -0.222536 
6.47 -0.22304 
6.48 -0.223544 
6.49 -0.224048 
6.5 -0.224551 
6.51 -0.225054 
6.52 -0.225557 
6.53 -0.22606 
6.54 -0.226562 
6.55 -0.227064 
6.56 -0.227566 
6.57 -0.228068 
6.58 -0.228569 
6.59 -0.22907 
6.6 -0.229571 
6.61 -0.230072 
6.62 -0.230572 
6.63 -0.231072 
6.64 -0.231572 
6.65 -0.232072 
6.66 -0.232571 
6.67 -0.233071 
6.68 -0.233569 
6.69 -0.234068 
6.7 -0.234567 
6.71 -0.235065 
6.72 -0.235563 
6.73 -0.236061 
6.74 -0.236558 
6.75 -0.237055 
6.76 -0.237552 
6.77 -0.238049 
6.78 -0.238546 
6.79 -0.239042 
6.8 -0.239538 
6.81 -0.240034 
6.82 -0.24053 
6.83 -0.241025 
6.84 -0.24152 
6.85 -0.242015 
6.86 -0.24251 
6.87 -0.243004 
6.88 -0.243498 
6.89 -0.243992 
6.9 -0.244486 
6.91 -0.244979 
6.92 -0.245472 
6.93 -0.245965 
6.94 -0.246458 
6.95 -0.246951 
6.96 -0.247443 
6.97 -0.247935 
6.98 -0.248427 
6.99 -0.248918 
7 -0.24941 
7.01 -0.249901 
7.02 -0.250391 
7.03 -0.250882 
7.04 -0.251372 
7.05 -0.251863 
7.06 -0.252353 
7.07 -0.252842 
7.08 -0.253332 
7.09 -0.253821 
7.1 -0.25431 
7.11 -0.254799 
7.12 -0.255287 
7.13 -0.255775 
7.14 -0.256263 
7.15 -0.256751 
7.16 -0.257239 
7.17 -0.257726 
7.18 -0.258213 
7.19 -0.2587 
7.2 -0.259187 
7.21 -0.259673 
7.22 -0.260159 
7.23 -0.260645 
7.24 -0.261131 
7.25 -0.261616 
7.26 -0.262102 
7.27 -0.262587 
7.28 -0.263072 
7.29 -0.263556 
7.3 -0.26404 
7.31 -0.264525 
7.32 -0.265008 
7.33 -0.265492 
7.34 -0.265975 
7.35 -0.266459 
7.36 -0.266942 
7.37 -0.267424 
7.38 -0.267907 
7.39 -0.268389 
7.4 -0.268871 
7.41 -0.269353 
7.42 -0.269835 
7.43 -0.270316 
7.44 -0.270797 
7.45 -0.271278 
7.46 -0.271759 
7.47 -0.272239 
7.48 -0.272719 
7.49 -0.273199 
7.5 -0.273679 
7.51 -0.274159 
7.52 -0.274638 
7.53 -0.275117 
7.54 -0.275596 
7.55 -0.276075 
7.56 -0.276553 
7.57 -0.277031 
7.58 -0.277509 
7.59 -0.277987 
7.6 -0.278464 
7.61 -0.278942 
7.62 -0.279419 
7.63 -0.279896 
7.64 -0.280372 
7.65 -0.280849 
7.66 -0.281325 
7.67 -0.281801 
7.68 -0.282276 
7.69 -0.282752 
7.7 -0.283227 
7.71 -0.283702 
7.72 -0.284177 
7.73 -0.284652 
7.74 -0.285126 
7.75 -0.2856 
7.76 -0.286074 
7.77 -0.286548 
7.78 -0.287021 
7.79 -0.287495 
7.8 -0.287968 
7.81 -0.28844 
7.82 -0.288913 
7.83 -0.289385 
7.84 -0.289858 
7.85 -0.290329 
7.86 -0.290801 
7.87 -0.291273 
7.88 -0.291744 
7.89 -0.292215 
7.9 -0.292686 
7.91 -0.293156 
7.92 -0.293627 
7.93 -0.294097 
7.94 -0.294567 
7.95 -0.295037 
7.96 -0.295506 
7.97 -0.295975 
7.98 -0.296445 
7.99 -0.296913 
8 -0.297382 
8.01 -0.29785 
8.02 -0.298319 
8.03 -0.298787 
8.04 -0.299254 
8.05 -0.299722 
8.06 -0.300189 
8.07 -0.300656 
8.08 -0.301123 
8.09 -0.30159 
8.1 -0.302056 
8.11 -0.302523 
8.12 -0.302989 
8.13 -0.303454 
8.14 -0.30392 
8.15 -0.304385 
8.16 -0.30485 
8.17 -0.305315 
8.18 -0.30578 
8.19 -0.306245 
8.2 -0.306709 
8.21 -0.307173 
8.22 -0.307637 
8.23 -0.3081 
8.24 -0.308564 
8.25 -0.309027 
8.26 -0.30949 
8.27 -0.309953 
8.28 -0.310415 
8.29 -0.310878 
8.3 -0.31134 
8.31 -0.311802 
8.32 -0.312263 
8.33 -0.312725 
8.34 -0.313186 
8.35 -0.313647 
8.36 -0.314108 
8.37 -0.314569 
8.38 -0.315029 
8.39 -0.315489 
8.4 -0.315949 
8.41 -0.316409 
8.42 -0.316869 
8.43 -0.317328 
8.44 -0.317787 
8.45 -0.318246 
8.46 -0.318705 
8.47 -0.319163 
8.48 -0.319621 
8.49 -0.320079 
8.5 -0.320537 
8.51 -0.320995 
8.52 -0.321452 
8.53 -0.32191 
8.54 -0.322367 
8.55 -0.322823 
8.56 -0.32328 
8.57 -0.323736 
8.58 -0.324192 
8.59 -0.324648 
8.6 -0.325104 
8.61 -0.32556 
8.62 -0.326015 
8.63 -0.32647 
8.64 -0.326925 
8.65 -0.32738 
8.66 -0.327834 
8.67 -0.328288 
8.68 -0.328742 
8.69 -0.329196 
8.7 -0.32965 
8.71 -0.330103 
8.72 -0.330556 
8.73 -0.331009 
8.74 -0.331462 
8.75 -0.331915 
8.76 -0.332367 
8.77 -0.332819 
8.78 -0.333271 
8.79 -0.333723 
8.8 -0.334175 
8.81 -0.334626 
8.82 -0.335077 
8.83 -0.335528 
8.84 -0.335979 
8.85 -0.336429 
8.86 -0.336879 
8.87 -0.337329 
8.88 -0.337779 
8.89 -0.338229 
8.9 -0.338678 
8.91 -0.339128 
8.92 -0.339577 
8.93 -0.340025 
8.94 -0.340474 
8.95 -0.340923 
8.96 -0.341371 
8.97 -0.341819 
8.98 -0.342267 
8.99 -0.342714 
9 -0.343161 
9.01 -0.343609 
9.02 -0.344056 
9.03 -0.344502 
9.04 -0.344949 
9.05 -0.345395 
9.06 -0.345841 
9.07 -0.346287 
9.08 -0.346733 
9.09 -0.347179 
9.1 -0.347624 
9.11 -0.348069 
9.12 -0.348514 
9.13 -0.348959 
9.14 -0.349403 
9.15 -0.349847 
9.16 -0.350292 
9.17 -0.350735 
9.18 -0.351179 
9.19 -0.351623 
9.2 -0.352066 
9.21 -0.352509 
9.22 -0.352952 
9.23 -0.353394 
9.24 -0.353837 
9.25 -0.354279 
9.26 -0.354721 
9.27 -0.355163 
9.28 -0.355605 
9.29 -0.356046 
9.3 -0.356487 
9.31 -0.356928 
9.32 -0.357369 
9.33 -0.35781 
9.34 -0.35825 
9.35 -0.35869 
9.36 -0.35913 
9.37 -0.35957 
9.38 -0.36001 
9.39 -0.360449 
9.4 -0.360889 
9.41 -0.361328 
9.42 -0.361766 
9.43 -0.362205 
9.44 -0.362643 
9.45 -0.363082 
9.46 -0.36352 
9.47 -0.363957 
9.48 -0.364395 
9.49 -0.364832 
9.5 -0.36527 
9.51 -0.365707 
9.52 -0.366143 
9.53 -0.36658 
9.54 -0.367016 
9.55 -0.367452 
9.56 -0.367888 
9.57 -0.368324 
9.58 -0.36876 
9.59 -0.369195 
9.6 -0.36963 
9.61 -0.370065 
9.62 -0.3705 
9.63 -0.370935 
9.64 -0.371369 
9.65 -0.371803 
9.66 -0.372237 
9.67 -0.372671 
9.68 -0.373105 
9.69 -0.373538 
9.7 -0.373971 
9.71 -0.374404 
9.72 -0.374837 
9.73 -0.37527 
9.74 -0.375702 
9.75 -0.376134 
9.76 -0.376566 
9.77 -0.376998 
9.78 -0.37743 
9.79 -0.377861 
9.8 -0.378292 
9.81 -0.378723 
9.82 -0.379154 
9.83 -0.379585 
9.84 -0.380015 
9.85 -0.380445 
9.86 -0.380875 
9.87 -0.381305 
9.88 -0.381735 
9.89 -0.382164 
9.9 -0.382593 
9.91 -0.383023 
9.92 -0.383451 
9.93 -0.38388 
9.94 -0.384308 
9.95 -0.384737 
9.96 -0.385165 
9.97 -0.385593 
9.98 -0.38602 
9.99 -0.386448 
10 -0.386875 
10.01 -0.387302 
10.02 -0.387729 
10.03 -0.388156 
10.04 -0.388582 
10.05 -0.389008 
10.06 -0.389435 
10.07 -0.38986 
10.08 -0.390286 
10.09 -0.390712 
10.1 -0.391137 
10.11 -0.391562 
10.12 -0.391987 
10.13 -0.392412 
10.14 -0.392836 
10.15 -0.393261 
10.16 -0.393685 
10.17 -0.394109 
10.18 -0.394532 
10.19 -0.394956 
10.2 -0.395379 
10.21 -0.395803 
10.22 -0.396226 
10.23 -0.396648 
10.24 -0.397071 
10.25 -0.397493 
10.26 -0.397916 
10.27 -0.398338 
10.28 -0.398759 
10.29 -0.399181 
10.3 -0.399602 
10.31 -0.400024 
10.32 -0.400445 
10.33 -0.400866 
10.34 -0.401286 
10.35 -0.401707 
10.36 -0.402127 
10.37 -0.402547 
10.38 -0.402967 
10.39 -0.403387 
10.4 -0.403806 
10.41 -0.404225 
10.42 -0.404645 
10.43 -0.405064 
10.44 -0.405482 
10.45 -0.405901 
10.46 -0.406319 
10.47 -0.406737 
10.48 -0.407155 
10.49 -0.407573 
10.5 -0.407991 
10.51 -0.408408 
10.52 -0.408825 
10.53 -0.409242 
10.54 -0.409659 
10.55 -0.410076 
10.56 -0.410492 
10.57 -0.410908 
10.58 -0.411325 
10.59 -0.41174 
10.6 -0.412156 
10.61 -0.412572 
10.62 -0.412987 
10.63 -0.413402 
10.64 -0.413817 
10.65 -0.414232 
10.66 -0.414646 
10.67 -0.415061 
10.68 -0.415475 
10.69 -0.415889 
10.7 -0.416303 
10.71 -0.416716 
10.72 -0.41713 
10.73 -0.417543 
10.74 -0.417956 
10.75 -0.418369 
10.76 -0.418781 
10.77 -0.419194 
10.78 -0.419606 
10.79 -0.420018 
10.8 -0.42043 
10.81 -0.420842 
10.82 -0.421253 
10.83 -0.421665 
10.84 -0.422076 
10.85 -0.422487 
10.86 -0.422897 
10.87 -0.423308 
10.88 -0.423718 
10.89 -0.424129 
10.9 -0.424539 
10.91 -0.424948 
10.92 -0.425358 
10.93 -0.425768 
10.94 -0.426177 
10.95 -0.426586 
10.96 -0.426995 
10.97 -0.427404 
10.98 -0.427812 
10.99 -0.42822 
11 -0.428629 
11.01 -0.429036 
11.02 -0.429444 
11.03 -0.429852 
11.04 -0.430259 
11.05 -0.430666 
11.06 -0.431073 
11.07 -0.43148 
11.08 -0.431887 
11.09 -0.432293 
11.1 -0.4327 
11.11 -0.433106 
11.12 -0.433512 
11.13 -0.433917 
11.14 -0.434323 
11.15 -0.434728 
11.16 -0.435134 
11.17 -0.435539 
11.18 -0.435943 
11.19 -0.436348 
11.2 -0.436752 
11.21 -0.437157 
11.22 -0.437561 
11.23 -0.437965 
11.24 -0.438368 
11.25 -0.438772 
11.26 -0.439175 
11.27 -0.439578 
11.28 -0.439981 
11.29 -0.440384 
11.3 -0.440787 
11.31 -0.441189 
11.32 -0.441591 
11.33 -0.441993 
11.34 -0.442395 
11.35 -0.442797 
11.36 -0.443198 
11.37 -0.4436 
11.38 -0.444001 
11.39 -0.444402 
11.4 -0.444802 
11.41 -0.445203 
11.42 -0.445603 
11.43 -0.446004 
11.44 -0.446404 
11.45 -0.446803 
11.46 -0.447203 
11.47 -0.447603 
11.48 -0.448002 
11.49 -0.448401 
11.5 -0.4488 
11.51 -0.449199 
11.52 -0.449597 
11.53 -0.449996 
11.54 -0.450394 
11.55 -0.450792 
11.56 -0.45119 
11.57 -0.451587 
11.58 -0.451985 
11.59 -0.452382 
11.6 -0.452779 
11.61 -0.453176 
11.62 -0.453573 
11.63 -0.453969 
11.64 -0.454366 
11.65 -0.454762 
11.66 -0.455158 
11.67 -0.455554 
11.68 -0.45595 
11.69 -0.456345 
11.7 -0.45674 
11.71 -0.457135 
11.72 -0.45753 
11.73 -0.457925 
11.74 -0.45832 
11.75 -0.458714 
11.76 -0.459108 
11.77 -0.459502 
11.78 -0.459896 
11.79 -0.46029 
11.8 -0.460683 
11.81 -0.461077 
11.82 -0.46147 
11.83 -0.461863 
11.84 -0.462256 
11.85 -0.462648 
11.86 -0.463041 
11.87 -0.463433 
11.88 -0.463825 
11.89 -0.464217 
11.9 -0.464609 
11.91 -0.465 
11.92 -0.465391 
11.93 -0.465783 
11.94 -0.466174 
11.95 -0.466564 
11.96 -0.466955 
11.97 -0.467346 
11.98 -0.467736 
11.99 -0.468126 
12 -0.468516 
12.01 -0.468906 
12.02 -0.469295 
12.03 -0.469685 
12.04 -0.470074 
12.05 -0.470463 
12.06 -0.470852 
12.07 -0.47124 
12.08 -0.471629 
12.09 -0.472017 
12.1 -0.472405 
12.11 -0.472793 
12.12 -0.473181 
12.13 -0.473569 
12.14 -0.473956 
12.15 -0.474343 
12.16 -0.47473 
12.17 -0.475117 
12.18 -0.475504 
12.19 -0.475891 
12.2 -0.476277 
12.21 -0.476663 
12.22 -0.477049 
12.23 -0.477435 
12.24 -0.477821 
12.25 -0.478206 
12.26 -0.478592 
12.27 -0.478977 
12.28 -0.479362 
12.29 -0.479747 
12.3 -0.480131 
12.31 -0.480516 
12.32 -0.4809 
12.33 -0.481284 
12.34 -0.481668 
12.35 -0.482052 
12.36 -0.482435 
12.37 -0.482819 
12.38 -0.483202 
12.39 -0.483585 
12.4 -0.483968 
12.41 -0.48435 
12.42 -0.484733 
12.43 -0.485115 
12.44 -0.485497 
12.45 -0.485879 
12.46 -0.486261 
12.47 -0.486643 
12.48 -0.487024 
12.49 -0.487406 
12.5 -0.487787 
12.51 -0.488168 
12.52 -0.488549 
12.53 -0.488929 
12.54 -0.48931 
12.55 -0.48969 
12.56 -0.49007 
12.57 -0.49045 
12.58 -0.49083 
12.59 -0.491209 
12.6 -0.491589 
12.61 -0.491968 
12.62 -0.492347 
12.63 -0.492726 
12.64 -0.493104 
12.65 -0.493483 
12.66 -0.493861 
12.67 -0.494239 
12.68 -0.494617 
12.69 -0.494995 
12.7 -0.495373 
12.71 -0.49575 
12.72 -0.496128 
12.73 -0.496505 
12.74 -0.496882 
12.75 -0.497259 
12.76 -0.497635 
12.77 -0.498012 
12.78 -0.498388 
12.79 -0.498764 
12.8 -0.49914 
12.81 -0.499516 
12.82 -0.499891 
12.83 -0.500267 
12.84 -0.500642 
12.85 -0.501017 
12.86 -0.501392 
12.87 -0.501767 
12.88 -0.502141 
12.89 -0.502516 
12.9 -0.50289 
12.91 -0.503264 
12.92 -0.503638 
12.93 -0.504012 
12.94 -0.504385 
12.95 -0.504759 
12.96 -0.505132 
12.97 -0.505505 
12.98 -0.505878 
12.99 -0.506251 
13 -0.506623 
13.01 -0.506995 
13.02 -0.507368 
13.03 -0.50774 
13.04 -0.508112 
13.05 -0.508483 
13.06 -0.508855 
13.07 -0.509226 
13.08 -0.509597 
13.09 -0.509968 
13.1 -0.510339 
13.11 -0.51071 
13.12 -0.51108 
13.13 -0.511451 
13.14 -0.511821 
13.15 -0.512191 
13.16 -0.512561 
13.17 -0.51293 
13.18 -0.5133 
13.19 -0.513669 
13.2 -0.514038 
13.21 -0.514407 
13.22 -0.514776 
13.23 -0.515145 
13.24 -0.515513 
13.25 -0.515881 
13.26 -0.516249 
13.27 -0.516617 
13.28 -0.516985 
13.29 -0.517353 
13.3 -0.51772 
13.31 -0.518088 
13.32 -0.518455 
13.33 -0.518822 
13.34 -0.519189 
13.35 -0.519555 
13.36 -0.519922 
13.37 -0.520288 
13.38 -0.520654 
13.39 -0.52102 
13.4 -0.521386 
13.41 -0.521751 
13.42 -0.522117 
13.43 -0.522482 
13.44 -0.522847 
13.45 -0.523212 
13.46 -0.523577 
13.47 -0.523942 
13.48 -0.524306 
13.49 -0.524671 
13.5 -0.525035 
13.51 -0.525399 
13.52 -0.525762 
13.53 -0.526126 
13.54 -0.52649 
13.55 -0.526853 
13.56 -0.527216 
13.57 -0.527579 
13.58 -0.527942 
13.59 -0.528304 
13.6 -0.528667 
13.61 -0.529029 
13.62 -0.529391 
13.63 -0.529753 
13.64 -0.530115 
13.65 -0.530477 
13.66 -0.530838 
13.67 -0.5312 
13.68 -0.531561 
13.69 -0.531922 
13.7 -0.532283 
13.71 -0.532643 
13.72 -0.533004 
13.73 -0.533364 
13.74 -0.533724 
13.75 -0.534084 
13.76 -0.534444 
13.77 -0.534804 
13.78 -0.535163 
13.79 -0.535523 
13.8 -0.535882 
13.81 -0.536241 
13.82 -0.5366 
13.83 -0.536958 
13.84 -0.537317 
13.85 -0.537675 
13.86 -0.538033 
13.87 -0.538391 
13.88 -0.538749 
13.89 -0.539107 
13.9 -0.539465 
13.91 -0.539822 
13.92 -0.540179 
13.93 -0.540536 
13.94 -0.540893 
13.95 -0.54125 
13.96 -0.541606 
13.97 -0.541963 
13.98 -0.542319 
13.99 -0.542675 
14 -0.543031 
14.01 -0.543387 
14.02 -0.543742 
14.03 -0.544098 
14.04 -0.544453 
14.05 -0.544808 
14.06 -0.545163 
14.07 -0.545518 
14.08 -0.545873 
14.09 -0.546227 
14.1 -0.546581 
14.11 -0.546936 
14.12 -0.54729 
14.13 -0.547643 
14.14 -0.547997 
14.15 -0.548351 
14.16 -0.548704 
14.17 -0.549057 
14.18 -0.54941 
14.19 -0.549763 
14.2 -0.550116 
14.21 -0.550468 
14.22 -0.550821 
14.23 -0.551173 
14.24 -0.551525 
14.25 -0.551877 
14.26 -0.552228 
14.27 -0.55258 
14.28 -0.552931 
14.29 -0.553283 
14.3 -0.553634 
14.31 -0.553985 
14.32 -0.554335 
14.33 -0.554686 
14.34 -0.555036 
14.35 -0.555387 
14.36 -0.555737 
14.37 -0.556087 
14.38 -0.556437 
14.39 -0.556786 
14.4 -0.557136 
14.41 -0.557485 
14.42 -0.557834 
14.43 -0.558183 
14.44 -0.558532 
14.45 -0.558881 
14.46 -0.559229 
14.47 -0.559578 
14.48 -0.559926 
14.49 -0.560274 
14.5 -0.560622 
14.51 -0.56097 
14.52 -0.561317 
14.53 -0.561665 
14.54 -0.562012 
14.55 -0.562359 
14.56 -0.562706 
14.57 -0.563053 
14.58 -0.563399 
14.59 -0.563746 
14.6 -0.564092 
14.61 -0.564438 
14.62 -0.564784 
14.63 -0.56513 
14.64 -0.565476 
14.65 -0.565821 
14.66 -0.566167 
14.67 -0.566512 
14.68 -0.566857 
14.69 -0.567202 
14.7 -0.567547 
14.71 -0.567891 
14.72 -0.568236 
14.73 -0.56858 
14.74 -0.568924 
14.75 -0.569268 
14.76 -0.569612 
14.77 -0.569956 
14.78 -0.570299 
14.79 -0.570642 
14.8 -0.570986 
14.81 -0.571329 
14.82 -0.571671 
14.83 -0.572014 
14.84 -0.572357 
14.85 -0.572699 
14.86 -0.573041 
14.87 -0.573383 
14.88 -0.573725 
14.89 -0.574067 
14.9 -0.574409 
14.91 -0.57475 
14.92 -0.575091 
14.93 -0.575433 
14.94 -0.575774 
14.95 -0.576114 
14.96 -0.576455 
14.97 -0.576796 
14.98 -0.577136 
14.99 -0.577476 
15 -0.577816 
15.01 -0.578156 
15.02 -0.578496 
15.03 -0.578836 
15.04 -0.579175 
15.05 -0.579514 
15.06 -0.579853 
15.07 -0.580192 
15.08 -0.580531 
15.09 -0.58087 
15.1 -0.581208 
15.11 -0.581547 
15.12 -0.581885 
15.13 -0.582223 
15.14 -0.582561 
15.15 -0.582899 
15.16 -0.583236 
15.17 -0.583574 
15.18 -0.583911 
15.19 -0.584248 
15.2 -0.584585 
15.21 -0.584922 
15.22 -0.585259 
15.23 -0.585595 
15.24 -0.585931 
15.25 -0.586268 
15.26 -0.586604 
15.27 -0.58694 
15.28 -0.587275 
15.29 -0.587611 
15.3 -0.587946 
15.31 -0.588282 
15.32 -0.588617 
15.33 -0.588952 
15.34 -0.589287 
15.35 -0.589621 
15.36 -0.589956 
15.37 -0.59029 
15.38 -0.590624 
15.39 -0.590958 
15.4 -0.591292 
15.41 -0.591626 
15.42 -0.59196 
15.43 -0.592293 
15.44 -0.592627 
15.45 -0.59296 
15.46 -0.593293 
15.47 -0.593626 
15.48 -0.593958 
15.49 -0.594291 
15.5 -0.594623 
15.51 -0.594955 
15.52 -0.595288 
15.53 -0.595619 
15.54 -0.595951 
15.55 -0.596283 
15.56 -0.596614 
15.57 -0.596946 
15.58 -0.597277 
15.59 -0.597608 
15.6 -0.597939 
15.61 -0.59827 
15.62 -0.5986 
15.63 -0.598931 
15.64 -0.599261 
15.65 -0.599591 
15.66 -0.599921 
15.67 -0.600251 
15.68 -0.60058 
15.69 -0.60091 
15.7 -0.601239 
15.71 -0.601569 
15.72 -0.601898 
15.73 -0.602227 
15.74 -0.602555 
15.75 -0.602884 
15.76 -0.603213 
15.77 -0.603541 
15.78 -0.603869 
15.79 -0.604197 
15.8 -0.604525 
15.81 -0.604853 
15.82 -0.60518 
15.83 -0.605508 
15.84 -0.605835 
15.85 -0.606162 
15.86 -0.606489 
15.87 -0.606816 
15.88 -0.607143 
15.89 -0.607469 
15.9 -0.607796 
15.91 -0.608122 
15.92 -0.608448 
15.93 -0.608774 
15.94 -0.6091 
15.95 -0.609425 
15.96 -0.609751 
15.97 -0.610076 
15.98 -0.610401 
15.99 -0.610726 
16 -0.611051 
16.01 -0.611376 
16.02 -0.611701 
16.03 -0.612025 
16.04 -0.612349 
16.05 -0.612674 
16.06 -0.612998 
16.07 -0.613321 
16.08 -0.613645 
16.09 -0.613969 
16.1 -0.614292 
16.11 -0.614615 
16.12 -0.614939 
16.13 -0.615262 
16.14 -0.615584 
16.15 -0.615907 
16.16 -0.61623 
16.17 -0.616552 
16.18 -0.616874 
16.19 -0.617196 
16.2 -0.617518 
16.21 -0.61784 
16.22 -0.618162 
16.23 -0.618483 
16.24 -0.618805 
16.25 -0.619126 
16.26 -0.619447 
16.27 -0.619768 
16.28 -0.620089 
16.29 -0.620409 
16.3 -0.62073 
16.31 -0.62105 
16.32 -0.62137 
16.33 -0.621691 
16.34 -0.62201 
16.35 -0.62233 
16.36 -0.62265 
16.37 -0.622969 
16.38 -0.623289 
16.39 -0.623608 
16.4 -0.623927 
16.41 -0.624246 
16.42 -0.624564 
16.43 -0.624883 
16.44 -0.625202 
16.45 -0.62552 
16.46 -0.625838 
16.47 -0.626156 
16.48 -0.626474 
16.49 -0.626792 
16.5 -0.627109 
16.51 -0.627427 
16.52 -0.627744 
16.53 -0.628061 
16.54 -0.628378 
16.55 -0.628695 
16.56 -0.629012 
16.57 -0.629328 
16.58 -0.629645 
16.59 -0.629961 
16.6 -0.630277 
16.61 -0.630593 
16.62 -0.630909 
16.63 -0.631225 
16.64 -0.63154 
16.65 -0.631856 
16.66 -0.632171 
16.67 -0.632486 
16.68 -0.632801 
16.69 -0.633116 
16.7 -0.633431 
16.71 -0.633745 
16.72 -0.63406 
16.73 -0.634374 
16.74 -0.634688 
16.75 -0.635002 
16.76 -0.635316 
16.77 -0.635629 
16.78 -0.635943 
16.79 -0.636256 
16.8 -0.63657 
16.81 -0.636883 
16.82 -0.637196 
16.83 -0.637509 
16.84 -0.637821 
16.85 -0.638134 
16.86 -0.638446 
16.87 -0.638759 
16.88 -0.639071 
16.89 -0.639383 
16.9 -0.639695 
16.91 -0.640006 
16.92 -0.640318 
16.93 -0.640629 
16.94 -0.640941 
16.95 -0.641252 
16.96 -0.641563 
16.97 -0.641874 
16.98 -0.642184 
16.99 -0.642495 
17 -0.642805 
17.01 -0.643116 
17.02 -0.643426 
17.03 -0.643736 
17.04 -0.644046 
17.05 -0.644355 
17.06 -0.644665 
17.07 -0.644974 
17.08 -0.645284 
17.09 -0.645593 
17.1 -0.645902 
17.11 -0.646211 
17.12 -0.646519 
17.13 -0.646828 
17.14 -0.647136 
17.15 -0.647445 
17.16 -0.647753 
17.17 -0.648061 
17.18 -0.648369 
17.19 -0.648677 
17.2 -0.648984 
17.21 -0.649292 
17.22 -0.649599 
17.23 -0.649906 
17.24 -0.650213 
17.25 -0.65052 
17.26 -0.650827 
17.27 -0.651134 
17.28 -0.65144 
17.29 -0.651746 
17.3 -0.652053 
17.31 -0.652359 
17.32 -0.652665 
17.33 -0.65297 
17.34 -0.653276 
17.35 -0.653582 
17.36 -0.653887 
17.37 -0.654192 
17.38 -0.654497 
17.39 -0.654802 
17.4 -0.655107 
17.41 -0.655412 
17.42 -0.655716 
17.43 -0.656021 
17.44 -0.656325 
17.45 -0.656629 
17.46 -0.656933 
17.47 -0.657237 
17.48 -0.657541 
17.49 -0.657844 
17.5 -0.658148 
17.51 -0.658451 
17.52 -0.658754 
17.53 -0.659057 
17.54 -0.65936 
17.55 -0.659663 
17.56 -0.659965 
17.57 -0.660268 
17.58 -0.66057 
17.59 -0.660872 
17.6 -0.661174 
17.61 -0.661476 
17.62 -0.661778 
17.63 -0.66208 
17.64 -0.662381 
17.65 -0.662683 
17.66 -0.662984 
17.67 -0.663285 
17.68 -0.663586 
17.69 -0.663887 
17.7 -0.664187 
17.71 -0.664488 
17.72 -0.664788 
17.73 -0.665088 
17.74 -0.665389 
17.75 -0.665689 
17.76 -0.665989 
17.77 -0.666288 
17.78 -0.666588 
17.79 -0.666887 
17.8 -0.667187 
17.81 -0.667486 
17.82 -0.667785 
17.83 -0.668084 
17.84 -0.668382 
17.85 -0.668681 
17.86 -0.66898 
17.87 -0.669278 
17.88 -0.669576 
17.89 -0.669874 
17.9 -0.670172 
17.91 -0.67047 
17.92 -0.670768 
17.93 -0.671065 
17.94 -0.671363 
17.95 -0.67166 
17.96 -0.671957 
17.97 -0.672254 
17.98 -0.672551 
17.99 -0.672848 
18 -0.673144 
18.01 -0.673441 
18.02 -0.673737 
18.03 -0.674033 
18.04 -0.674329 
18.05 -0.674625 
18.06 -0.674921 
18.07 -0.675217 
18.08 -0.675512 
18.09 -0.675807 
18.1 -0.676103 
18.11 -0.676398 
18.12 -0.676693 
18.13 -0.676988 
18.14 -0.677282 
18.15 -0.677577 
18.16 -0.677871 
18.17 -0.678166 
18.18 -0.67846 
18.19 -0.678754 
18.2 -0.679048 
18.21 -0.679342 
18.22 -0.679635 
18.23 -0.679929 
18.24 -0.680222 
18.25 -0.680515 
18.26 -0.680808 
18.27 -0.681101 
18.28 -0.681394 
18.29 -0.681687 
18.3 -0.68198 
18.31 -0.682272 
18.32 -0.682564 
18.33 -0.682856 
18.34 -0.683148 
18.35 -0.68344 
18.36 -0.683732 
18.37 -0.684024 
18.38 -0.684315 
18.39 -0.684607 
18.4 -0.684898 
18.41 -0.685189 
18.42 -0.68548 
18.43 -0.685771 
18.44 -0.686062 
18.45 -0.686352 
18.46 -0.686642 
18.47 -0.686933 
18.48 -0.687223 
18.49 -0.687513 
18.5 -0.687803 
18.51 -0.688093 
18.52 -0.688382 
18.53 -0.688672 
18.54 -0.688961 
18.55 -0.689251 
18.56 -0.68954 
18.57 -0.689829 
18.58 -0.690117 
18.59 -0.690406 
18.6 -0.690695 
18.61 -0.690983 
18.62 -0.691272 
18.63 -0.69156 
18.64 -0.691848 
18.65 -0.692136 
18.66 -0.692424 
18.67 -0.692711 
18.68 -0.692999 
18.69 -0.693286 
18.7 -0.693574 
18.71 -0.693861 
18.72 -0.694148 
18.73 -0.694435 
18.74 -0.694721 
18.75 -0.695008 
18.76 -0.695294 
18.77 -0.695581 
18.78 -0.695867 
18.79 -0.696153 
18.8 -0.696439 
18.81 -0.696725 
18.82 -0.697011 
18.83 -0.697296 
18.84 -0.697582 
18.85 -0.697867 
18.86 -0.698152 
18.87 -0.698437 
18.88 -0.698722 
18.89 -0.699007 
18.9 -0.699292 
18.91 -0.699576 
18.92 -0.699861 
18.93 -0.700145 
18.94 -0.700429 
18.95 -0.700713 
18.96 -0.700997 
18.97 -0.701281 
18.98 -0.701564 
18.99 -0.701848 
19 -0.702131 
19.01 -0.702415 
19.02 -0.702698 
19.03 -0.702981 
19.04 -0.703264 
19.05 -0.703546 
19.06 -0.703829 
19.07 -0.704111 
19.08 -0.704394 
19.09 -0.704676 
19.1 -0.704958 
19.11 -0.70524 
19.12 -0.705522 
19.13 -0.705804 
19.14 -0.706085 
19.15 -0.706367 
19.16 -0.706648 
19.17 -0.706929 
19.18 -0.70721 
19.19 -0.707491 
19.2 -0.707772 
19.21 -0.708053 
19.22 -0.708333 
19.23 -0.708614 
19.24 -0.708894 
19.25 -0.709174 
19.26 -0.709454 
19.27 -0.709734 
19.28 -0.710014 
19.29 -0.710293 
19.3 -0.710573 
19.31 -0.710852 
19.32 -0.711132 
19.33 -0.711411 
19.34 -0.71169 
19.35 -0.711969 
19.36 -0.712247 
19.37 -0.712526 
19.38 -0.712805 
19.39 -0.713083 
19.4 -0.713361 
19.41 -0.713639 
19.42 -0.713917 
19.43 -0.714195 
19.44 -0.714473 
19.45 -0.714751 
19.46 -0.715028 
19.47 -0.715306 
19.48 -0.715583 
19.49 -0.71586 
19.5 -0.716137 
19.51 -0.716414 
19.52 -0.716691 
19.53 -0.716967 
19.54 -0.717244 
19.55 -0.71752 
19.56 -0.717796 
19.57 -0.718072 
19.58 -0.718348 
19.59 -0.718624 
19.6 -0.7189 
19.61 -0.719176 
19.62 -0.719451 
19.63 -0.719726 
19.64 -0.720002 
19.65 -0.720277 
19.66 -0.720552 
19.67 -0.720827 
19.68 -0.721101 
19.69 -0.721376 
19.7 -0.72165 
19.71 -0.721925 
19.72 -0.722199 
19.73 -0.722473 
19.74 -0.722747 
19.75 -0.723021 
19.76 -0.723295 
19.77 -0.723568 
19.78 -0.723842 
19.79 -0.724115 
19.8 -0.724388 
19.81 -0.724661 
19.82 -0.724934 
19.83 -0.725207 
19.84 -0.72548 
19.85 -0.725753 
19.86 -0.726025 
19.87 -0.726297 
19.88 -0.72657 
19.89 -0.726842 
19.9 -0.727114 
19.91 -0.727386 
19.92 -0.727657 
19.93 -0.727929 
19.94 -0.7282 
19.95 -0.728472 
19.96 -0.728743 
19.97 -0.729014 
19.98 -0.729285 
19.99 -0.729556 
20 -0.729827 
20.01 -0.730097 
20.02 -0.730368 
20.03 -0.730638 
20.04 -0.730909 
20.05 -0.731179 
20.06 -0.731449 
20.07 -0.731719 
20.08 -0.731988 
20.09 -0.732258 
20.1 -0.732528 
20.11 -0.732797 
20.12 -0.733066 
20.13 -0.733335 
20.14 -0.733604 
20.15 -0.733873 
20.16 -0.734142 
20.17 -0.734411 
20.18 -0.734679 
20.19 -0.734948 
20.2 -0.735216 
20.21 -0.735484 
20.22 -0.735752 
20.23 -0.73602 
20.24 -0.736288 
20.25 -0.736556 
20.26 -0.736823 
20.27 -0.737091 
20.28 -0.737358 
20.29 -0.737625 
20.3 -0.737892 
20.31 -0.738159 
20.32 -0.738426 
20.33 -0.738693 
20.34 -0.738959 
20.35 -0.739226 
20.36 -0.739492 
20.37 -0.739758 
20.38 -0.740025 
20.39 -0.740291 
20.4 -0.740556 
20.41 -0.740822 
20.42 -0.741088 
20.43 -0.741353 
20.44 -0.741619 
20.45 -0.741884 
20.46 -0.742149 
20.47 -0.742414 
20.48 -0.742679 
20.49 -0.742944 
20.5 -0.743208 
20.51 -0.743473 
20.52 -0.743737 
20.53 -0.744002 
20.54 -0.744266 
20.55 -0.74453 
20.56 -0.744794 
20.57 -0.745058 
20.58 -0.745321 
20.59 -0.745585 
20.6 -0.745848 
20.61 -0.746112 
20.62 -0.746375 
20.63 -0.746638 
20.64 -0.746901 
20.65 -0.747164 
20.66 -0.747426 
20.67 -0.747689 
20.68 -0.747952 
20.69 -0.748214 
20.7 -0.748476 
20.71 -0.748738 
20.72 -0.749 
20.73 -0.749262 
20.74 -0.749524 
20.75 -0.749786 
20.76 -0.750047 
20.77 -0.750309 
20.78 -0.75057 
20.79 -0.750831 
20.8 -0.751092 
20.81 -0.751353 
20.82 -0.751614 
20.83 -0.751875 
20.84 -0.752135 
20.85 -0.752396 
20.86 -0.752656 
20.87 -0.752916 
20.88 -0.753176 
20.89 -0.753436 
20.9 -0.753696 
20.91 -0.753956 
20.92 -0.754216 
20.93 -0.754475 
20.94 -0.754734 
20.95 -0.754994 
20.96 -0.755253 
20.97 -0.755512 
20.98 -0.755771 
20.99 -0.75603 
21 -0.756288 
21.01 -0.756547 
21.02 -0.756805 
21.03 -0.757064 
21.04 -0.757322 
21.05 -0.75758 
21.06 -0.757838 
21.07 -0.758096 
21.08 -0.758354 
21.09 -0.758611 
21.1 -0.758869 
21.11 -0.759126 
21.12 -0.759383 
21.13 -0.759641 
21.14 -0.759898 
21.15 -0.760155 
21.16 -0.760411 
21.17 -0.760668 
21.18 -0.760925 
21.19 -0.761181 
21.2 -0.761437 
21.21 -0.761694 
21.22 -0.76195 
21.23 -0.762206 
21.24 -0.762462 
21.25 -0.762717 
21.26 -0.762973 
21.27 -0.763229 
21.28 -0.763484 
21.29 -0.763739 
21.3 -0.763994 
21.31 -0.76425 
21.32 -0.764504 
21.33 -0.764759 
21.34 -0.765014 
21.35 -0.765269 
21.36 -0.765523 
21.37 -0.765777 
21.38 -0.766032 
21.39 -0.766286 
21.4 -0.76654 
21.41 -0.766794 
21.42 -0.767047 
21.43 -0.767301 
21.44 -0.767555 
21.45 -0.767808 
21.46 -0.768061 
21.47 -0.768315 
21.48 -0.768568 
21.49 -0.768821 
21.5 -0.769074 
21.51 -0.769326 
21.52 -0.769579 
21.53 -0.769831 
21.54 -0.770084 
21.55 -0.770336 
21.56 -0.770588 
21.57 -0.77084 
21.58 -0.771092 
21.59 -0.771344 
21.6 -0.771596 
21.61 -0.771847 
21.62 -0.772099 
21.63 -0.77235 
21.64 -0.772602 
21.65 -0.772853 
21.66 -0.773104 
21.67 -0.773355 
21.68 -0.773605 
21.69 -0.773856 
21.7 -0.774107 
21.71 -0.774357 
21.72 -0.774607 
21.73 -0.774858 
21.74 -0.775108 
21.75 -0.775358 
21.76 -0.775608 
21.77 -0.775857 
21.78 -0.776107 
21.79 -0.776357 
21.8 -0.776606 
21.81 -0.776855 
21.82 -0.777105 
21.83 -0.777354 
21.84 -0.777603 
21.85 -0.777851 
21.86 -0.7781 
21.87 -0.778349 
21.88 -0.778597 
21.89 -0.778846 
21.9 -0.779094 
21.91 -0.779342 
21.92 -0.77959 
21.93 -0.779838 
21.94 -0.780086 
21.95 -0.780334 
21.96 -0.780581 
21.97 -0.780829 
21.98 -0.781076 
21.99 -0.781324 
22 -0.781571 
22.01 -0.781818 
22.02 -0.782065 
22.03 -0.782312 
22.04 -0.782558 
22.05 -0.782805 
22.06 -0.783051 
22.07 -0.783298 
22.08 -0.783544 
22.09 -0.78379 
22.1 -0.784036 
22.11 -0.784282 
22.12 -0.784528 
22.13 -0.784774 
22.14 -0.785019 
22.15 -0.785265 
22.16 -0.78551 
22.17 -0.785755 
22.18 -0.786 
22.19 -0.786245 
22.2 -0.78649 
22.21 -0.786735 
22.22 -0.78698 
22.23 -0.787224 
22.24 -0.787469 
22.25 -0.787713 
22.26 -0.787958 
22.27 -0.788202 
22.28 -0.788446 
22.29 -0.78869 
22.3 -0.788933 
22.31 -0.789177 
22.32 -0.789421 
22.33 -0.789664 
22.34 -0.789908 
22.35 -0.790151 
22.36 -0.790394 
22.37 -0.790637 
22.38 -0.79088 
22.39 -0.791123 
22.4 -0.791365 
22.41 -0.791608 
22.42 -0.79185 
22.43 -0.792093 
22.44 -0.792335 
22.45 -0.792577 
22.46 -0.792819 
22.47 -0.793061 
22.48 -0.793303 
22.49 -0.793545 
22.5 -0.793786 
22.51 -0.794028 
22.52 -0.794269 
22.53 -0.79451 
22.54 -0.794752 
22.55 -0.794993 
22.56 -0.795234 
22.57 -0.795474 
22.58 -0.795715 
22.59 -0.795956 
22.6 -0.796196 
22.61 -0.796437 
22.62 -0.796677 
22.63 -0.796917 
22.64 -0.797157 
22.65 -0.797397 
22.66 -0.797637 
22.67 -0.797877 
22.68 -0.798116 
22.69 -0.798356 
22.7 -0.798595 
22.71 -0.798834 
22.72 -0.799074 
22.73 -0.799313 
22.74 -0.799552 
22.75 -0.799791 
22.76 -0.800029 
22.77 -0.800268 
22.78 -0.800506 
22.79 -0.800745 
22.8 -0.800983 
22.81 -0.801221 
22.82 -0.801459 
22.83 -0.801697 
22.84 -0.801935 
22.85 -0.802173 
22.86 -0.802411 
22.87 -0.802648 
22.88 -0.802886 
22.89 -0.803123 
22.9 -0.80336 
22.91 -0.803597 
22.92 -0.803834 
22.93 -0.804071 
22.94 -0.804308 
22.95 -0.804545 
22.96 -0.804781 
22.97 -0.805018 
22.98 -0.805254 
22.99 -0.80549 
23 -0.805727 
23.01 -0.805963 
23.02 -0.806199 
23.03 -0.806434 
23.04 -0.80667 
23.05 -0.806906 
23.06 -0.807141 
23.07 -0.807377 
23.08 -0.807612 
23.09 -0.807847 
23.1 -0.808082 
23.11 -0.808317 
23.12 -0.808552 
23.13 -0.808787 
23.14 -0.809021 
23.15 -0.809256 
23.16 -0.80949 
23.17 -0.809725 
23.18 -0.809959 
23.19 -0.810193 
23.2 -0.810427 
23.21 -0.810661 
23.22 -0.810895 
23.23 -0.811128 
23.24 -0.811362 
23.25 -0.811595 
23.26 -0.811829 
23.27 -0.812062 
23.28 -0.812295 
23.29 -0.812528 
23.3 -0.812761 
23.31 -0.812994 
23.32 -0.813227 
23.33 -0.813459 
23.34 -0.813692 
23.35 -0.813924 
23.36 -0.814157 
23.37 -0.814389 
23.38 -0.814621 
23.39 -0.814853 
23.4 -0.815085 
23.41 -0.815317 
23.42 -0.815548 
23.43 -0.81578 
23.44 -0.816011 
23.45 -0.816243 
23.46 -0.816474 
23.47 -0.816705 
23.48 -0.816936 
23.49 -0.817167 
23.5 -0.817398 
23.51 -0.817629 
23.52 -0.817859 
23.53 -0.81809 
23.54 -0.81832 
23.55 -0.81855 
23.56 -0.818781 
23.57 -0.819011 
23.58 -0.819241 
23.59 -0.819471 
23.6 -0.8197 
23.61 -0.81993 
23.62 -0.82016 
23.63 -0.820389 
23.64 -0.820618 
23.65 -0.820848 
23.66 -0.821077 
23.67 -0.821306 
23.68 -0.821535 
23.69 -0.821764 
23.7 -0.821992 
23.71 -0.822221 
23.72 -0.82245 
23.73 -0.822678 
23.74 -0.822906 
23.75 -0.823135 
23.76 -0.823363 
23.77 -0.823591 
23.78 -0.823819 
23.79 -0.824046 
23.8 -0.824274 
23.81 -0.824502 
23.82 -0.824729 
23.83 -0.824956 
23.84 -0.825184 
23.85 -0.825411 
23.86 -0.825638 
23.87 -0.825865 
23.88 -0.826092 
23.89 -0.826319 
23.9 -0.826545 
23.91 -0.826772 
23.92 -0.826998 
23.93 -0.827225 
23.94 -0.827451 
23.95 -0.827677 
23.96 -0.827903 
23.97 -0.828129 
23.98 -0.828355 
23.99 -0.828581 
24 -0.828806 
24.01 -0.829032 
24.02 -0.829257 
24.03 -0.829482 
24.04 -0.829708 
24.05 -0.829933 
24.06 -0.830158 
24.07 -0.830383 
24.08 -0.830607 
24.09 -0.830832 
24.1 -0.831057 
24.11 -0.831281 
24.12 -0.831506 
24.13 -0.83173 
24.14 -0.831954 
24.15 -0.832178 
24.16 -0.832402 
24.17 -0.832626 
24.18 -0.83285 
24.19 -0.833074 
24.2 -0.833297 
24.21 -0.833521 
24.22 -0.833744 
24.23 -0.833967 
24.24 -0.83419 
24.25 -0.834414 
24.26 -0.834637 
24.27 -0.834859 
24.28 -0.835082 
24.29 -0.835305 
24.3 -0.835527 
24.31 -0.83575 
24.32 -0.835972 
24.33 -0.836194 
24.34 -0.836417 
24.35 -0.836639 
24.36 -0.836861 
24.37 -0.837082 
24.38 -0.837304 
24.39 -0.837526 
24.4 -0.837747 
24.41 -0.837969 
24.42 -0.83819 
24.43 -0.838411 
24.44 -0.838633 
24.45 -0.838854 
24.46 -0.839075 
24.47 -0.839295 
24.48 -0.839516 
24.49 -0.839737 
24.5 -0.839957 
24.51 -0.840178 
24.52 -0.840398 
24.53 -0.840618 
24.54 -0.840839 
24.55 -0.841059 
24.56 -0.841279 
24.57 -0.841498 
24.58 -0.841718 
24.59 -0.841938 
24.6 -0.842157 
24.61 -0.842377 
24.62 -0.842596 
24.63 -0.842815 
24.64 -0.843034 
24.65 -0.843253 
24.66 -0.843472 
24.67 -0.843691 
24.68 -0.84391 
24.69 -0.844129 
24.7 -0.844347 
24.71 -0.844566 
24.72 -0.844784 
24.73 -0.845002 
24.74 -0.84522 
24.75 -0.845438 
24.76 -0.845656 
24.77 -0.845874 
24.78 -0.846092 
24.79 -0.84631 
24.8 -0.846527 
24.81 -0.846745 
24.82 -0.846962 
24.83 -0.847179 
24.84 -0.847396 
24.85 -0.847613 
24.86 -0.84783 
24.87 -0.848047 
24.88 -0.848264 
24.89 -0.848481 
24.9 -0.848697 
24.91 -0.848914 
24.92 -0.84913 
24.93 -0.849346 
24.94 -0.849562 
24.95 -0.849778 
24.96 -0.849994 
24.97 -0.85021 
24.98 -0.850426 
24.99 -0.850642 
25 -0.850857 
25.01 -0.851073 
25.02 -0.851288 
25.03 -0.851503 
25.04 -0.851719 
25.05 -0.851934 
25.06 -0.852149 
25.07 -0.852364 
25.08 -0.852578 
25.09 -0.852793 
25.1 -0.853008 
25.11 -0.853222 
25.12 -0.853437 
25.13 -0.853651 
25.14 -0.853865 
25.15 -0.854079 
25.16 -0.854293 
25.17 -0.854507 
25.18 -0.854721 
25.19 -0.854935 
25.2 -0.855148 
25.21 -0.855362 
25.22 -0.855575 
25.23 -0.855789 
25.24 -0.856002 
25.25 -0.856215 
25.26 -0.856428 
25.27 -0.856641 
25.28 -0.856854 
25.29 -0.857066 
25.3 -0.857279 
25.31 -0.857492 
25.32 -0.857704 
25.33 -0.857916 
25.34 -0.858129 
25.35 -0.858341 
25.36 -0.858553 
25.37 -0.858765 
25.38 -0.858977 
25.39 -0.859188 
25.4 -0.8594 
25.41 -0.859612 
25.42 -0.859823 
25.43 -0.860035 
25.44 -0.860246 
25.45 -0.860457 
25.46 -0.860668 
25.47 -0.860879 
25.48 -0.86109 
25.49 -0.861301 
25.5 -0.861512 
25.51 -0.861722 
25.52 -0.861933 
25.53 -0.862143 
25.54 -0.862354 
25.55 -0.862564 
25.56 -0.862774 
25.57 -0.862984 
25.58 -0.863194 
25.59 -0.863404 
25.6 -0.863614 
25.61 -0.863823 
25.62 -0.864033 
25.63 -0.864242 
25.64 -0.864452 
25.65 -0.864661 
25.66 -0.86487 
25.67 -0.865079 
25.68 -0.865288 
25.69 -0.865497 
25.7 -0.865706 
25.71 -0.865915 
25.72 -0.866123 
25.73 -0.866332 
25.74 -0.86654 
25.75 -0.866749 
25.76 -0.866957 
25.77 -0.867165 
25.78 -0.867373 
25.79 -0.867581 
25.8 -0.867789 
25.81 -0.867996 
25.82 -0.868204 
25.83 -0.868412 
25.84 -0.868619 
25.85 -0.868827 
25.86 -0.869034 
25.87 -0.869241 
25.88 -0.869448 
25.89 -0.869655 
25.9 -0.869862 
25.91 -0.870069 
25.92 -0.870276 
25.93 -0.870482 
25.94 -0.870689 
25.95 -0.870895 
25.96 -0.871101 
25.97 -0.871308 
25.98 -0.871514 
25.99 -0.87172 
26 -0.871926 
26.01 -0.872132 
26.02 -0.872338 
26.03 -0.872543 
26.04 -0.872749 
26.05 -0.872954 
26.06 -0.87316 
26.07 -0.873365 
26.08 -0.87357 
26.09 -0.873775 
26.1 -0.87398 
26.11 -0.874185 
26.12 -0.87439 
26.13 -0.874595 
26.14 -0.8748 
26.15 -0.875004 
26.16 -0.875209 
26.17 -0.875413 
26.18 -0.875617 
26.19 -0.875822 
26.2 -0.876026 
26.21 -0.87623 
26.22 -0.876434 
26.23 -0.876637 
26.24 -0.876841 
26.25 -0.877045 
26.26 -0.877248 
26.27 -0.877452 
26.28 -0.877655 
26.29 -0.877858 
26.3 -0.878062 
26.31 -0.878265 
26.32 -0.878468 
26.33 -0.878671 
26.34 -0.878873 
26.35 -0.879076 
26.36 -0.879279 
26.37 -0.879481 
26.38 -0.879684 
26.39 -0.879886 
26.4 -0.880088 
26.41 -0.88029 
26.42 -0.880492 
26.43 -0.880694 
26.44 -0.880896 
26.45 -0.881098 
26.46 -0.8813 
26.47 -0.881501 
26.48 -0.881703 
26.49 -0.881904 
26.5 -0.882106 
26.51 -0.882307 
26.52 -0.882508 
26.53 -0.882709 
26.54 -0.88291 
26.55 -0.883111 
26.56 -0.883312 
26.57 -0.883512 
26.58 -0.883713 
26.59 -0.883913 
26.6 -0.884114 
26.61 -0.884314 
26.62 -0.884514 
26.63 -0.884714 
26.64 -0.884915 
26.65 -0.885114 
26.66 -0.885314 
26.67 -0.885514 
26.68 -0.885714 
26.69 -0.885913 
26.7 -0.886113 
26.71 -0.886312 
26.72 -0.886512 
26.73 -0.886711 
26.74 -0.88691 
26.75 -0.887109 
26.76 -0.887308 
26.77 -0.887507 
26.78 -0.887706 
26.79 -0.887904 
26.8 -0.888103 
26.81 -0.888301 
26.82 -0.8885 
26.83 -0.888698 
26.84 -0.888896 
26.85 -0.889095 
26.86 -0.889293 
26.87 -0.889491 
26.88 -0.889688 
26.89 -0.889886 
26.9 -0.890084 
26.91 -0.890281 
26.92 -0.890479 
26.93 -0.890676 
26.94 -0.890874 
26.95 -0.891071 
26.96 -0.891268 
26.97 -0.891465 
26.98 -0.891662 
26.99 -0.891859 
27 -0.892056 
27.01 -0.892253 
27.02 -0.892449 
27.03 -0.892646 
27.04 -0.892842 
27.05 -0.893038 
27.06 -0.893235 
27.07 -0.893431 
27.08 -0.893627 
27.09 -0.893823 
27.1 -0.894019 
27.11 -0.894215 
27.12 -0.89441 
27.13 -0.894606 
27.14 -0.894801 
27.15 -0.894997 
27.16 -0.895192 
27.17 -0.895388 
27.18 -0.895583 
27.19 -0.895778 
27.2 -0.895973 
27.21 -0.896168 
27.22 -0.896363 
27.23 -0.896557 
27.24 -0.896752 
27.25 -0.896947 
27.26 -0.897141 
27.27 -0.897335 
27.28 -0.89753 
27.29 -0.897724 
27.3 -0.897918 
27.31 -0.898112 
27.32 -0.898306 
27.33 -0.8985 
27.34 -0.898694 
27.35 -0.898887 
27.36 -0.899081 
27.37 -0.899274 
27.38 -0.899468 
27.39 -0.899661 
27.4 -0.899854 
27.41 -0.900047 
27.42 -0.900241 
27.43 -0.900434 
27.44 -0.900626 
27.45 -0.900819 
27.46 -0.901012 
27.47 -0.901205 
27.48 -0.901397 
27.49 -0.90159 
27.5 -0.901782 
27.51 -0.901974 
27.52 -0.902166 
27.53 -0.902358 
27.54 -0.90255 
27.55 -0.902742 
27.56 -0.902934 
27.57 -0.903126 
27.58 -0.903318 
27.59 -0.903509 
27.6 -0.903701 
27.61 -0.903892 
27.62 -0.904083 
27.63 -0.904275 
27.64 -0.904466 
27.65 -0.904657 
27.66 -0.904848 
27.67 -0.905039 
27.68 -0.905229 
27.69 -0.90542 
27.7 -0.905611 
27.71 -0.905801 
27.72 -0.905992 
27.73 -0.906182 
27.74 -0.906372 
27.75 -0.906562 
27.76 -0.906752 
27.77 -0.906942 
27.78 -0.907132 
27.79 -0.907322 
27.8 -0.907512 
27.81 -0.907702 
27.82 -0.907891 
27.83 -0.908081 
27.84 -0.90827 
27.85 -0.908459 
27.86 -0.908649 
27.87 -0.908838 
27.88 -0.909027 
27.89 -0.909216 
27.9 -0.909405 
27.91 -0.909593 
27.92 -0.909782 
27.93 -0.909971 
27.94 -0.910159 
27.95 -0.910348 
27.96 -0.910536 
27.97 -0.910724 
27.98 -0.910913 
27.99 -0.911101 
28 -0.911289 
28.01 -0.911477 
28.02 -0.911665 
28.03 -0.911852 
28.04 -0.91204 
28.05 -0.912228 
28.06 -0.912415 
28.07 -0.912602 
28.08 -0.91279 
28.09 -0.912977 
28.1 -0.913164 
28.11 -0.913351 
28.12 -0.913538 
28.13 -0.913725 
28.14 -0.913912 
28.15 -0.914099 
28.16 -0.914285 
28.17 -0.914472 
28.18 -0.914659 
28.19 -0.914845 
28.2 -0.915031 
28.21 -0.915217 
28.22 -0.915404 
28.23 -0.91559 
28.24 -0.915776 
28.25 -0.915962 
28.26 -0.916147 
28.27 -0.916333 
28.28 -0.916519 
28.29 -0.916704 
28.3 -0.91689 
28.31 -0.917075 
28.32 -0.91726 
28.33 -0.917446 
28.34 -0.917631 
28.35 -0.917816 
28.36 -0.918001 
28.37 -0.918186 
28.38 -0.91837 
28.39 -0.918555 
28.4 -0.91874 
28.41 -0.918924 
28.42 -0.919109 
28.43 -0.919293 
28.44 -0.919477 
28.45 -0.919662 
28.46 -0.919846 
28.47 -0.92003 
28.48 -0.920214 
28.49 -0.920398 
28.5 -0.920581 
28.51 -0.920765 
28.52 -0.920949 
28.53 -0.921132 
28.54 -0.921316 
28.55 -0.921499 
28.56 -0.921682 
28.57 -0.921866 
28.58 -0.922049 
28.59 -0.922232 
28.6 -0.922415 
28.61 -0.922598 
28.62 -0.92278 
28.63 -0.922963 
28.64 -0.923146 
28.65 -0.923328 
28.66 -0.923511 
28.67 -0.923693 
28.68 -0.923875 
28.69 -0.924057 
28.7 -0.92424 
28.71 -0.924422 
28.72 -0.924604 
28.73 -0.924785 
28.74 -0.924967 
28.75 -0.925149 
28.76 -0.925331 
28.77 -0.925512 
28.78 -0.925694 
28.79 -0.925875 
28.8 -0.926056 
28.81 -0.926237 
28.82 -0.926419 
28.83 -0.9266 
28.84 -0.926781 
28.85 -0.926961 
28.86 -0.927142 
28.87 -0.927323 
28.88 -0.927504 
28.89 -0.927684 
28.9 -0.927865 
28.91 -0.928045 
28.92 -0.928225 
28.93 -0.928405 
28.94 -0.928586 
28.95 -0.928766 
28.96 -0.928946 
28.97 -0.929125 
28.98 -0.929305 
28.99 -0.929485 
29 -0.929665 
29.01 -0.929844 
29.02 -0.930024 
29.03 -0.930203 
29.04 -0.930382 
29.05 -0.930562 
29.06 -0.930741 
29.07 -0.93092 
29.08 -0.931099 
29.09 -0.931278 
29.1 -0.931457 
29.11 -0.931635 
29.12 -0.931814 
29.13 -0.931993 
29.14 -0.932171 
29.15 -0.93235 
29.16 -0.932528 
29.17 -0.932706 
29.18 -0.932884 
29.19 -0.933062 
29.2 -0.93324 
29.21 -0.933418 
29.22 -0.933596 
29.23 -0.933774 
29.24 -0.933952 
29.25 -0.934129 
29.26 -0.934307 
29.27 -0.934484 
29.28 -0.934662 
29.29 -0.934839 
29.3 -0.935016 
29.31 -0.935193 
29.32 -0.93537 
29.33 -0.935547 
29.34 -0.935724 
29.35 -0.935901 
29.36 -0.936078 
29.37 -0.936254 
29.38 -0.936431 
29.39 -0.936607 
29.4 -0.936784 
29.41 -0.93696 
29.42 -0.937136 
29.43 -0.937312 
29.44 -0.937488 
29.45 -0.937665 
29.46 -0.93784 
29.47 -0.938016 
29.48 -0.938192 
29.49 -0.938368 
29.5 -0.938543 
29.51 -0.938719 
29.52 -0.938894 
29.53 -0.93907 
29.54 -0.939245 
29.55 -0.93942 
29.56 -0.939595 
29.57 -0.93977 
29.58 -0.939945 
29.59 -0.94012 
29.6 -0.940295 
29.61 -0.94047 
29.62 -0.940644 
29.63 -0.940819 
29.64 -0.940993 
29.65 -0.941168 
29.66 -0.941342 
29.67 -0.941516 
29.68 -0.94169 
29.69 -0.941864 
29.7 -0.942038 
29.71 -0.942212 
29.72 -0.942386 
29.73 -0.94256 
29.74 -0.942734 
29.75 -0.942907 
29.76 -0.943081 
29.77 -0.943254 
29.78 -0.943428 
29.79 -0.943601 
29.8 -0.943774 
29.81 -0.943947 
29.82 -0.94412 
29.83 -0.944293 
29.84 -0.944466 
29.85 -0.944639 
29.86 -0.944812 
29.87 -0.944984 
29.88 -0.945157 
29.89 -0.945329 
29.9 -0.945502 
29.91 -0.945674 
29.92 -0.945847 
29.93 -0.946019 
29.94 -0.946191 
29.95 -0.946363 
29.96 -0.946535 
29.97 -0.946707 
29.98 -0.946878 
29.99 -0.94705 
30 -0.947222 
30.01 -0.947393 
30.02 -0.947565 
30.03 -0.947736 
30.04 -0.947908 
30.05 -0.948079 
30.06 -0.94825 
30.07 -0.948421 
30.08 -0.948592 
30.09 -0.948763 
30.1 -0.948934 
30.11 -0.949105 
30.12 -0.949275 
30.13 -0.949446 
30.14 -0.949617 
30.15 -0.949787 
30.16 -0.949957 
30.17 -0.950128 
30.18 -0.950298 
30.19 -0.950468 
30.2 -0.950638 
30.21 -0.950808 
30.22 -0.950978 
30.23 -0.951148 
30.24 -0.951318 
30.25 -0.951487 
30.26 -0.951657 
30.27 -0.951827 
30.28 -0.951996 
30.29 -0.952165 
30.3 -0.952335 
30.31 -0.952504 
30.32 -0.952673 
30.33 -0.952842 
30.34 -0.953011 
30.35 -0.95318 
30.36 -0.953349 
30.37 -0.953518 
30.38 -0.953687 
30.39 -0.953855 
30.4 -0.954024 
30.41 -0.954192 
30.42 -0.954361 
30.43 -0.954529 
30.44 -0.954697 
30.45 -0.954865 
30.46 -0.955033 
30.47 -0.955201 
30.48 -0.955369 
30.49 -0.955537 
30.5 -0.955705 
30.51 -0.955873 
30.52 -0.95604 
30.53 -0.956208 
30.54 -0.956375 
30.55 -0.956543 
30.56 -0.95671 
30.57 -0.956877 
30.58 -0.957044 
30.59 -0.957211 
30.6 -0.957378 
30.61 -0.957545 
30.62 -0.957712 
30.63 -0.957879 
30.64 -0.958046 
30.65 -0.958212 
30.66 -0.958379 
30.67 -0.958545 
30.68 -0.958712 
30.69 -0.958878 
30.7 -0.959044 
30.71 -0.95921 
30.72 -0.959377 
30.73 -0.959543 
30.74 -0.959709 
30.75 -0.959874 
30.76 -0.96004 
30.77 -0.960206 
30.78 -0.960372 
30.79 -0.960537 
30.8 -0.960703 
30.81 -0.960868 
30.82 -0.961033 
30.83 -0.961199 
30.84 -0.961364 
30.85 -0.961529 
30.86 -0.961694 
30.87 -0.961859 
30.88 -0.962024 
30.89 -0.962189 
30.9 -0.962353 
30.91 -0.962518 
30.92 -0.962683 
30.93 -0.962847 
30.94 -0.963012 
30.95 -0.963176 
30.96 -0.96334 
30.97 -0.963504 
30.98 -0.963669 
30.99 -0.963833 
31 -0.963997 
31.01 -0.964161 
31.02 -0.964324 
31.03 -0.964488 
31.04 -0.964652 
31.05 -0.964816 
31.06 -0.964979 
31.07 -0.965143 
31.08 -0.965306 
31.09 -0.965469 
31.1 -0.965632 
31.11 -0.965796 
31.12 -0.965959 
31.13 -0.966122 
31.14 -0.966285 
31.15 -0.966448 
31.16 -0.96661 
31.17 -0.966773 
31.18 -0.966936 
31.19 -0.967098 
31.2 -0.967261 
31.21 -0.967423 
31.22 -0.967586 
31.23 -0.967748 
31.24 -0.96791 
31.25 -0.968072 
31.26 -0.968234 
31.27 -0.968396 
31.28 -0.968558 
31.29 -0.96872 
31.3 -0.968882 
31.31 -0.969044 
31.32 -0.969205 
31.33 -0.969367 
31.34 -0.969528 
31.35 -0.96969 
31.36 -0.969851 
31.37 -0.970012 
31.38 -0.970173 
31.39 -0.970334 
31.4 -0.970495 
31.41 -0.970656 
31.42 -0.970817 
31.43 -0.970978 
31.44 -0.971139 
31.45 -0.971299 
31.46 -0.97146 
31.47 -0.971621 
31.48 -0.971781 
31.49 -0.971941 
31.5 -0.972102 
31.51 -0.972262 
31.52 -0.972422 
31.53 -0.972582 
31.54 -0.972742 
31.55 -0.972902 
31.56 -0.973062 
31.57 -0.973222 
31.58 -0.973381 
31.59 -0.973541 
31.6 -0.973701 
31.61 -0.97386 
31.62 -0.97402 
31.63 -0.974179 
31.64 -0.974338 
31.65 -0.974497 
31.66 -0.974657 
31.67 -0.974816 
31.68 -0.974975 
31.69 -0.975133 
31.7 -0.975292 
31.71 -0.975451 
31.72 -0.97561 
31.73 -0.975768 
31.74 -0.975927 
31.75 -0.976085 
31.76 -0.976244 
31.77 -0.976402 
31.78 -0.97656 
31.79 -0.976719 
31.8 -0.976877 
31.81 -0.977035 
31.82 -0.977193 
31.83 -0.977351 
31.84 -0.977509 
31.85 -0.977666 
31.86 -0.977824 
31.87 -0.977982 
31.88 -0.978139 
31.89 -0.978297 
31.9 -0.978454 
31.91 -0.978611 
31.92 -0.978769 
31.93 -0.978926 
31.94 -0.979083 
31.95 -0.97924 
31.96 -0.979397 
31.97 -0.979554 
31.98 -0.979711 
31.99 -0.979867 
32 -0.980024 
32.01 -0.980181 
32.02 -0.980337 
32.03 -0.980494 
32.04 -0.98065 
32.05 -0.980806 
32.06 -0.980963 
32.07 -0.981119 
32.08 -0.981275 
32.09 -0.981431 
32.1 -0.981587 
32.11 -0.981743 
32.12 -0.981899 
32.13 -0.982055 
32.14 -0.98221 
32.15 -0.982366 
32.16 -0.982521 
32.17 -0.982677 
32.18 -0.982832 
32.19 -0.982988 
32.2 -0.983143 
32.21 -0.983298 
32.22 -0.983453 
32.23 -0.983608 
32.24 -0.983763 
32.25 -0.983918 
32.26 -0.984073 
32.27 -0.984228 
32.28 -0.984382 
32.29 -0.984537 
32.3 -0.984692 
32.31 -0.984846 
32.32 -0.985 
32.33 -0.985155 
32.34 -0.985309 
32.35 -0.985463 
32.36 -0.985617 
32.37 -0.985771 
32.38 -0.985925 
32.39 -0.986079 
32.4 -0.986233 
32.41 -0.986387 
32.42 -0.986541 
32.43 -0.986694 
32.44 -0.986848 
32.45 -0.987001 
32.46 -0.987155 
32.47 -0.987308 
32.48 -0.987462 
32.49 -0.987615 
32.5 -0.987768 
32.51 -0.987921 
32.52 -0.988074 
32.53 -0.988227 
32.54 -0.98838 
32.55 -0.988533 
32.56 -0.988685 
32.57 -0.988838 
32.58 -0.988991 
32.59 -0.989143 
32.6 -0.989296 
32.61 -0.989448 
32.62 -0.9896 
32.63 -0.989753 
32.64 -0.989905 
32.65 -0.990057 
32.66 -0.990209 
32.67 -0.990361 
32.68 -0.990513 
32.69 -0.990665 
32.7 -0.990816 
32.71 -0.990968 
32.72 -0.99112 
32.73 -0.991271 
32.74 -0.991423 
32.75 -0.991574 
32.76 -0.991726 
32.77 -0.991877 
32.78 -0.992028 
32.79 -0.992179 
32.8 -0.99233 
32.81 -0.992481 
32.82 -0.992632 
32.83 -0.992783 
32.84 -0.992934 
32.85 -0.993085 
32.86 -0.993235 
32.87 -0.993386 
32.88 -0.993536 
32.89 -0.993687 
32.9 -0.993837 
32.91 -0.993988 
32.92 -0.994138 
32.93 -0.994288 
32.94 -0.994438 
32.95 -0.994588 
32.96 -0.994738 
32.97 -0.994888 
32.98 -0.995038 
32.99 -0.995188 
33 -0.995337 
33.01 -0.995487 
33.02 -0.995637 
33.03 -0.995786 
33.04 -0.995935 
33.05 -0.996085 
33.06 -0.996234 
33.07 -0.996383 
33.08 -0.996532 
33.09 -0.996682 
33.1 -0.996831 
33.11 -0.99698 
33.12 -0.997128 
33.13 -0.997277 
33.14 -0.997426 
33.15 -0.997575 
33.16 -0.997723 
33.17 -0.997872 
33.18 -0.99802 
33.19 -0.998169 
33.2 -0.998317 
33.21 -0.998465 
33.22 -0.998614 
33.23 -0.998762 
33.24 -0.99891 
33.25 -0.999058 
33.26 -0.999206 
33.27 -0.999354 
33.28 -0.999501 
33.29 -0.999649 
33.3 -0.999797 
33.31 -0.999944 
33.32 -1.00009 
33.33 -1.00024 
33.34 -1.00039 
33.35 -1.00053 
33.36 -1.00068 
33.37 -1.00083 
33.38 -1.00098 
33.39 -1.00112 
33.4 -1.00127 
33.41 -1.00142 
33.42 -1.00156 
33.43 -1.00171 
33.44 -1.00186 
33.45 -1.002 
33.46 -1.00215 
33.47 -1.0023 
33.48 -1.00244 
33.49 -1.00259 
33.5 -1.00274 
33.51 -1.00288 
33.52 -1.00303 
33.53 -1.00317 
33.54 -1.00332 
33.55 -1.00347 
33.56 -1.00361 
33.57 -1.00376 
33.58 -1.0039 
33.59 -1.00405 
33.6 -1.0042 
33.61 -1.00434 
33.62 -1.00449 
33.63 -1.00463 
33.64 -1.00478 
33.65 -1.00492 
33.66 -1.00507 
33.67 -1.00521 
33.68 -1.00536 
33.69 -1.0055 
33.7 -1.00565 
33.71 -1.00579 
33.72 -1.00594 
33.73 -1.00608 
33.74 -1.00623 
33.75 -1.00637 
33.76 -1.00652 
33.77 -1.00666 
33.78 -1.00681 
33.79 -1.00695 
33.8 -1.0071 
33.81 -1.00724 
33.82 -1.00738 
33.83 -1.00753 
33.84 -1.00767 
33.85 -1.00782 
33.86 -1.00796 
33.87 -1.0081 
33.88 -1.00825 
33.89 -1.00839 
33.9 -1.00854 
33.91 -1.00868 
33.92 -1.00882 
33.93 -1.00897 
33.94 -1.00911 
33.95 -1.00925 
33.96 -1.0094 
33.97 -1.00954 
33.98 -1.00968 
33.99 -1.00983 
34 -1.00997 
34.01 -1.01011 
34.02 -1.01025 
34.03 -1.0104 
34.04 -1.01054 
34.05 -1.01068 
34.06 -1.01083 
34.07 -1.01097 
34.08 -1.01111 
34.09 -1.01125 
34.1 -1.01139 
34.11 -1.01154 
34.12 -1.01168 
34.13 -1.01182 
34.14 -1.01196 
34.15 -1.01211 
34.16 -1.01225 
34.17 -1.01239 
34.18 -1.01253 
34.19 -1.01267 
34.2 -1.01282 
34.21 -1.01296 
34.22 -1.0131 
34.23 -1.01324 
34.24 -1.01338 
34.25 -1.01352 
34.26 -1.01366 
34.27 -1.01381 
34.28 -1.01395 
34.29 -1.01409 
34.3 -1.01423 
34.31 -1.01437 
34.32 -1.01451 
34.33 -1.01465 
34.34 -1.01479 
34.35 -1.01493 
34.36 -1.01507 
34.37 -1.01521 
34.38 -1.01536 
34.39 -1.0155 
34.4 -1.01564 
34.41 -1.01578 
34.42 -1.01592 
34.43 -1.01606 
34.44 -1.0162 
34.45 -1.01634 
34.46 -1.01648 
34.47 -1.01662 
34.48 -1.01676 
34.49 -1.0169 
34.5 -1.01704 
34.51 -1.01718 
34.52 -1.01732 
34.53 -1.01746 
34.54 -1.0176 
34.55 -1.01774 
34.56 -1.01787 
34.57 -1.01801 
34.58 -1.01815 
34.59 -1.01829 
34.6 -1.01843 
34.61 -1.01857 
34.62 -1.01871 
34.63 -1.01885 
34.64 -1.01899 
34.65 -1.01913 
34.66 -1.01927 
34.67 -1.0194 
34.68 -1.01954 
34.69 -1.01968 
34.7 -1.01982 
34.71 -1.01996 
34.72 -1.0201 
34.73 -1.02024 
34.74 -1.02037 
34.75 -1.02051 
34.76 -1.02065 
34.77 -1.02079 
34.78 -1.02093 
34.79 -1.02106 
34.8 -1.0212 
34.81 -1.02134 
34.82 -1.02148 
34.83 -1.02162 
34.84 -1.02175 
34.85 -1.02189 
34.86 -1.02203 
34.87 -1.02217 
34.88 -1.0223 
34.89 -1.02244 
34.9 -1.02258 
34.91 -1.02272 
34.92 -1.02285 
34.93 -1.02299 
34.94 -1.02313 
34.95 -1.02326 
34.96 -1.0234 
34.97 -1.02354 
34.98 -1.02367 
34.99 -1.02381 
35 -1.02395 
35.01 -1.02408 
35.02 -1.02422 
35.03 -1.02436 
35.04 -1.02449 
35.05 -1.02463 
35.06 -1.02477 
35.07 -1.0249 
35.08 -1.02504 
35.09 -1.02517 
35.1 -1.02531 
35.11 -1.02545 
35.12 -1.02558 
35.13 -1.02572 
35.14 -1.02585 
35.15 -1.02599 
35.16 -1.02613 
35.17 -1.02626 
35.18 -1.0264 
35.19 -1.02653 
35.2 -1.02667 
35.21 -1.0268 
35.22 -1.02694 
35.23 -1.02707 
35.24 -1.02721 
35.25 -1.02734 
35.26 -1.02748 
35.27 -1.02761 
35.28 -1.02775 
35.29 -1.02788 
35.3 -1.02802 
35.31 -1.02815 
35.32 -1.02829 
35.33 -1.02842 
35.34 -1.02856 
35.35 -1.02869 
35.36 -1.02883 
35.37 -1.02896 
35.38 -1.02909 
35.39 -1.02923 
35.4 -1.02936 
35.41 -1.0295 
35.42 -1.02963 
35.43 -1.02977 
35.44 -1.0299 
35.45 -1.03003 
35.46 -1.03017 
35.47 -1.0303 
35.48 -1.03043 
35.49 -1.03057 
35.5 -1.0307 
35.51 -1.03084 
35.52 -1.03097 
35.53 -1.0311 
35.54 -1.03124 
35.55 -1.03137 
35.56 -1.0315 
35.57 -1.03163 
35.58 -1.03177 
35.59 -1.0319 
35.6 -1.03203 
35.61 -1.03217 
35.62 -1.0323 
35.63 -1.03243 
35.64 -1.03257 
35.65 -1.0327 
35.66 -1.03283 
35.67 -1.03296 
35.68 -1.0331 
35.69 -1.03323 
35.7 -1.03336 
35.71 -1.03349 
35.72 -1.03362 
35.73 -1.03376 
35.74 -1.03389 
35.75 -1.03402 
35.76 -1.03415 
35.77 -1.03429 
35.78 -1.03442 
35.79 -1.03455 
35.8 -1.03468 
35.81 -1.03481 
35.82 -1.03494 
35.83 -1.03508 
35.84 -1.03521 
35.85 -1.03534 
35.86 -1.03547 
35.87 -1.0356 
35.88 -1.03573 
35.89 -1.03586 
35.9 -1.036 
35.91 -1.03613 
35.92 -1.03626 
35.93 -1.03639 
35.94 -1.03652 
35.95 -1.03665 
35.96 -1.03678 
35.97 -1.03691 
35.98 -1.03704 
35.99 -1.03717 
36 -1.0373 
36.01 -1.03743 
36.02 -1.03756 
36.03 -1.03769 
36.04 -1.03783 
36.05 -1.03796 
36.06 -1.03809 
36.07 -1.03822 
36.08 -1.03835 
36.09 -1.03848 
36.1 -1.03861 
36.11 -1.03874 
36.12 -1.03887 
36.13 -1.039 
36.14 -1.03913 
36.15 -1.03925 
36.16 -1.03938 
36.17 -1.03951 
36.18 -1.03964 
36.19 -1.03977 
36.2 -1.0399 
36.21 -1.04003 
36.22 -1.04016 
36.23 -1.04029 
36.24 -1.04042 
36.25 -1.04055 
36.26 -1.04068 
36.27 -1.04081 
36.28 -1.04094 
36.29 -1.04106 
36.3 -1.04119 
36.31 -1.04132 
36.32 -1.04145 
36.33 -1.04158 
36.34 -1.04171 
36.35 -1.04184 
36.36 -1.04196 
36.37 -1.04209 
36.38 -1.04222 
36.39 -1.04235 
36.4 -1.04248 
36.41 -1.04261 
36.42 -1.04273 
36.43 -1.04286 
36.44 -1.04299 
36.45 -1.04312 
36.46 -1.04325 
36.47 -1.04337 
36.48 -1.0435 
36.49 -1.04363 
36.5 -1.04376 
36.51 -1.04388 
36.52 -1.04401 
36.53 -1.04414 
36.54 -1.04427 
36.55 -1.04439 
36.56 -1.04452 
36.57 -1.04465 
36.58 -1.04478 
36.59 -1.0449 
36.6 -1.04503 
36.61 -1.04516 
36.62 -1.04528 
36.63 -1.04541 
36.64 -1.04554 
36.65 -1.04566 
36.66 -1.04579 
36.67 -1.04592 
36.68 -1.04604 
36.69 -1.04617 
36.7 -1.0463 
36.71 -1.04642 
36.72 -1.04655 
36.73 -1.04668 
36.74 -1.0468 
36.75 -1.04693 
36.76 -1.04705 
36.77 -1.04718 
36.78 -1.04731 
36.79 -1.04743 
36.8 -1.04756 
36.81 -1.04768 
36.82 -1.04781 
36.83 -1.04794 
36.84 -1.04806 
36.85 -1.04819 
36.86 -1.04831 
36.87 -1.04844 
36.88 -1.04856 
36.89 -1.04869 
36.9 -1.04881 
36.91 -1.04894 
36.92 -1.04906 
36.93 -1.04919 
36.94 -1.04932 
36.95 -1.04944 
36.96 -1.04957 
36.97 -1.04969 
36.98 -1.04981 
36.99 -1.04994 
37 -1.05006 
37.01 -1.05019 
37.02 -1.05031 
37.03 -1.05044 
37.04 -1.05056 
37.05 -1.05069 
37.06 -1.05081 
37.07 -1.05094 
37.08 -1.05106 
37.09 -1.05118 
37.1 -1.05131 
37.11 -1.05143 
37.12 -1.05156 
37.13 -1.05168 
37.14 -1.05181 
37.15 -1.05193 
37.16 -1.05205 
37.17 -1.05218 
37.18 -1.0523 
37.19 -1.05242 
37.2 -1.05255 
37.21 -1.05267 
37.22 -1.05279 
37.23 -1.05292 
37.24 -1.05304 
37.25 -1.05316 
37.26 -1.05329 
37.27 -1.05341 
37.28 -1.05353 
37.29 -1.05366 
37.3 -1.05378 
37.31 -1.0539 
37.32 -1.05403 
37.33 -1.05415 
37.34 -1.05427 
37.35 -1.0544 
37.36 -1.05452 
37.37 -1.05464 
37.38 -1.05476 
37.39 -1.05489 
37.4 -1.05501 
37.41 -1.05513 
37.42 -1.05525 
37.43 -1.05538 
37.44 -1.0555 
37.45 -1.05562 
37.46 -1.05574 
37.47 -1.05586 
37.48 -1.05599 
37.49 -1.05611 
37.5 -1.05623 
37.51 -1.05635 
37.52 -1.05647 
37.53 -1.0566 
37.54 -1.05672 
37.55 -1.05684 
37.56 -1.05696 
37.57 -1.05708 
37.58 -1.0572 
37.59 -1.05733 
37.6 -1.05745 
37.61 -1.05757 
37.62 -1.05769 
37.63 -1.05781 
37.64 -1.05793 
37.65 -1.05805 
37.66 -1.05817 
37.67 -1.05829 
37.68 -1.05842 
37.69 -1.05854 
37.7 -1.05866 
37.71 -1.05878 
37.72 -1.0589 
37.73 -1.05902 
37.74 -1.05914 
37.75 -1.05926 
37.76 -1.05938 
37.77 -1.0595 
37.78 -1.05962 
37.79 -1.05974 
37.8 -1.05986 
37.81 -1.05998 
37.82 -1.0601 
37.83 -1.06022 
37.84 -1.06034 
37.85 -1.06046 
37.86 -1.06058 
37.87 -1.0607 
37.88 -1.06082 
37.89 -1.06094 
37.9 -1.06106 
37.91 -1.06118 
37.92 -1.0613 
37.93 -1.06142 
37.94 -1.06154 
37.95 -1.06166 
37.96 -1.06178 
37.97 -1.0619 
37.98 -1.06202 
37.99 -1.06214 
38 -1.06226 
38.01 -1.06238 
38.02 -1.0625 
38.03 -1.06261 
38.04 -1.06273 
38.05 -1.06285 
38.06 -1.06297 
38.07 -1.06309 
38.08 -1.06321 
38.09 -1.06333 
38.1 -1.06345 
38.11 -1.06356 
38.12 -1.06368 
38.13 -1.0638 
38.14 -1.06392 
38.15 -1.06404 
38.16 -1.06416 
38.17 -1.06427 
38.18 -1.06439 
38.19 -1.06451 
38.2 -1.06463 
38.21 -1.06475 
38.22 -1.06487 
38.23 -1.06498 
38.24 -1.0651 
38.25 -1.06522 
38.26 -1.06534 
38.27 -1.06545 
38.28 -1.06557 
38.29 -1.06569 
38.3 -1.06581 
38.31 -1.06593 
38.32 -1.06604 
38.33 -1.06616 
38.34 -1.06628 
38.35 -1.06639 
38.36 -1.06651 
38.37 -1.06663 
38.38 -1.06675 
38.39 -1.06686 
38.4 -1.06698 
38.41 -1.0671 
38.42 -1.06721 
38.43 -1.06733 
38.44 -1.06745 
38.45 -1.06756 
38.46 -1.06768 
38.47 -1.0678 
38.48 -1.06791 
38.49 -1.06803 
38.5 -1.06815 
38.51 -1.06826 
38.52 -1.06838 
38.53 -1.0685 
38.54 -1.06861 
38.55 -1.06873 
38.56 -1.06885 
38.57 -1.06896 
38.58 -1.06908 
38.59 -1.06919 
38.6 -1.06931 
38.61 -1.06943 
38.62 -1.06954 
38.63 -1.06966 
38.64 -1.06977 
38.65 -1.06989 
38.66 -1.07 
38.67 -1.07012 
38.68 -1.07024 
38.69 -1.07035 
38.7 -1.07047 
38.71 -1.07058 
38.72 -1.0707 
38.73 -1.07081 
38.74 -1.07093 
38.75 -1.07104 
38.76 -1.07116 
38.77 -1.07127 
38.78 -1.07139 
38.79 -1.0715 
38.8 -1.07162 
38.81 -1.07173 
38.82 -1.07185 
38.83 -1.07196 
38.84 -1.07208 
38.85 -1.07219 
38.86 -1.07231 
38.87 -1.07242 
38.88 -1.07254 
38.89 -1.07265 
38.9 -1.07276 
38.91 -1.07288 
38.92 -1.07299 
38.93 -1.07311 
38.94 -1.07322 
38.95 -1.07334 
38.96 -1.07345 
38.97 -1.07356 
38.98 -1.07368 
38.99 -1.07379 
39 -1.07391 
39.01 -1.07402 
39.02 -1.07413 
39.03 -1.07425 
39.04 -1.07436 
39.05 -1.07447 
39.06 -1.07459 
39.07 -1.0747 
39.08 -1.07482 
39.09 -1.07493 
39.1 -1.07504 
39.11 -1.07516 
39.12 -1.07527 
39.13 -1.07538 
39.14 -1.0755 
39.15 -1.07561 
39.16 -1.07572 
39.17 -1.07583 
39.18 -1.07595 
39.19 -1.07606 
39.2 -1.07617 
39.21 -1.07629 
39.22 -1.0764 
39.23 -1.07651 
39.24 -1.07662 
39.25 -1.07674 
39.26 -1.07685 
39.27 -1.07696 
39.28 -1.07707 
39.29 -1.07719 
39.3 -1.0773 
39.31 -1.07741 
39.32 -1.07752 
39.33 -1.07764 
39.34 -1.07775 
39.35 -1.07786 
39.36 -1.07797 
39.37 -1.07808 
39.38 -1.0782 
39.39 -1.07831 
39.4 -1.07842 
39.41 -1.07853 
39.42 -1.07864 
39.43 -1.07875 
39.44 -1.07887 
39.45 -1.07898 
39.46 -1.07909 
39.47 -1.0792 
39.48 -1.07931 
39.49 -1.07942 
39.5 -1.07953 
39.51 -1.07965 
39.52 -1.07976 
39.53 -1.07987 
39.54 -1.07998 
39.55 -1.08009 
39.56 -1.0802 
39.57 -1.08031 
39.58 -1.08042 
39.59 -1.08053 
39.6 -1.08064 
39.61 -1.08076 
39.62 -1.08087 
39.63 -1.08098 
39.64 -1.08109 
39.65 -1.0812 
39.66 -1.08131 
39.67 -1.08142 
39.68 -1.08153 
39.69 -1.08164 
39.7 -1.08175 
39.71 -1.08186 
39.72 -1.08197 
39.73 -1.08208 
39.74 -1.08219 
39.75 -1.0823 
39.76 -1.08241 
39.77 -1.08252 
39.78 -1.08263 
39.79 -1.08274 
39.8 -1.08285 
39.81 -1.08296 
39.82 -1.08307 
39.83 -1.08318 
39.84 -1.08329 
39.85 -1.0834 
39.86 -1.08351 
39.87 -1.08362 
39.88 -1.08373 
39.89 -1.08384 
39.9 -1.08395 
39.91 -1.08406 
39.92 -1.08416 
39.93 -1.08427 
39.94 -1.08438 
39.95 -1.08449 
39.96 -1.0846 
39.97 -1.08471 
39.98 -1.08482 
39.99 -1.08493 
40 -1.08504 
40.01 -1.08514 
40.02 -1.08525 
40.03 -1.08536 
40.04 -1.08547 
40.05 -1.08558 
40.06 -1.08569 
40.07 -1.0858 
40.08 -1.0859 
40.09 -1.08601 
40.1 -1.08612 
40.11 -1.08623 
40.12 -1.08634 
40.13 -1.08645 
40.14 -1.08655 
40.15 -1.08666 
40.16 -1.08677 
40.17 -1.08688 
40.18 -1.08699 
40.19 -1.08709 
40.2 -1.0872 
40.21 -1.08731 
40.22 -1.08742 
40.23 -1.08753 
40.24 -1.08763 
40.25 -1.08774 
40.26 -1.08785 
40.27 -1.08796 
40.28 -1.08806 
40.29 -1.08817 
40.3 -1.08828 
40.31 -1.08838 
40.32 -1.08849 
40.33 -1.0886 
40.34 -1.08871 
40.35 -1.08881 
40.36 -1.08892 
40.37 -1.08903 
40.38 -1.08913 
40.39 -1.08924 
40.4 -1.08935 
40.41 -1.08945 
40.42 -1.08956 
40.43 -1.08967 
40.44 -1.08977 
40.45 -1.08988 
40.46 -1.08999 
40.47 -1.09009 
40.48 -1.0902 
40.49 -1.09031 
40.5 -1.09041 
40.51 -1.09052 
40.52 -1.09063 
40.53 -1.09073 
40.54 -1.09084 
40.55 -1.09094 
40.56 -1.09105 
40.57 -1.09116 
40.58 -1.09126 
40.59 -1.09137 
40.6 -1.09147 
40.61 -1.09158 
40.62 -1.09169 
40.63 -1.09179 
40.64 -1.0919 
40.65 -1.092 
40.66 -1.09211 
40.67 -1.09221 
40.68 -1.09232 
40.69 -1.09243 
40.7 -1.09253 
40.71 -1.09264 
40.72 -1.09274 
40.73 -1.09285 
40.74 -1.09295 
40.75 -1.09306 
40.76 -1.09316 
40.77 -1.09327 
40.78 -1.09337 
40.79 -1.09348 
40.8 -1.09358 
40.81 -1.09369 
40.82 -1.09379 
40.83 -1.0939 
40.84 -1.094 
40.85 -1.09411 
40.86 -1.09421 
40.87 -1.09432 
40.88 -1.09442 
40.89 -1.09452 
40.9 -1.09463 
40.91 -1.09473 
40.92 -1.09484 
40.93 -1.09494 
40.94 -1.09505 
40.95 -1.09515 
40.96 -1.09525 
40.97 -1.09536 
40.98 -1.09546 
40.99 -1.09557 
41 -1.09567 
41.01 -1.09577 
41.02 -1.09588 
41.03 -1.09598 
41.04 -1.09609 
41.05 -1.09619 
41.06 -1.09629 
41.07 -1.0964 
41.08 -1.0965 
41.09 -1.0966 
41.1 -1.09671 
41.11 -1.09681 
41.12 -1.09691 
41.13 -1.09702 
41.14 -1.09712 
41.15 -1.09722 
41.16 -1.09733 
41.17 -1.09743 
41.18 -1.09753 
41.19 -1.09764 
41.2 -1.09774 
41.21 -1.09784 
41.22 -1.09795 
41.23 -1.09805 
41.24 -1.09815 
41.25 -1.09825 
41.26 -1.09836 
41.27 -1.09846 
41.28 -1.09856 
41.29 -1.09866 
41.3 -1.09877 
41.31 -1.09887 
41.32 -1.09897 
41.33 -1.09907 
41.34 -1.09918 
41.35 -1.09928 
41.36 -1.09938 
41.37 -1.09948 
41.38 -1.09959 
41.39 -1.09969 
41.4 -1.09979 
41.41 -1.09989 
41.42 -1.09999 
41.43 -1.1001 
41.44 -1.1002 
41.45 -1.1003 
41.46 -1.1004 
41.47 -1.1005 
41.48 -1.10061 
41.49 -1.10071 
41.5 -1.10081 
41.51 -1.10091 
41.52 -1.10101 
41.53 -1.10111 
41.54 -1.10121 
41.55 -1.10132 
41.56 -1.10142 
41.57 -1.10152 
41.58 -1.10162 
41.59 -1.10172 
41.6 -1.10182 
41.61 -1.10192 
41.62 -1.10202 
41.63 -1.10213 
41.64 -1.10223 
41.65 -1.10233 
41.66 -1.10243 
41.67 -1.10253 
41.68 -1.10263 
41.69 -1.10273 
41.7 -1.10283 
41.71 -1.10293 
41.72 -1.10303 
41.73 -1.10313 
41.74 -1.10323 
41.75 -1.10333 
41.76 -1.10343 
41.77 -1.10353 
41.78 -1.10363 
41.79 -1.10374 
41.8 -1.10384 
41.81 -1.10394 
41.82 -1.10404 
41.83 -1.10414 
41.84 -1.10424 
41.85 -1.10434 
41.86 -1.10444 
41.87 -1.10454 
41.88 -1.10464 
41.89 -1.10474 
41.9 -1.10484 
41.91 -1.10494 
41.92 -1.10503 
41.93 -1.10513 
41.94 -1.10523 
41.95 -1.10533 
41.96 -1.10543 
41.97 -1.10553 
41.98 -1.10563 
41.99 -1.10573 
42 -1.10583 
42.01 -1.10593 
42.02 -1.10603 
42.03 -1.10613 
42.04 -1.10623 
42.05 -1.10633 
42.06 -1.10643 
42.07 -1.10652 
42.08 -1.10662 
42.09 -1.10672 
42.1 -1.10682 
42.11 -1.10692 
42.12 -1.10702 
42.13 -1.10712 
42.14 -1.10722 
42.15 -1.10732 
42.16 -1.10741 
42.17 -1.10751 
42.18 -1.10761 
42.19 -1.10771 
42.2 -1.10781 
42.21 -1.10791 
42.22 -1.108 
42.23 -1.1081 
42.24 -1.1082 
42.25 -1.1083 
42.26 -1.1084 
42.27 -1.1085 
42.28 -1.10859 
42.29 -1.10869 
42.3 -1.10879 
42.31 -1.10889 
42.32 -1.10899 
42.33 -1.10908 
42.34 -1.10918 
42.35 -1.10928 
42.36 -1.10938 
42.37 -1.10947 
42.38 -1.10957 
42.39 -1.10967 
42.4 -1.10977 
42.41 -1.10986 
42.42 -1.10996 
42.43 -1.11006 
42.44 -1.11016 
42.45 -1.11025 
42.46 -1.11035 
42.47 -1.11045 
42.48 -1.11055 
42.49 -1.11064 
42.5 -1.11074 
42.51 -1.11084 
42.52 -1.11093 
42.53 -1.11103 
42.54 -1.11113 
42.55 -1.11122 
42.56 -1.11132 
42.57 -1.11142 
42.58 -1.11151 
42.59 -1.11161 
42.6 -1.11171 
42.61 -1.1118 
42.62 -1.1119 
42.63 -1.112 
42.64 -1.11209 
42.65 -1.11219 
42.66 -1.11229 
42.67 -1.11238 
42.68 -1.11248 
42.69 -1.11258 
42.7 -1.11267 
42.71 -1.11277 
42.72 -1.11286 
42.73 -1.11296 
42.74 -1.11306 
42.75 -1.11315 
42.76 -1.11325 
42.77 -1.11334 
42.78 -1.11344 
42.79 -1.11354 
42.8 -1.11363 
42.81 -1.11373 
42.82 -1.11382 
42.83 -1.11392 
42.84 -1.11401 
42.85 -1.11411 
42.86 -1.11421 
42.87 -1.1143 
42.88 -1.1144 
42.89 -1.11449 
42.9 -1.11459 
42.91 -1.11468 
42.92 -1.11478 
42.93 -1.11487 
42.94 -1.11497 
42.95 -1.11506 
42.96 -1.11516 
42.97 -1.11525 
42.98 -1.11535 
42.99 -1.11544 
43 -1.11554 
43.01 -1.11563 
43.02 -1.11573 
43.03 -1.11582 
43.04 -1.11592 
43.05 -1.11601 
43.06 -1.11611 
43.07 -1.1162 
43.08 -1.1163 
43.09 -1.11639 
43.1 -1.11648 
43.11 -1.11658 
43.12 -1.11667 
43.13 -1.11677 
43.14 -1.11686 
43.15 -1.11696 
43.16 -1.11705 
43.17 -1.11714 
43.18 -1.11724 
43.19 -1.11733 
43.2 -1.11743 
43.21 -1.11752 
43.22 -1.11762 
43.23 -1.11771 
43.24 -1.1178 
43.25 -1.1179 
43.26 -1.11799 
43.27 -1.11808 
43.28 -1.11818 
43.29 -1.11827 
43.3 -1.11837 
43.31 -1.11846 
43.32 -1.11855 
43.33 -1.11865 
43.34 -1.11874 
43.35 -1.11883 
43.36 -1.11893 
43.37 -1.11902 
43.38 -1.11911 
43.39 -1.11921 
43.4 -1.1193 
43.41 -1.11939 
43.42 -1.11949 
43.43 -1.11958 
43.44 -1.11967 
43.45 -1.11976 
43.46 -1.11986 
43.47 -1.11995 
43.48 -1.12004 
43.49 -1.12014 
43.5 -1.12023 
43.51 -1.12032 
43.52 -1.12041 
43.53 -1.12051 
43.54 -1.1206 
43.55 -1.12069 
43.56 -1.12078 
43.57 -1.12088 
43.58 -1.12097 
43.59 -1.12106 
43.6 -1.12115 
43.61 -1.12125 
43.62 -1.12134 
43.63 -1.12143 
43.64 -1.12152 
43.65 -1.12162 
43.66 -1.12171 
43.67 -1.1218 
43.68 -1.12189 
43.69 -1.12198 
43.7 -1.12208 
43.71 -1.12217 
43.72 -1.12226 
43.73 -1.12235 
43.74 -1.12244 
43.75 -1.12253 
43.76 -1.12263 
43.77 -1.12272 
43.78 -1.12281 
43.79 -1.1229 
43.8 -1.12299 
43.81 -1.12308 
43.82 -1.12317 
43.83 -1.12327 
43.84 -1.12336 
43.85 -1.12345 
43.86 -1.12354 
43.87 -1.12363 
43.88 -1.12372 
43.89 -1.12381 
43.9 -1.1239 
43.91 -1.124 
43.92 -1.12409 
43.93 -1.12418 
43.94 -1.12427 
43.95 -1.12436 
43.96 -1.12445 
43.97 -1.12454 
43.98 -1.12463 
43.99 -1.12472 
44 -1.12481 
44.01 -1.1249 
44.02 -1.12499 
44.03 -1.12509 
44.04 -1.12518 
44.05 -1.12527 
44.06 -1.12536 
44.07 -1.12545 
44.08 -1.12554 
44.09 -1.12563 
44.1 -1.12572 
44.11 -1.12581 
44.12 -1.1259 
44.13 -1.12599 
44.14 -1.12608 
44.15 -1.12617 
44.16 -1.12626 
44.17 -1.12635 
44.18 -1.12644 
44.19 -1.12653 
44.2 -1.12662 
44.21 -1.12671 
44.22 -1.1268 
44.23 -1.12689 
44.24 -1.12698 
44.25 -1.12707 
44.26 -1.12716 
44.27 -1.12725 
44.28 -1.12734 
44.29 -1.12742 
44.3 -1.12751 
44.31 -1.1276 
44.32 -1.12769 
44.33 -1.12778 
44.34 -1.12787 
44.35 -1.12796 
44.36 -1.12805 
44.37 -1.12814 
44.38 -1.12823 
44.39 -1.12832 
44.4 -1.12841 
44.41 -1.1285 
44.42 -1.12858 
44.43 -1.12867 
44.44 -1.12876 
44.45 -1.12885 
44.46 -1.12894 
44.47 -1.12903 
44.48 -1.12912 
44.49 -1.12921 
44.5 -1.12929 
44.51 -1.12938 
44.52 -1.12947 
44.53 -1.12956 
44.54 -1.12965 
44.55 -1.12974 
44.56 -1.12983 
44.57 -1.12991 
44.58 -1.13 
44.59 -1.13009 
44.6 -1.13018 
44.61 -1.13027 
44.62 -1.13036 
44.63 -1.13044 
44.64 -1.13053 
44.65 -1.13062 
44.66 -1.13071 
44.67 -1.1308 
44.68 -1.13088 
44.69 -1.13097 
44.7 -1.13106 
44.71 -1.13115 
44.72 -1.13123 
44.73 -1.13132 
44.74 -1.13141 
44.75 -1.1315 
44.76 -1.13159 
44.77 -1.13167 
44.78 -1.13176 
44.79 -1.13185 
44.8 -1.13193 
44.81 -1.13202 
44.82 -1.13211 
44.83 -1.1322 
44.84 -1.13228 
44.85 -1.13237 
44.86 -1.13246 
44.87 -1.13255 
44.88 -1.13263 
44.89 -1.13272 
44.9 -1.13281 
44.91 -1.13289 
44.92 -1.13298 
44.93 -1.13307 
44.94 -1.13315 
44.95 -1.13324 
44.96 -1.13333 
44.97 -1.13342 
44.98 -1.1335 
44.99 -1.13359 
45 -1.13368 
45.01 -1.13376 
45.02 -1.13385 
45.03 -1.13393 
45.04 -1.13402 
45.05 -1.13411 
45.06 -1.13419 
45.07 -1.13428 
45.08 -1.13437 
45.09 -1.13445 
45.1 -1.13454 
45.11 -1.13463 
45.12 -1.13471 
45.13 -1.1348 
45.14 -1.13488 
45.15 -1.13497 
45.16 -1.13506 
45.17 -1.13514 
45.18 -1.13523 
45.19 -1.13531 
45.2 -1.1354 
45.21 -1.13549 
45.22 -1.13557 
45.23 -1.13566 
45.24 -1.13574 
45.25 -1.13583 
45.26 -1.13591 
45.27 -1.136 
45.28 -1.13608 
45.29 -1.13617 
45.3 -1.13626 
45.31 -1.13634 
45.32 -1.13643 
45.33 -1.13651 
45.34 -1.1366 
45.35 -1.13668 
45.36 -1.13677 
45.37 -1.13685 
45.38 -1.13694 
45.39 -1.13702 
45.4 -1.13711 
45.41 -1.13719 
45.42 -1.13728 
45.43 -1.13736 
45.44 -1.13745 
45.45 -1.13753 
45.46 -1.13762 
45.47 -1.1377 
45.48 -1.13779 
45.49 -1.13787 
45.5 -1.13796 
45.51 -1.13804 
45.52 -1.13813 
45.53 -1.13821 
45.54 -1.1383 
45.55 -1.13838 
45.56 -1.13846 
45.57 -1.13855 
45.58 -1.13863 
45.59 -1.13872 
45.6 -1.1388 
45.61 -1.13889 
45.62 -1.13897 
45.63 -1.13905 
45.64 -1.13914 
45.65 -1.13922 
45.66 -1.13931 
45.67 -1.13939 
45.68 -1.13947 
45.69 -1.13956 
45.7 -1.13964 
45.71 -1.13973 
45.72 -1.13981 
45.73 -1.13989 
45.74 -1.13998 
45.75 -1.14006 
45.76 -1.14015 
45.77 -1.14023 
45.78 -1.14031 
45.79 -1.1404 
45.8 -1.14048 
45.81 -1.14056 
45.82 -1.14065 
45.83 -1.14073 
45.84 -1.14081 
45.85 -1.1409 
45.86 -1.14098 
45.87 -1.14106 
45.88 -1.14115 
45.89 -1.14123 
45.9 -1.14131 
45.91 -1.1414 
45.92 -1.14148 
45.93 -1.14156 
45.94 -1.14164 
45.95 -1.14173 
45.96 -1.14181 
45.97 -1.14189 
45.98 -1.14198 
45.99 -1.14206 
46 -1.14214 
46.01 -1.14222 
46.02 -1.14231 
46.03 -1.14239 
46.04 -1.14247 
46.05 -1.14256 
46.06 -1.14264 
46.07 -1.14272 
46.08 -1.1428 
46.09 -1.14289 
46.1 -1.14297 
46.11 -1.14305 
46.12 -1.14313 
46.13 -1.14321 
46.14 -1.1433 
46.15 -1.14338 
46.16 -1.14346 
46.17 -1.14354 
46.18 -1.14363 
46.19 -1.14371 
46.2 -1.14379 
46.21 -1.14387 
46.22 -1.14395 
46.23 -1.14404 
46.24 -1.14412 
46.25 -1.1442 
46.26 -1.14428 
46.27 -1.14436 
46.28 -1.14444 
46.29 -1.14453 
46.3 -1.14461 
46.31 -1.14469 
46.32 -1.14477 
46.33 -1.14485 
46.34 -1.14493 
46.35 -1.14502 
46.36 -1.1451 
46.37 -1.14518 
46.38 -1.14526 
46.39 -1.14534 
46.4 -1.14542 
46.41 -1.1455 
46.42 -1.14558 
46.43 -1.14567 
46.44 -1.14575 
46.45 -1.14583 
46.46 -1.14591 
46.47 -1.14599 
46.48 -1.14607 
46.49 -1.14615 
46.5 -1.14623 
46.51 -1.14631 
46.52 -1.14639 
46.53 -1.14648 
46.54 -1.14656 
46.55 -1.14664 
46.56 -1.14672 
46.57 -1.1468 
46.58 -1.14688 
46.59 -1.14696 
46.6 -1.14704 
46.61 -1.14712 
46.62 -1.1472 
46.63 -1.14728 
46.64 -1.14736 
46.65 -1.14744 
46.66 -1.14752 
46.67 -1.1476 
46.68 -1.14768 
46.69 -1.14776 
46.7 -1.14784 
46.71 -1.14792 
46.72 -1.148 
46.73 -1.14808 
46.74 -1.14816 
46.75 -1.14824 
46.76 -1.14832 
46.77 -1.1484 
46.78 -1.14848 
46.79 -1.14856 
46.8 -1.14864 
46.81 -1.14872 
46.82 -1.1488 
46.83 -1.14888 
46.84 -1.14896 
46.85 -1.14904 
46.86 -1.14912 
46.87 -1.1492 
46.88 -1.14928 
46.89 -1.14936 
46.9 -1.14944 
46.91 -1.14952 
46.92 -1.1496 
46.93 -1.14968 
46.94 -1.14976 
46.95 -1.14984 
46.96 -1.14992 
46.97 -1.14999 
46.98 -1.15007 
46.99 -1.15015 
47 -1.15023 
47.01 -1.15031 
47.02 -1.15039 
47.03 -1.15047 
47.04 -1.15055 
47.05 -1.15063 
47.06 -1.15071 
47.07 -1.15078 
47.08 -1.15086 
47.09 -1.15094 
47.1 -1.15102 
47.11 -1.1511 
47.12 -1.15118 
47.13 -1.15126 
47.14 -1.15134 
47.15 -1.15141 
47.16 -1.15149 
47.17 -1.15157 
47.18 -1.15165 
47.19 -1.15173 
47.2 -1.15181 
47.21 -1.15188 
47.22 -1.15196 
47.23 -1.15204 
47.24 -1.15212 
47.25 -1.1522 
47.26 -1.15228 
47.27 -1.15235 
47.28 -1.15243 
47.29 -1.15251 
47.3 -1.15259 
47.31 -1.15267 
47.32 -1.15274 
47.33 -1.15282 
47.34 -1.1529 
47.35 -1.15298 
47.36 -1.15305 
47.37 -1.15313 
47.38 -1.15321 
47.39 -1.15329 
47.4 -1.15337 
47.41 -1.15344 
47.42 -1.15352 
47.43 -1.1536 
47.44 -1.15368 
47.45 -1.15375 
47.46 -1.15383 
47.47 -1.15391 
47.48 -1.15399 
47.49 -1.15406 
47.5 -1.15414 
47.51 -1.15422 
47.52 -1.15429 
47.53 -1.15437 
47.54 -1.15445 
47.55 -1.15453 
47.56 -1.1546 
47.57 -1.15468 
47.58 -1.15476 
47.59 -1.15483 
47.6 -1.15491 
47.61 -1.15499 
47.62 -1.15507 
47.63 -1.15514 
47.64 -1.15522 
47.65 -1.1553 
47.66 -1.15537 
47.67 -1.15545 
47.68 -1.15553 
47.69 -1.1556 
47.7 -1.15568 
47.71 -1.15576 
47.72 -1.15583 
47.73 -1.15591 
47.74 -1.15599 
47.75 -1.15606 
47.76 -1.15614 
47.77 -1.15621 
47.78 -1.15629 
47.79 -1.15637 
47.8 -1.15644 
47.81 -1.15652 
47.82 -1.1566 
47.83 -1.15667 
47.84 -1.15675 
47.85 -1.15682 
47.86 -1.1569 
47.87 -1.15698 
47.88 -1.15705 
47.89 -1.15713 
47.9 -1.1572 
47.91 -1.15728 
47.92 -1.15736 
47.93 -1.15743 
47.94 -1.15751 
47.95 -1.15758 
47.96 -1.15766 
47.97 -1.15773 
47.98 -1.15781 
47.99 -1.15789 
48 -1.15796 
48.01 -1.15804 
48.02 -1.15811 
48.03 -1.15819 
48.04 -1.15826 
48.05 -1.15834 
48.06 -1.15841 
48.07 -1.15849 
48.08 -1.15856 
48.09 -1.15864 
48.1 -1.15871 
48.11 -1.15879 
48.12 -1.15886 
48.13 -1.15894 
48.14 -1.15902 
48.15 -1.15909 
48.16 -1.15917 
48.17 -1.15924 
48.18 -1.15932 
48.19 -1.15939 
48.2 -1.15946 
48.21 -1.15954 
48.22 -1.15961 
48.23 -1.15969 
48.24 -1.15976 
48.25 -1.15984 
48.26 -1.15991 
48.27 -1.15999 
48.28 -1.16006 
48.29 -1.16014 
48.3 -1.16021 
48.31 -1.16029 
48.32 -1.16036 
48.33 -1.16044 
48.34 -1.16051 
48.35 -1.16058 
48.36 -1.16066 
48.37 -1.16073 
48.38 -1.16081 
48.39 -1.16088 
48.4 -1.16096 
48.41 -1.16103 
48.42 -1.1611 
48.43 -1.16118 
48.44 -1.16125 
48.45 -1.16133 
48.46 -1.1614 
48.47 -1.16147 
48.48 -1.16155 
48.49 -1.16162 
48.5 -1.1617 
48.51 -1.16177 
48.52 -1.16184 
48.53 -1.16192 
48.54 -1.16199 
48.55 -1.16206 
48.56 -1.16214 
48.57 -1.16221 
48.58 -1.16229 
48.59 -1.16236 
48.6 -1.16243 
48.61 -1.16251 
48.62 -1.16258 
48.63 -1.16265 
48.64 -1.16273 
48.65 -1.1628 
48.66 -1.16287 
48.67 -1.16295 
48.68 -1.16302 
48.69 -1.16309 
48.7 -1.16317 
48.71 -1.16324 
48.72 -1.16331 
48.73 -1.16338 
48.74 -1.16346 
48.75 -1.16353 
48.76 -1.1636 
48.77 -1.16368 
48.78 -1.16375 
48.79 -1.16382 
48.8 -1.1639 
48.81 -1.16397 
48.82 -1.16404 
48.83 -1.16411 
48.84 -1.16419 
48.85 -1.16426 
48.86 -1.16433 
48.87 -1.1644 
48.88 -1.16448 
48.89 -1.16455 
48.9 -1.16462 
48.91 -1.16469 
48.92 -1.16477 
48.93 -1.16484 
48.94 -1.16491 
48.95 -1.16498 
48.96 -1.16506 
48.97 -1.16513 
48.98 -1.1652 
48.99 -1.16527 
49 -1.16535 
49.01 -1.16542 
49.02 -1.16549 
49.03 -1.16556 
49.04 -1.16563 
49.05 -1.16571 
49.06 -1.16578 
49.07 -1.16585 
49.08 -1.16592 
49.09 -1.16599 
49.1 -1.16607 
49.11 -1.16614 
49.12 -1.16621 
49.13 -1.16628 
49.14 -1.16635 
49.15 -1.16642 
49.16 -1.1665 
49.17 -1.16657 
49.18 -1.16664 
49.19 -1.16671 
49.2 -1.16678 
49.21 -1.16685 
49.22 -1.16693 
49.23 -1.167 
49.24 -1.16707 
49.25 -1.16714 
49.26 -1.16721 
49.27 -1.16728 
49.28 -1.16735 
49.29 -1.16743 
49.3 -1.1675 
49.31 -1.16757 
49.32 -1.16764 
49.33 -1.16771 
49.34 -1.16778 
49.35 -1.16785 
49.36 -1.16792 
49.37 -1.16799 
49.38 -1.16806 
49.39 -1.16814 
49.4 -1.16821 
49.41 -1.16828 
49.42 -1.16835 
49.43 -1.16842 
49.44 -1.16849 
49.45 -1.16856 
49.46 -1.16863 
49.47 -1.1687 
49.48 -1.16877 
49.49 -1.16884 
49.5 -1.16891 
49.51 -1.16898 
49.52 -1.16905 
49.53 -1.16913 
49.54 -1.1692 
49.55 -1.16927 
49.56 -1.16934 
49.57 -1.16941 
49.58 -1.16948 
49.59 -1.16955 
49.6 -1.16962 
49.61 -1.16969 
49.62 -1.16976 
49.63 -1.16983 
49.64 -1.1699 
49.65 -1.16997 
49.66 -1.17004 
49.67 -1.17011 
49.68 -1.17018 
49.69 -1.17025 
49.7 -1.17032 
49.71 -1.17039 
49.72 -1.17046 
49.73 -1.17053 
49.74 -1.1706 
49.75 -1.17067 
49.76 -1.17074 
49.77 -1.17081 
49.78 -1.17088 
49.79 -1.17095 
49.8 -1.17102 
49.81 -1.17109 
49.82 -1.17116 
49.83 -1.17122 
49.84 -1.17129 
49.85 -1.17136 
49.86 -1.17143 
49.87 -1.1715 
49.88 -1.17157 
49.89 -1.17164 
49.9 -1.17171 
49.91 -1.17178 
49.92 -1.17185 
49.93 -1.17192 
49.94 -1.17199 
49.95 -1.17206 
49.96 -1.17213 
49.97 -1.17219 
49.98 -1.17226 
49.99 -1.17233 
50 -1.1724 
